Model: ensemble_run0_brcd749
Simulation: 1932686313_0
(SimID_1932686313_0 (PDE Simulation)) 
Sim time range (0.0 50.0) (saved timepoints 101) 
Number of variables 42 
Variable names ['BUB1a', 'BUB1a_pknl1', 'CPCa', 'CPCi', 'H2A', 'H3', 'H3_CPCa', 'H3_CPCi', 'H3S10rep', 'HASPINa', 'HASPINi', 'I', 'KNL1', 'NDC80', 'NDC80_TTKa', 'NDC80_TTKi', 'NDC80_pTTKa', 'NDC80_pTTKi', 'pH2A', 'pH2A_SGO1', 'pH2A_SGO1_CPCa', 'pH2A_SGO1_CPCi', 'pH3', 'pH3_CPCa', 'pH3_CPCi', 'pH3S10rep', 'pKNL1', 'pKNL1_bub1a', 'PLK1a', 'PLK1i', 'pTTKa', 'pTTKi', 'pNDC80', 'pNDC80_TTKa', 'pNDC80_TTKi', 'pNDC80_pTTKa', 'pNDC80_pTTKi', 'SGO1', 'SGO1_CPCi', 'SGO1_CPCa', 'TTKa', 'TTKi'] 
 
2D Slice for variable SGO1_CPCi at time 35.0 in plane XY at Z = 0 
 
X in rows, Y in columns 
0.34878809234132513,0.3487878937546754,0.34878729906116207,0.3487863110850745,0.3487849346313159,0.34878317678187576,0.34878104650996994,0.34877855575108163,0.34877571910972155,0.3487725542491833,0.3487690827281055,0.3487653305813592,0.3487613288564797,0.34875711450444735,0.3487527314095759,0.34874823148135536,0.3487436757558221,0.3487391353937569,0.3487346924112481,0.34873043988496844,0.34872648124223926,0.34872292811828154,0.3487198961793531,0.34871749834677246,0.3487158351873994,0.348714983144915,0.3487149831489912,0.34871583519602756,0.34871749835591537,0.34871989619646293,0.34872292816462414,0.3487264813452041,0.3487304400639469,0.3487346926607831,0.3487391356769062,0.34874367602426715,0.3487482317137925,0.3487527316284013,0.34875711474842613,0.34876132913675645,0.3487653308587237,0.34876908292268854,0.34877255430034193,0.3487757190688937,0.34877855567151966,0.34878104628737755,0.3487831763308034,0.3487849340727164,0.34878631032172297,0.34878729815365306,0.3487878927413677,0.34878809127539323
0.3487873186123316,0.34878711991687256,0.34878652495910734,0.3487855365855148,0.348784159718765,0.34878240117269166,0.3487802702666982,0.3487777787643634,0.34877494116252583,0.34877177526409125,0.34876830271806897,0.3487645494936729,0.34876054659607897,0.34875633099393216,0.3487519466219896,0.3487474454348776,0.34874288848859974,0.348738346950132,0.34873390284571576,0.34872964927075406,0.3487256896780022,0.34872213573304073,0.34871910312954807,0.34871670480167777,0.3487150413133638,0.34871418910208246,0.3487141891010733,0.3487150413193734,0.34871670483734885,0.34871910321824834,0.348722135886029,0.34872568989247404,0.3487296495363038,0.34873390314327996,0.3487383472441836,0.3487428887350646,0.3487474456093541,0.3487519467385714,0.348756331093233,0.34876054671918677,0.3487645496600502,0.3487683029026163,0.3487717753961897,0.34877494119578567,0.348777778731631,0.3487802701786953,0.34878240094387214,0.3487841592884098,0.3487855360215502,0.3487865242222982,0.34878711904541504,0.34878731764717463
0.34878499736490554,0.34878479842295274,0.34878420279889444,0.34878321337900553,0.34878183504311705,0.34878007471036315,0.34877794166432413,0.34877544767285307,0.34877260728851767,0.348769438368421,0.34876596256930276,0.34876220586939244,0.3487581993349621,0.34875398000650415,0.34874959187855425,0.348745086956015,0.3487405263432312,0.3487359812611491,0.34873153379843375,0.34872727711609824,0.3487233147277124,0.34871975835268487,0.34871672373356416,0.34871432384878337,0.348712659299617,0.34871180655221656,0.3487118065572183,0.3487126593260115,0.34871432392430063,0.3487167238854244,0.34871975858846527,0.3487233150278744,0.34872727744509,0.3487315341210667,0.3487359815456996,0.3487405265585017,0.3487450870824486,0.34874959192623084,0.34875398001275176,0.34875819934258784,0.3487622059098816,0.3487659626526144,0.34876943847038006,0.3487726073645131,0.34877544772123664,0.34877794169038323,0.3487800746543024,0.34878183484182196,0.34878321303765686,0.34878420228464885,0.34878479772985393,0.3487849965296095
0.34878112818972945,0.34878092888633755,0.348780332160461,0.34877934102179275,0.3487779602340373,0.34877619685922456,0.34877406020778406,0.348771562031574,0.34876871693553313,0.3487655428683676,0.3487620615316842,0.3487582989766936,0.34875428635605027,0.3487500607864596,0.3487456663449791,0.3487411551351971,0.34873658836625965,0.3487320373604909,0.34872758430236367,0.34872332244233306,0.3487193553783812,0.34871579491460936,0.3487127568840675,0.34871035435712683,0.3487086880141627,0.3487078343741754,0.34870783440816805,0.34870868811515704,0.34871035452172305,0.34871275710796285,0.3487157951931622,0.3487193556987147,0.34872332277637363,0.3487275846153281,0.34873203762378147,0.3487365885564879,0.3487411552324348,0.3487456663473057,0.3487500607225025,0.34875428627161453,0.34875829890900784,0.3487620615020583,0.3487655428850888,0.34876871698443623,0.3487715621049415,0.34877406033393565,0.34877619700667756,0.348777960285232,0.34877934088991097,0.34878033187994323,0.34878092838500185,0.34878112752082424
0.3487757104383581,0.3487755105545744,0.3487749123941882,0.3487739187326601,0.3487725345383278,0.3487707668992697,0.3487686250925981,0.3487661209012646,0.3487632690942617,0.34876008772446987,0.34875659854848967,0.3487528277017257,0.34874880644308226,0.3487445720113579,0.34874016862080465,0.34873564852224936,0.3487310730679011,0.3487265137076563,0.3487220527420698,0.3487177835415301,0.34871380983640793,0.34871024357097324,0.3487072007152276,0.34870479446264185,0.34870312559191563,0.3487022706876996,0.34870227075120264,0.3487031257735186,0.34870479473279736,0.3487072010298426,0.3487102438937906,0.3487138101499784,0.34871778383560054,0.34872205300557413,0.3487265139318584,0.34873107323933866,0.3487356486119257,0.348740168601628,0.348744571891706,0.34874880626913346,0.3487528275265511,0.3487565984169454,0.34876008767636835,0.3487632691381114,0.3487661210038928,0.3487686252571619,0.3487707671429901,0.3487725347663731,0.3487739188079787,0.34877491227472596,0.3487755102992909,0.34877570993813733
0.34876874306215805,0.34876854258374157,0.3487679424665368,0.34876694558671334,0.34876555696353423,0.3487637836770589,0.3487616350427155,0.34875912299863043,0.3487562624652313,0.34875307155297725,0.3487495721055913,0.34874579039273934,0.3487417578341897,0.34873751184209945,0.3487330968038887,0.3487285651398361,0.3487239783670056,0.3487194080944353,0.34871493678395227,0.3487106579810028,0.34870667560421115,0.3487031017835292,0.34870005265804577,0.3486976415674366,0.34869596940779884,0.34869511284519006,0.3486951129230418,0.34869596963416494,0.34869764190922475,0.3487000530501864,0.3487031021566132,0.3487066759175223,0.34871065822559133,0.34871493696926165,0.3487194082373828,0.3487239784730322,0.34872856518427614,0.3487330967483249,0.34873751167956,0.3487417576052321,0.3487457901575988,0.34874957192624856,0.34875307149621876,0.3487562625653271,0.34875912319853236,0.34876163525851966,0.348763783928123,0.34876555723226793,0.3487669457562339,0.3487679424813921,0.34876854248354755,0.3487687427909825
0.34876022497886255,0.348760023753049,0.3487594211940017,0.3487584203167514,0.3487570261156355,0.34875524573297334,0.34875308859586235,0.34875056681033045,0.3487476953773224,0.34874449250589606,0.34874098021031924,0.34873718494937445,0.3487331383380563,0.3487288779858341,0.3487244484705512,0.34871990240405015,0.3487153015078101,0.34871071760820777,0.34870623339298773,0.3487019426394717,0.34869794949580213,0.3486943663067045,0.3486913094047961,0.3486888923031164,0.3486872160466355,0.34868635740890636,0.3486863574870808,0.3486872162762262,0.3486888926577885,0.3486913098245521,0.34869436671375215,0.3486979498265252,0.34870194286323675,0.34870623351230673,0.3487107176487001,0.34871530149501095,0.34871990233828754,0.34872444833432537,0.3487288777819191,0.34873313810693063,0.348737184745755,0.34874098008295207,0.3487444924987961,0.3487476955146071,0.3487505670582286,0.34875308886910567,0.3487552459930934,0.3487570263664436,0.3487584205007944,0.3487594212935327,0.3487600237403122,0.34876022486450375
0.3487501548133965,0.34874995256627456,0.3487493470724483,0.3487483413333027,0.34874694038732423,0.34874515141976004,0.34874298401547954,0.348740450419199,0.3487375657317799,0.34873434835347267,0.34873082052192594,0.3487270089048675,0.34872294532793313,0.34871866762195614,0.3487142205924101,0.34870965708982954,0.3487050390941149,0.34870043870715156,0.3486959388994904,0.34869163372835227,0.34868762760981065,0.3486840331355453,0.3486809668604852,0.34867854250141395,0.3486768612869104,0.3486760001317057,0.3486760002038504,0.34867686149481053,0.3486785428204348,0.3486809672493467,0.3486840335353857,0.34868762795230684,0.34869163395587544,0.3486959389866761,0.3487004386673624,0.34870503896354793,0.34870965690141864,0.3487142203690064,0.34871866739370594,0.34872294513872554,0.3487270087903447,0.3487308204928031,0.34873434840956985,0.3487375658759558,0.3487404506396828,0.3487429842649654,0.3487451516438186,0.34874694058579925,0.3487483415377779,0.3487493472555822,0.34874995266240083,0.34875015476863336
0.348738530795047,0.3487383273650953,0.3487377184029013,0.3487367069043488,0.34873529793487706,0.3487334987662245,0.34873131918041816,0.3487287715450812,0.3487258711290453,0.3487226365740919,0.34871909035191107,0.34871525935624736,0.3487111756583236,0.3487068773602346,0.3487024095535356,0.3486978253839449,0.34869318713975644,0.3486885672452051,0.3486840489979981,0.34867972677733294,0.34867570531075354,0.3486720974838762,0.3486690201199453,0.3486665871760664,0.348664900093428,0.34866403595450685,0.34866403601674667,0.3486649002662206,0.34866658743155704,0.34866902043267445,0.3486720978205982,0.34867570561601763,0.34867972698679817,0.34868404906920086,0.3486885671760298,0.34869318696336815,0.3486978251499632,0.34870240931052976,0.3487068771491662,0.3487111755121459,0.348715259297943,0.3487190903871127,0.34872263667715153,0.3487258712634001,0.3487287717035665,0.3487313193501763,0.3487334989023586,0.3487352980470005,0.34873670708500437,0.34873771864322195,0.34873832758281825,0.3487385308738463
0.34872535109616404,0.3487251463708694,0.34872453333558057,0.34872351505336513,0.3487220966318683,0.3487202855320379,0.3487180917082473,0.3487155276646579,0.34871260889288086,0.3487093542865049,0.3487057865677293,0.34870193290268126,0.34869782566646207,0.3486935032914036,0.348689011212079,0.348684402921271,0.3486797410628221,0.3486750984286858,0.3486705586879357,0.34866621658499847,0.3486621772058034,0.34865855378625593,0.34865546347786847,0.3486530205257546,0.3486513266097433,0.3486504589935412,0.348650459036597,0.3486513267265352,0.34865302069414117,0.3486554636829053,0.34865855400895496,0.3486621774080207,0.348666216721888,0.348670558732077,0.3486750983786619,0.34867974093799925,0.34868440275382473,0.34868901103568073,0.3486935031340971,0.3486978255556733,0.3487019328625775,0.34870578659973106,0.34870935437165784,0.348712608996187,0.34871552775509046,0.3487180917887441,0.34872028560014706,0.3487220966947808,0.34872351517255534,0.34872453354799454,0.3487251466178326,0.34872535130433574
0.3487106138409717,0.3487104075732202,0.3487097897785321,0.3487087635740078,0.34870733420003486,0.3487055093245958,0.3487032990282624,0.3487007160076117,0.3486977760127621,0.3486944982027824,0.34869090559472016,0.34868702569113247,0.3486828912319808,0.3486785410317515,0.3486740209163459,0.3486693847740056,0.34866469565470465,0.3486600267721478,0.3486554622228094,0.34865109717048487,0.34864703711005984,0.348643395680407,0.348640290419498,0.3486378359151968,0.3486361341221108,0.34863526249979016,0.34863526251575244,0.3486361341649159,0.34863783597750236,0.34864029049803646,0.34864339576673953,0.3486470371853669,0.3486510972186657,0.3486554622408319,0.3486600267612154,0.34866469561389085,0.34866938471009024,0.34867402085018745,0.34867854098122814,0.34868289119221185,0.3486870256551922,0.348690905581384,0.3486944982165746,0.3486977760316847,0.3487007160019447,0.34870329900924957,0.34870550934811073,0.348707334276535,0.34870876368036396,0.34870978994133617,0.34871040777331536,0.3487106140580833
0.348694316880466,0.3486941087805145,0.34869348548386436,0.34869245016112965,0.34869100825491534,0.34868916757290724,0.34868693834118325,0.3486843335207449,0.3486813691468059,0.3486780646791997,0.34867444348950893,0.3486705334790374,0.34866636780535765,0.348661985712239,0.3486574334662077,0.3486527654065778,0.3486480450485428,0.34864334608802017,0.34863875311276904,0.34863436177073537,0.34863027802556323,0.3486266159707392,0.3486234935812845,0.3486210258416298,0.34861931502877974,0.34861843882643495,0.3486184388175095,0.34861931500137705,0.3486210257988718,0.348623493534768,0.34862661593321864,0.3486302780023852,0.3486343617618308,0.34863875311523684,0.3486433460945541,0.34864804505511526,0.34865276542616574,0.34865743351580586,0.3486619857803965,0.3486663678589633,0.3486705334913408,0.34867444345304666,0.3486780646110401,0.3486813690435327,0.34868433338440574,0.3486869382052624,0.3486891675288629,0.3486910083355016,0.34869245029937695,0.3486934856372297,0.3486941089515875,0.3486943170660959
0.34867645793888186,0.3486762477470448,0.3486756181502117,0.3486745724443188,0.3486731162542249,0.3486712574934691,0.34866900661540384,0.348666376894651,0.3486633846794212,0.3486600497817239,0.34865639598807774,0.3486524516518441,0.34864825039706254,0.34864383194870663,0.3486392430758562,0.34863453863979205,0.3486297826906613,0.34862504946979817,0.34862042411760136,0.34861600283373173,0.34861189212071936,0.3486082065900532,0.3486050647070142,0.348602581901532,0.34860086082059166,0.3485999794102215,0.3485999793867556,0.34860086074848223,0.34860258178437364,0.34860506456584145,0.3486082064580095,0.34861189202358017,0.3486160027780706,0.3486204240978063,0.34862504948195344,0.3486297827371549,0.348634538723255,0.3486392431959622,0.34864383209752403,0.3486482505363119,0.34865245173252196,0.3486563959774517,0.3486600496618899,0.34866338447347556,0.3486663766425727,0.34866900638531817,0.3486712573674149,0.3486731162771492,0.34867457257331297,0.34867561829593574,0.34867624790871177,0.3486764581393614
0.34865703476479604,0.34865682219849436,0.3486561854415413,0.3486551279620001,0.3486536555043163,0.3486517761469603,0.3486495006489061,0.34864684262138423,0.34864381876447337,0.34864044930269156,0.3486367584940981,0.34863277519538244,0.3486285335512321,0.3486240738299736,0.34861944337644957,0.34861469765529884,0.3486099013319873,0.34860512926377857,0.34860046720749227,0.34859601198082796,0.34859187069928144,0.34858815856786807,0.3485849946075532,0.34858249474445824,0.3485807620378363,0.34857987473315805,0.3485798747043771,0.34858076194817,0.34858249459272295,0.3485849944099201,0.3485881583604254,0.3485918705232255,0.34859601186617717,0.34860046716729276,0.3486051292947806,0.34860990141985115,0.3486146977882011,0.34861944354577606,0.34862407401488743,0.34862853372784103,0.34863277532057896,0.34863675851100706,0.3486404491727952,0.34864381851165466,0.34864684232005383,0.3486495003911503,0.3486517759765525,0.3486536554429246,0.3486551280112968,0.34865618553473016,0.3486568223203456,0.34865703498001577
0.34863604511554336,0.3486358298316656,0.34863518498597446,0.34863411416855494,0.34863262323467087,0.3486307205240543,0.3486284171359319,0.34862572703874717,0.3486226673426347,0.348619258751534,0.3486155260534432,0.3486114986667539,0.34860721132251693,0.3486027049052573,0.3485980274134756,0.34859323499783484,0.34858839302382033,0.3485835770484318,0.3485788735237274,0.3485743799590776,0.34857020415694145,0.3485664619930792,0.3485632731183001,0.3485607540164099,0.34855900820265284,0.3485581142519012,0.34855811421457195,0.34855900809062845,0.34856075383178153,0.3485632728741691,0.34856646172437766,0.3485702039179975,0.3485743797999317,0.3485788734654851,0.3485835770843883,0.3485883931383033,0.34859323516976987,0.3485980276155994,0.34860270511252217,0.3486072115063936,0.3486114987990667,0.34861552607988966,0.3486192586385616,0.348622667098393,0.3486257267521694,0.34862841689981905,0.34863072034987724,0.3486326231104424,0.3486341141197529,0.34863518500518315,0.34863582990003433,0.34863604530138054
0.3486134867458655,0.3486132683725706,0.3486126144088582,0.348611528495792,0.34861001666581876,0.3486080875792374,0.348605752681324,0.34860302633857365,0.3485999261464072,0.3485964733606536,0.3485926933633974,0.3485886162030971,0.34858427727565855,0.34857971816694466,0.34857498761450434,0.34857014253753626,0.34856524908629993,0.34856038360883673,0.34855563334777023,0.34855109659533406,0.34854688192265204,0.3485431059519243,0.348539889037832,0.3485373482901232,0.34853558773310367,0.3485346863029073,0.34853468624310424,0.34853558756550446,0.348537348041901,0.34853988874034614,0.3485431056431871,0.34854688165115333,0.348551096408015,0.3485556332700956,0.34856038363647135,0.3485652491970175,0.3485701427119831,0.34857498782996554,0.3485797183899526,0.34858427747171306,0.3485886163328096,0.3485926934043674,0.34859647328511834,0.34859992595604095,0.34860302610637617,0.3486057524742696,0.3486080873990265,0.3486100164979835,0.3486115283748857,0.348612614375066,0.3486132684257145,0.34861348690412514
0.34858935749006376,0.34858913565522315,0.34858847140263816,0.34858736843471466,0.34858583304305457,0.3485838742238865,0.3485815037856791,0.3485787365579534,0.34857559070198874,0.3485720880980466,0.3485682547924401,0.348564121541564,0.34855972449651634,0.34855510604328815,0.3485503157568714,0.34854541141763906,0.34854046004913547,0.3485355388827468,0.3485307360531399,0.3485261507416258,0.34852189238685477,0.34851807844069116,0.34851483003387296,0.3485122649716717,0.3485104878524054,0.3485095780225695,0.3485095779426936,0.3485104876348821,0.348512264665512,0.3485148296865759,0.34851807809271196,0.34852189208322726,0.3485261505282628,0.34853073595305123,0.34853553888731986,0.3485404601369843,0.3485454115700627,0.3485503159617931,0.3485551062700157,0.3485597246948485,0.34856412167671125,0.348568254858178,0.3485720880762883,0.3485755906025286,0.34857873641541226,0.348581503618643,0.3485838740328243,0.348585832842284,0.34858736827044823,0.3485884713360187,0.3485891357207181,0.34858935766321514
0.3485636553606967,0.3485634296587687,0.34856275378598933,0.3485616315878935,0.34856006966019437,0.348558077345378,0.34855566686674605,0.3485528535963581,0.3485496563367164,0.3485460976641829,0.3485422043678292,0.34853800800285406,0.3485335455772222,0.34852886038522896,0.3485240029485195,0.3485190320161645,0.3485140155887681,0.3485090318810033,0.3485041700224805,0.3484995301943601,0.34849522281485457,0.3484913662656777,0.34848808253798863,0.348485490208618,0.3484836945216618,0.3484827752907494,0.34848277521613563,0.3484836943128058,0.348485489900527,0.3484880821717756,0.3484913658873134,0.34849522247533204,0.3484995299377918,0.34850416987281463,0.3485090318388168,0.34851401564154,0.3485190321499795,0.3485240031371698,0.34852886058926835,0.34853354575066275,0.34853800813456837,0.3485422044503821,0.3485460977007477,0.34854965634666774,0.34855285357191107,0.3485556667761824,0.34855807718164994,0.3485600694648084,0.3485616314171172,0.34856275369735595,0.3485634297143766,0.348563655551607
0.34853637857794006,0.34853614851708753,0.34853545953324416,0.3485343156878441,0.3485327238897519,0.34853069386057695,0.34852823831735746,0.3485253732568225,0.34852211819525936,0.3485184964831668,0.34851453574637353,0.3485102684467977,0.34850573256468326,0.34850097241641725,0.3484960395828443,0.3484909938989435,0.348485904464836,0.348480850599041,0.3484759225403603,0.3484712215837839,0.3484668592450516,0.348462954952968,0.3484596316645382,0.3484570088140341,0.3484551923569582,0.3484542626192176,0.3484542625634732,0.3484551921951529,0.3484570085604388,0.34845963134187574,0.3484629545963403,0.34846685889808804,0.34847122128410374,0.34847592231411156,0.3484808504724438,0.34848590445825023,0.34849099400130723,0.34849603974390103,0.34850097257381957,0.34850573269768037,0.3485102685588982,0.348514535837806,0.34851849657951495,0.348522118309494,0.34852537334840394,0.34852823832589397,0.3485306937733988,0.3485327237604435,0.348534315570688,0.3485354594596027,0.348536148543844,0.3485363787410457
0.3485075255644709,0.3485072905587194,0.3485065868095764,0.34850541861818607,0.3485037932133147,0.34850172075345964,0.3484992145369993,0.3484962912651527,0.3484929712467572,0.3484892787002872,0.3484852421997842,0.34848089523929415,0.3484762769011228,0.3484714326489831,0.3484664152419272,0.3484612857234873,0.34845611442787977,0.34845098191961066,0.34844597968500485,0.34844121026158514,0.34843678638655295,0.34843282865849284,0.3484294611145656,0.3484268041398003,0.3484249644676397,0.3484240229828312,0.3484240229421781,0.3484249643524151,0.3484268039620507,0.34842946088315047,0.34843282838487255,0.3484367860884916,0.348441209957715,0.3484459794007163,0.3484509816999728,0.34845611432523305,0.34846128574434065,0.34846641533066713,0.34847143274474157,0.34847627699226685,0.3484808953265718,0.3484852423046909,0.34848927885820125,0.3484929714494554,0.3484962914496822,0.3484992146373918,0.3485017207633013,0.3485037931920016,0.34850541860991885,0.34850658680959273,0.3485072905842122,0.34850752566824106
0.3484770949817808,0.3484768543824966,0.3484761340295182,0.3484749384602456,0.34847327525390925,0.3484711550846332,0.34846859192017676,0.34846560324739423,0.3484622102604175,0.3484584381579926,0.34845431658962533,0.34844988021757295,0.34844516936815323,0.34844023079577013,0.3484351185777775,0.34842989510439776,0.34842463208919944,0.34841941149853695,0.3484143262242132,0.3484094801930841,0.3484049874956537,0.34840097002159465,0.3483975530041587,0.3483948578865033,0.3483929922696112,0.3483920376576006,0.34839203763095583,0.34839299220013886,0.3483948577892581,0.3483975528769228,0.3484009698510444,0.34840498727654745,0.34840947993169585,0.34841432593856064,0.3484194112297093,0.34842463189006306,0.34842989500116534,0.34843511854855663,0.3484402308118236,0.34844516940472425,0.34844988026947765,0.34845431669757876,0.3484584383588202,0.34846221053088877,0.34846560351302736,0.3484685921160933,0.34847115520910127,0.3484732753609399,0.3484749385798656,0.3484761341322596,0.34847685444215154,0.34847709502962104
0.3484450858038619,0.34844483891681866,0.3484440999039152,0.34844287353995296,0.34844116781309376,0.34843899400610745,0.3484363668474684,0.34843330470158734,0.3484298297588528,0.3484259683309166,0.3484217512861908,0.348417214600889,0.3484123999957283,0.3484073556758769,0.3484021372050825,0.34839680848885923,0.3483914427852703,0.3483861236271801,0.34838094547420156,0.34837601379818794,0.34837144418662713,0.34836735995372375,0.34836388765524645,0.34836114991488426,0.3483592553091767,0.3483582860369381,0.3483582860328968,0.3483592553019445,0.3483611499057421,0.34836388762493126,0.3483673598723749,0.34837144403913145,0.3483760135932349,0.3483809452320093,0.3483861233705477,0.34839144253900184,0.3483968082779706,0.3484021370541888,0.3484073555900945,0.3484123999481686,0.34841721459317554,0.34842175136452636,0.34842596853183083,0.34842983006329065,0.3484333050426454,0.3484363671637016,0.3484389942822285,0.3484411680696283,0.348442873780564,0.34844410009415827,0.34844483901382045,0.3484450858067008
0.3484114973747316,0.34841124343963087,0.3484104834498648,0.34840922244164074,0.3484074688872992,0.3484052347736353,0.34840253568772067,0.3483993909812698,0.3483958239742922,0.3483918622467138,0.3483875380523732,0.34838288884785834,0.3483779579130145,0.34837279507757873,0.3483674575794254,0.34836201103366704,0.34835653043254133,0.34835110105293504,0.3483458190894295,0.3483407917208547,0.34833613619419407,0.34833197740476574,0.34832844337503327,0.34832565803820137,0.3483237310597782,0.3483227454182381,0.3483227454412761,0.34832373111934645,0.348325658108936,0.34832844342284064,0.3483319773963246,0.3483361361121971,0.34834079157493486,0.3483458189050988,0.34835110084192605,0.348356530189526,0.3483620107689189,0.3483674573355658,0.34837279487984313,0.34837795776536207,0.34838288877366763,0.34838753808805095,0.3483918624164752,0.34839582427038873,0.3483993913657283,0.34840253611663574,0.3484052352105514,0.3484074692975135,0.3484092227879611,0.3484104837028857,0.3484112435665177,0.34841149734929266
0.34837632943481533,0.34837606758935546,0.3483752839944331,0.3483739840005917,0.34837217664698905,0.3483698747151849,0.34836709475727745,0.3483638572450232,0.34836018678558384,0.3483561124061045,0.3483516679394062,0.34834689251967427,0.3483418311811253,0.34833653557231925,0.3483310648044963,0.34832548640770333,0.34831987731393343,0.3483143247414363,0.3483089268045293,0.34830379256787897,0.3482990411174781,0.34829479910903177,0.3482911961957454,0.3482883577571509,0.34828639465750244,0.34828539074118925,0.34828539078068654,0.34828639475354234,0.348288357866111,0.34829119628583244,0.348294799160184,0.3482990411115242,0.3483037925000696,0.3483089266877452,0.34831432458016337,0.3483198770928307,0.34832548612880604,0.3483310644998529,0.3483365352820004,0.3483418309563886,0.3483468924061567,0.34835166795363076,0.34835611254468796,0.3483601870436429,0.3483638576202267,0.3483670952378109,0.3483698752559068,0.3483721771650738,0.3483739844183805,0.3483752842878107,0.3483760677459952,0.34837632941265606
0.3483395821298683,0.3483393113844074,0.34833850119721266,0.3483371573066278,0.3483352894058955,0.34833291116494963,0.34833004022577135,0.3483266983414652,0.3483229115929331,0.3483187106576056,0.34831413116286647,0.3483092141462452,0.34830400662641314,0.3482985622984581,0.3482929423683939,0.3482872164981338,0.34828146377480146,0.3482757735723942,0.348270246135055,0.34826499261464805,0.34826013413127904,0.3482557992936427,0.34825211956777335,0.348249221932043,0.3482472185649544,0.3482461942631412,0.34824619430059195,0.3482472186529258,0.3482492220288052,0.34825211965763075,0.3482557993778791,0.34826013419690194,0.34826499263799515,0.34827024609978124,0.34827577346586774,0.3482814635849506,0.34828721622781433,0.34829294204005257,0.34829856196881026,0.34830400637523806,0.34830921402417137,0.3483141311686196,0.34831871076851817,0.34832291180563363,0.3483266986768718,0.3483300406962897,0.3483329117269473,0.34833528995220037,0.3483371577354548,0.34833850148905704,0.3483393115491409,0.34833958212730864
0.348301256005132,0.3483009752280345,0.3483001350591542,0.34829874170124364,0.3482968055930101,0.3482943414038383,0.3482913680210062,0.34828790867653797,0.34828399114836955,0.3482796479984537,0.34827491688759266,0.34826984100324015,0.34826446960532764,0.34825885869779905,0.3482530718392452,0.3482471810685446,0.34824126786059745,0.3482354239742816,0.348229752014432,0.34822436544361385,0.34821938762456717,0.3482149493183608,0.34821118399774525,0.34820822041352617,0.3482061721926342,0.34820512517677954,0.3482051251987467,0.34820617224352624,0.34820822047072525,0.34821118406090246,0.34821494940043773,0.3482193877236691,0.3482243655346164,0.34822975206014506,0.34823542393951645,0.3482412677269036,0.34824718083524625,0.34825307153446905,0.34825885839338727,0.34826446937836236,0.3482698408878891,0.3482749168752552,0.3482796480751383,0.3482839913226242,0.34828790897322914,0.34829136845101777,0.3482943419227711,0.34829680609227015,0.3482987420766563,0.34830013529478143,0.3483009753518193,0.34830125599836864
0.348261351987861,0.3482610598860868,0.3482601858854101,0.3482587367252752,0.3482567236885831,0.348254162584021,0.3482510737356976,0.3482474820897884,0.3482434173835861,0.34823891433871423,0.3482340129275046,0.3482287587657312,0.3482232036371971,0.34821740614401636,0.3482114324891554,0.34820535737004,0.3481992649111725,0.34819324950493913,0.348187416362717,0.3481818814992604,0.348176770745803,0.3481722172239273,0.34816835661170803,0.3481653196199375,0.3481632214807134,0.348162149187538,0.3481621491876537,0.34816322148263856,0.348165319629831,0.3481683566405787,0.34817221728336895,0.3481767708405159,0.34818188161662117,0.3481874164668042,0.3481932495492695,0.34819926485745273,0.3482053572032334,0.3482114322475018,0.3482174059088636,0.3482232034708836,0.3482287586795999,0.34823401290981093,0.3482389143929489,0.3482434175300748,0.34824748234352143,0.34825107409055023,0.3482541629971817,0.3482567240740021,0.34825873699974297,0.3482601860349895,0.3482610599397479,0.34826135194837193
0.348219871365036,0.3482195664570825,0.348218654228177,0.3482171420292007,0.34821504210744975,0.34821237158853585,0.3482091524649507,0.34820541166755553,0.34820118119051674,0.3481964982330286,0.34819140541025223,0.3481859511001974,0.3481801899388446,0.34817418344842777,0.3481680007943851,0.34816171964267206,0.34815542706018404,0.3481492203444508,0.3481432075725944,0.3481375075665371,0.3481322488720941,0.34812756719682214,0.3481236006284744,0.34812048202928186,0.3481183284061553,0.3481172280254406,0.3481172280046856,0.34811832835934964,0.3481204819891026,0.34812360062120257,0.3481275672342351,0.348132248955878,0.34813750768693397,0.34814320770366747,0.34814922044653057,0.34815542708366165,0.34816171956005976,0.3481680006426197,0.34817418330581956,0.34818018985740523,0.3481859510785439,0.34819140542962707,0.3481964982959705,0.34820118131308814,0.34820541185082426,0.34820915269101826,0.3482123718285372,0.3482150423187795,0.34821714217044114,0.3482186542910903,0.3482195664533553,0.3482198713000561
0.3481768157480222,0.34817649633622716,0.3481755408338623,0.3481739572894306,0.34817175907092074,0.34816896484637866,0.34816559855684914,0.34816168943429704,0.3481572720682636,0.3481523864969229,0.34814707836308423,0.3481413992058966,0.34813540690754335,0.34812916628551466,0.34812274981926183,0.3481162384772493,0.34810972258697487,0.34810330264657163,0.34809708987004023,0.3480912061477566,0.3480857829997254,0.34808095896376967,0.3480768747538837,0.34807366557747743,0.3480714503886746,0.348070318856145,0.3480703188269637,0.3480714503174109,0.3480736655026782,0.34807687471496196,0.34808095898412184,0.3480857830782071,0.3480912062632912,0.3480970900000988,0.3481033027690409,0.3481097226672798,0.34811623849240597,0.34812274978994034,0.34812916626222323,0.34813540692514844,0.34814139925989057,0.34814707843191134,0.3481523865729434,0.3481572721549052,0.3481616895227608,0.34816559862688556,0.3481689648864698,0.34817175908217984,0.34817395727837874,0.34817554080849944,0.34817649629326064,0.34817681568305964
0.34813218700851883,0.34813185114689693,0.3481308465636044,0.34812918210983057,0.3481268724718871,0.3481239381371725,0.3481204053334039,0.34811630597406,0.34811167765030043,0.34810656366420406,0.3481010131305939,0.34809508120850813,0.3480888294866525,0.3480823265165169,0.34807564849273054,0.34806888005320097,0.34806211513020613,0.34805545774069135,0.3480490225213636,0.3480429346945717,0.34803732901066475,0.34803234708627473,0.3480281324896526,0.34802482297246184,0.34802253960598034,0.3480213735921018,0.34802137357415575,0.3480225395564295,0.3480248229085485,0.3480281324449006,0.34803234709412745,0.3480373290761379,0.34804293479338966,0.3480490226329002,0.3480554578589574,0.3480621152514714,0.34806888017449655,0.3480756486135749,0.34808232663737554,0.3480888296046157,0.34809508131397254,0.3481010132137338,0.34810656372254173,0.3481116776818014,0.3481163059644258,0.3481204052625348,0.34812393800382585,0.3481268723041034,0.34812918195066656,0.3481308464443876,0.34813185106752403,0.34813218695802794
0.3480859871950435,0.348085632639024,0.3480845722622485,0.3480828158556052,0.34808037966747774,0.34807728633375434,0.34807356476749324,0.34806925002035166,0.34806438318424643,0.3480590113490393,0.3480531876340224,0.34804697134933155,0.3480404283122962,0.34803363130805304,0.3480266607042919,0.34801960521836767,0.3480125627582705,0.34800564119805105,0.34799895890038235,0.34799264468704183,0.3479868367806143,0.3479816801082898,0.34797732131655595,0.3479739009021698,0.3479715422178195,0.3479703381213814,0.3479703381242057,0.3479715422202359,0.3479739008966013,0.3479773213117068,0.34798168012600644,0.3479868368312904,0.3479926447627585,0.3479989589921665,0.34800564130927303,0.3480125629085043,0.34801960542569127,0.3480266609567693,0.3480336315611696,0.3480404285185396,0.3480469714869848,0.3480531877095617,0.34805901137358924,0.34806438315212707,0.3480692499119493,0.3480735645683598,0.3480772860566369,0.3480803793588663,0.3480828155788819,0.3480845720654821,0.34808563253575747,0.34808598717115546
0.3480382184460055,0.34803784258339365,0.348036718610463,0.34803485744034907,0.3480322771840051,0.34802900302194584,0.34802506702513236,0.3480205079252479,0.348015370917624,0.34800970752368043,0.34800357552204403,0.34799703901111984,0.34799016864161775,0.3479830419983127,0.34797574413987487,0.34796836832040534,0.34796101681846187,0.3479538017113809,0.3479468453973138,0.3479402805654829,0.34793424913518267,0.34792889954700407,0.3479243817258138,0.3479208391019603,0.347918397462794,0.34791715142972335,0.34791715144539576,0.3479183975077195,0.34792083916814637,0.3479243818002587,0.3479288996183289,0.34793424920145516,0.3479402806357823,0.34794684548009863,0.3479538018186835,0.3479610169817896,0.34796836856996843,0.34797574446242524,0.34798304233024757,0.3479901689102546,0.34799703918250124,0.34800357560472645,0.34800970752611343,0.3480153708224984,0.3480205077120554,0.34802506669901273,0.3480290026216719,0.3480322767734319,0.34803485708942544,0.34803671837155614,0.348037842481316,0.3480382184630363
0.3479888828922158,0.34798848266514143,0.3479872859857001,0.3479853051169559,0.3479825604005061,0.34797908004768735,0.3479748998679207,0.3479700629317991,0.34796461926233985,0.3479586255855053,0.3479521451321913,0.3479452475631711,0.3479380090837535,0.3479305127353214,0.3479228488582886,0.3479151157546738,0.3479074204930639,0.3478998796960234,0.34789262008645083,0.3478857784632702,0.34787950063882045,0.3478739387332792,0.3478692461076289,0.34786556928141416,0.34786303661213264,0.3478617445775377,0.347861744597146,0.34786303667976054,0.3478655694057684,0.3478692462693471,0.3478739388897705,0.34787950076248136,0.34788577855911673,0.3478926201722456,0.3478998798005563,0.3479074206621991,0.3479151160202795,0.3479228491997864,0.34793051308466777,0.347938009369114,0.34794524774984287,0.34795214521796286,0.3479586255609952,0.3479646191024937,0.34797006263116675,0.34797489945833865,0.34797907958397944,0.3479825599461982,0.3479853047349164,0.34798728572740856,0.34798848256698406,0.3479888829367806
0.3479379825476258,0.3479375543624813,0.3479362743000353,0.3479341562474492,0.34793122321682923,0.34792750704196324,0.3479230479938485,0.34791789430758935,0.34791210172917314,0.34790573312395084,0.3478988581249555,0.34789155288497,0.34788390002942443,0.34787598883111953,0.3478679155907171,0.3478597842297402,0.3478517070577519,0.3478438055787081,0.3478362110844406,0.3478290646618488,0.34782251615237625,0.34781672146366444,0.34781183748636346,0.34780801392472355,0.3478053818058927,0.3478040395446626,0.3478040395726429,0.3478053818995013,0.3478080140945923,0.34781183771202107,0.3478167216946217,0.3478225163464989,0.3478290648048719,0.34783621118977115,0.34784380569346407,0.347851707243543,0.3478597845105677,0.34786791592525423,0.3478759891459103,0.34788390027031585,0.3478915530333826,0.34789885817180916,0.3479057330463569,0.3479121015113335,0.3479178939731049,0.3479230475907455,0.34792750661038974,0.34793122279205835,0.34793415587548815,0.3479362740325001,0.3479375542465691,0.34793798257165226
0.34788551922516037,0.3478850588387331,0.3478836828165661,0.34788140700838754,0.3478782576282861,0.3478742708473236,0.34786949228425496,0.34786397636987676,0.3478577856977589,0.3478509904338332,0.34784366777196835,0.3478359014784199,0.3478277816383035,0.3478194046743565,0.34781087362429847,0.3478022986568491,0.34779379779924186,0.34778549776223616,0.3477775345898874,0.34777005373876096,0.34776320911143,0.34775716041187243,0.34775206805623,0.3477480849358921,0.3477453447769333,0.34774394798023334,0.3477439480221821,0.3477453449030846,0.3477480851394514,0.34775206831128,0.3477571606802913,0.34776320935811306,0.34777005393656396,0.34777753474228174,0.347785497916766,0.3477937980120034,0.3478022989352055,0.34781087391334514,0.3478194049066768,0.3478277817875717,0.347835901550692,0.3478436677585947,0.3478509903052362,0.34785778545181234,0.34786397605425856,0.34786949194941824,0.3478742705064884,0.34787825728438193,0.34788140668949286,0.34788368256623314,0.34788505869898234,0.34788551919025074
0.3478314945175301,0.34783099689812463,0.3478295100109617,0.3478270520893401,0.3478236532136587,0.34781935477715525,0.3478142088334223,0.3478082772767247,0.3478016309456899,0.3477943487607842,0.3477865169185251,0.34777822817676973,0.34776958134703423,0.3477606811044392,0.34775163812016424,0.34774256949104654,0.3477335994395154,0.34772486016418164,0.3477164925555279,0.3477086463938847,0.34770147952169017,0.3476951552908636,0.34768983749678684,0.347685682092681,0.3476828254222758,0.34768136984518494,0.34768136989035925,0.3476828255560921,0.3476856823021539,0.34768983775412426,0.34769515556865543,0.3477014797942495,0.34770864663891016,0.3477164927743419,0.34772486038074873,0.34773359967056644,0.3477425697228524,0.3477516383133086,0.34776068122536374,0.34776958139959496,0.3477782281817828,0.3477865168659367,0.34779434861543995,0.3478016307081648,0.3478082770012665,0.3478142085702034,0.3478193545303946,0.34782365297273315,0.34782705186279056,0.34782950981520794,0.34783099675193596,0.3478314944241439
0.3477759098526753,0.3477753690144369,0.3477737535081441,0.3477710844563702,0.3477673966381852,0.3477627377894497,0.3477571677634002,0.3477507574877446,0.34774358777314673,0.347735748103549,0.3477273354783202,0.3477184533599142,0.34770921084734097,0.34769972220831064,0.3476901068062505,0.3476804894173497,0.3476710009152086,0.3476617791686035,0.34765296986126104,0.3476447268683271,0.34763721163002936,0.3476305907651138,0.3476250310919621,0.34762069132873774,0.3476177102098767,0.3476161919069589,0.3476161919386354,0.3476177103135846,0.3476206915097713,0.34762503133254713,0.34763059103356864,0.34763721189710045,0.347644727130102,0.34765297013028307,0.3476617794383537,0.347671001148966,0.34768048958124187,0.34769010689412705,0.347699722232496,0.34770921082910844,0.34771845331614,0.3477273353978096,0.3477357479575056,0.3477435875640049,0.34775075726359644,0.34775716757212705,0.3477627376396721,0.34776739651441274,0.3477710843396815,0.34777375337808064,0.34777536887311533,0.3477759097210686
0.34771876666013296,0.347718175447503,0.347716410070953,0.3477134951489045,0.34770947117810536,0.34770439364211136,0.3476983319221379,0.34769136795822647,0.3476835946946351,0.34767511443981025,0.34766603725038053,0.3476564794341862,0.3476465623091519,0.3476364113691798,0.34762615593218976,0.347615929302722,0.34760586943053895,0.34759611988570727,0.3475868308663611,0.3475781598370691,0.34757027117652173,0.347563334055629,0.3475575176482939,0.34755298288669223,0.3475498704771846,0.34754828611013144,0.3475482861302557,0.34754987054889425,0.3475529830261667,0.3475575178493591,0.3475633342813745,0.34757027139867164,0.34757816007357206,0.34758683114216266,0.3475961201725015,0.34760586965626805,0.347615929420486,0.34762615595608326,0.34763641133883044,0.3476465622470938,0.34765647934505095,0.34766603713056454,0.34767511428728204,0.3476835945249506,0.34769136780715054,0.3476983318227895,0.3477043935994703,0.34770947116810164,0.3477134951267577,0.34771640999269965,0.3477181753192661,0.3477187665148421
0.347660066747982,0.3476594165458224,0.3476574757066636,0.34765427310179453,0.34764985619270844,0.34764428994223134,0.34763765541978003,0.3476300480771244,0.3476215757289402,0.3476123563696017,0.3476025159688798,0.34759218638679207,0.34758150357462997,0.34757060625298913,0.34755963519667016,0.3475487331905617,0.34753804563132856,0.34752772161813544,0.34751791526354675,0.34750878670779456,0.34750050216168943,0.3474932321732675,0.3474871471623462,0.3474824093402566,0.34747916068057566,0.34747750791275345,0.34747750794069093,0.34747916075520885,0.34748240945021924,0.34748714729764785,0.34749323231360235,0.34750050230862867,0.34750878689387615,0.3475179155062368,0.347527721874701,0.34753804582740083,0.34754873328191244,0.34755963519534605,0.3475706062007704,0.3475815034929083,0.3475921862737292,0.3476025158294182,0.34761235622802156,0.34762157561447693,0.34763004800827707,0.3476376554043166,0.34764428997691066,0.34764985625480804,0.34765427314187636,0.34765747567854643,0.3476594164617133,0.3476600666229559
0.3475998129894827,0.34759909336144507,0.34759694605440195,0.3475934051470349,0.3475885266183329,0.3475823870478878,0.34757508187119385,0.3475667231857644,0.3475574371421796,0.34754736106584444,0.34753664049220034,0.34752542629832683,0.34751387214091106,0.3475021324657278,0.3474903613099486,0.34747871198467917,0.34746733759339515,0.3474563923045126,0.34744603308382793,0.34743642124946733,0.34742772310733383,0.3474201087817745,0.3474137482309264,0.3474088034719006,0.3474054166120722,0.3474036946645571,0.34740369470907206,0.3474054167104619,0.3474088035657232,0.347413748290138,0.3474201088211765,0.34742772317394177,0.34743642137774955,0.3474460332623622,0.34745639248258714,0.34746733772133737,0.34747871203917025,0.3474903612954575,0.3475021324119609,0.3475138720722425,0.34752542621176874,0.3475366403884066,0.34754736097436983,0.34755743709447345,0.34756672318277543,0.3475750818994366,0.347582387104748,0.34758852670007284,0.3475934052208835,0.3475969460837105,0.3475990933487803,0.34759981290771624
0.3475380103972843,0.347537208652679,0.347534817155427,0.347530876356337,0.3475254526802827,0.34751863697897584,0.3475105423872916,0.34750130157746895,0.34749106342433067,0.3474799892413063,0.34746824882292227,0.3474560165283115,0.34744346767642387,0.3474307756265534,0.3474181099039769,0.34740563549409825,0.34739351328407597,0.34738190161900906,0.34737095859001804,0.3473608443724292,0.34735172273603016,0.34734376070826983,0.34733712527297944,0.34733197607104893,0.3473284536267793,0.3473266640781533,0.3473266641229067,0.3473284537258142,0.347331976145876,0.347337125273883,0.34734376067112205,0.3473517227305932,0.34736084442702586,0.3473709586711722,0.3473819016832832,0.34739351331835105,0.3474056355015068,0.34741810988773864,0.34743077559665064,0.34744346764969136,0.34745601649963653,0.3474682487849296,0.34747998921943046,0.34749106344678576,0.3475013016323227,0.34751054244574764,0.34751863703901326,0.34752545275495067,0.34753087643395,0.34753481721541224,0.3475372086829426,0.34753801033586035
0.34747466773840474,0.3474737683910688,0.34747108666174487,0.3474666707610391,0.3474605998991821,0.347452982470447,0.3474439534595658,0.34743367105524386,0.3474223124389995,0.34741006890031734,0.34739714056877835,0.3473837310813844,0.3473700425547229,0.34735627138122677,0.34734260537120937,0.3473292224725148,0.34731629116543367,0.34730397242716815,0.347292422800842,0.3472817978491191,0.34727225492712077,0.34726395405904265,0.34725705563272435,0.3472517137947317,0.347248065025907,0.3472462129057421,0.3472462129288995,0.3472480650849774,0.3472517138345079,0.3472570556040153,0.3472639539825358,0.3472722548586304,0.34728179780943974,0.3472924227630352,0.3473039723728511,0.3473162911114486,0.3473292224408139,0.3473426053672621,0.34735627139442743,0.34737004257596693,0.34738373110304144,0.34739714059110605,0.3474100689513801,0.34742231253990474,0.34743367117876317,0.3474439535605306,0.3474529825375024,0.3474605999484836,0.3474666708013579,0.34747108669612603,0.3474737683978629,0.34747466764529483
0.3474097999502947,0.34740878403361225,0.3474057556987643,0.3474007725675535,0.347393929422526,0.3473853561604876,0.34737521473572136,0.3473636950537987,0.34735100972050226,0.34733738774899975,0.34732306755334325,0.3473082896692595,0.3472932897618098,0.34727829263415966,0.34726350793302674,0.34724912804594926,0.3472353284472494,0.3472222702433636,0.34721010441154276,0.3471989768331896,0.3471890328578626,0.34718041990409176,0.3471732866088308,0.347167777242416,0.34716402082494413,0.34716211605469643,0.34716211605289177,0.34716402082295356,0.3471677772293262,0.3471732865615824,0.34718041981521247,0.34718903274846025,0.3471989767108287,0.34721010426845994,0.34722227009182893,0.3472353283201402,0.34724912797671764,0.34726350793154936,0.34727829268144267,0.347293289823471,0.3473082897359775,0.34732306764322485,0.34733738788618573,0.3473510099007406,0.34736369522904514,0.347375214852653,0.347385356205071,0.34739392941648617,0.3474007725434292,0.3474057556774121,0.34740878397831787,0.3474097998004757
0.34734343162961595,0.34734227586906236,0.34733883174764846,0.34733316823328264,0.347325398958721,0.347315680052248,0.347304206683104,0.3472912082060671,0.3472769417119837,0.34726168398823454,0.34724572221072825,0.34722934397170635,0.34721282751845806,0.34719643319457316,0.34718039706902276,0.34716492767944446,0.34715020625170795,0.3471363901297597,0.3471236187623711,0.3471120210315188,0.34710172233354697,0.34709284960705394,0.34708553253311264,0.34707989942507034,0.3470760671727128,0.34707412646474334,0.347074126446491,0.3470760671126722,0.34707989934752814,0.3470855324561253,0.3470928495229607,0.34710172222267693,0.347112020871097,0.34712361855540075,0.3471363899098658,0.3471502060647063,0.34716492756648876,0.3471803970463064,0.3471964332484985,0.3472128276136372,0.3472293440940261,0.34724572237999196,0.34726168420491843,0.34727694193345837,0.34729120837341426,0.3473042067591235,0.3473156800397002,0.3473253988919481,0.34733316815895626,0.3473388316808142,0.34734227575123133,0.3473434314430878
0.3472756018539312,0.3472742777007454,0.3472703328595086,0.34726384980689495,0.34725496478124235,0.34724386568854326,0.34723078844206157,0.34721601143394176,0.34719984776345936,0.34718263505662533,0.3471647231344932,0.34714646032754093,0.34712817973581056,0.34711018687625217,0.3470927503139842,0.3470760967117288,0.34706041082931216,0.34704584032941893,0.3470325043631934,0.34702050428009606,0.34700993431282134,0.34700088999433565,0.3469934721753919,0.3469877849400321,0.34698392675686884,0.3469819761232662,0.3469819760893036,0.3469839266504099,0.34698778479257164,0.34699347205430936,0.34700088991896755,0.34700993422646087,0.3470205041200003,0.34703250413244824,0.34704584007892747,0.34706041061735093,0.3470760965760134,0.3470927502703101,0.34711018691660683,0.347128179843561,0.3471464604852303,0.34716472334119763,0.3471826352890711,0.34719984796160924,0.34721601155095877,0.34723078846897304,0.3472438656432637,0.34725496469752615,0.34726384971886337,0.34727033275823077,0.3472742775278014,0.34727560167383403
0.3472063707112728,0.34720484320748635,0.3472002935059777,0.34719281986155165,0.347182585213227,0.34716981553711657,0.34715479638572416,0.3471378669629729,0.347119411012818,0.34709984405339184,0.3470795970903016,0.3470590978047935,0.34703875101643017,0.3470189206815785,0.3469999160824106,0.34698198427654864,0.34696530987143526,0.34695002193114777,0.3469362065007645,0.34692392229741853,0.34691321664000424,0.34690413861761926,0.3468967469027569,0.3468911103428355,0.34688730068688495,0.3468853787138533,0.3468853786560596,0.3468873005326771,0.346891110131677,0.34689674673576987,0.3469041385390109,0.3469132165677699,0.34692392214869444,0.34693620628198696,0.3469500217070155,0.346965309695651,0.3469819841664261,0.34699991603524283,0.3470189206940242,0.34703875109033866,0.34705909793350886,0.3470795972526504,0.3470998442224417,0.34711941114698874,0.34713786703699767,0.3471547964025203,0.3471698155112775,0.34718258516094047,0.347192819786658,0.34720029337891495,0.3472048430117953,0.3472063705860433
0.3471358280415503,0.34713405451010376,0.3471287726094206,0.3471200985511879,0.34710822611864217,0.3470934261317869,0.3470760439473911,0.3470564937807303,0.3470352484935797,0.3470128238278862,0.34698975696607137,0.34696658055683904,0.346943794654866,0.34692184026750983,0.3469010786944582,0.3468817800227347,0.3468641227104067,0.3468482038268886,0.3468340576080808,0.3468216786077156,0.34681104521711964,0.3468021395150401,0.3467949601689195,0.3467895264080172,0.34678587254557686,0.34678403457633306,0.346784034496733,0.34678587233620567,0.34678952615916664,0.3467949599778501,0.34680213941547877,0.34681104513249505,0.3468216784751248,0.3468340574451008,0.3468482036888183,0.34686412261878535,0.3468817799579776,0.3469010786383283,0.34692184023104916,0.34694379465520053,0.3469665806029247,0.34698975703631263,0.34701282390007687,0.34703524855508694,0.347056493820141,0.34707604396406494,0.34709342613713684,0.3471082261161853,0.3471200985138784,0.3471287724993563,0.34713405437286887,0.34713582798930703
0.3470641048743575,0.3470620335043242,0.3470558644816049,0.3470457336879105,0.3470318694060097,0.3470145939985735,0.34699432368436733,0.3469715643545407,0.3469469010229687,0.34692097888160145,0.34689447523091016,0.34686806337891385,0.34684237196750173,0.3468179456078029,0.3467952134554719,0.3467744716935779,0.3467558829682029,0.34673949212548644,0.34672525422245454,0.34671306895790194,0.34670281523621915,0.34669438026949384,0.34668767919094584,0.34668266314205354,0.34667931553806836,0.3466776389368916,0.34667763885008906,0.34667931531871354,0.34668266290408145,0.34668767900573433,0.3466943801347137,0.34670281513013906,0.34671306886457137,0.34672525415624317,0.3467394920994971,0.34675588295266946,0.34677447164565256,0.34679521336861757,0.34681794550949346,0.3468423718898475,0.34686806332978093,0.3468944752026529,0.346920978855842,0.34694690100321657,0.3469715643432118,0.34699432368552086,0.3470145940322423,0.3470318694647959,0.34704573371144004,0.34705586444626996,0.34706203348793474,0.3470641048607208
0.3469913879509759,0.3469889564054258,0.34698171332527294,0.34696981484647865,0.3469535259557671,0.34693322611420807,0.3469094134678568,0.34688270437543006,0.34685382422993216,0.34682358577093125,0.34679285272515986,0.3467624893857886,0.3467333010714556,0.3467059745161523,0.34668102944741336,0.34665879159126806,0.3466393923038484,0.3466227934600981,0.34660883067141696,0.34659726502215016,0.34658783366987395,0.34658029164496135,0.3465744400676757,0.3465701387918962,0.3465673039886233,0.3465658945337411,0.34656589446470404,0.3465673038376647,0.34657013862834835,0.3465744399054769,0.3465802914722686,0.3465878335515653,0.3465972649940486,0.3466088307116764,0.34662279351373954,0.34663939231758484,0.3466587915377195,0.3466810293316918,0.3467059743704214,0.3467333009237108,0.34676248924261255,0.3467928525907439,0.34682358564559945,0.3468538241268372,0.3468827043203109,0.3469094134780673,0.3469332262007103,0.3469535260727731,0.346969814911101,0.34698171338200035,0.34698895649003586,0.34699138802471624
0.34691793766468504,0.34691507188817644,0.3469065318826331,0.3468924924845679,0.34687325456435264,0.3468492571956591,0.34682108971501807,0.3467894987365653,0.3467553837062142,0.34671977418546046,0.34668378369329955,0.3466485392742244,0.3466150932881763,0.3465843315769317,0.3465568975842429,0.3465331502124434,0.3465131645449864,0.3464967724902102,0.3464836306926673,0.34647329908844865,0.34646531494827243,0.34645925184786125,0.3464547582677993,0.3464515745307332,0.34644953055825184,0.34644852996379194,0.3464485299426297,0.3464495305122897,0.3464515744612561,0.34645475812770204,0.34645925167146985,0.34646531483840265,0.3464732991076531,0.34648363078791033,0.34649677257087486,0.34651316456057846,0.34653315015872455,0.3465568974693839,0.3465843314072853,0.3466150930791911,0.3466485390485776,0.346683783464261,0.3467197739803727,0.3467553835522737,0.34678949867516085,0.3468210897646686,0.34684925732366295,0.34687325467505975,0.3468924925493797,0.34690653204350497,0.3469150720866576,0.34691793799879894
0.3468441095430855,0.3468407230873877,0.34683062486110655,0.34681400327686285,0.3467911888995671,0.34676267683170636,0.34672915178280667,0.34669150877000193,0.3466508596151426,0.34660851344934707,0.34656592032869066,0.3465245733567662,0.3464858764803536,0.3464510006261588,0.34642076214475537,0.3463955562003844,0.34637536095494165,0.34635980578764664,0.3463482799933462,0.346340053160601,0.346334383303167,0.3463305985236767,0.34632814705060394,0.346326616887653,0.34632573081974954,0.3463253253003707,0.3463253253175729,0.34632573085516677,0.3463266168745835,0.34632814694063946,0.34633059837790414,0.3463343832103682,0.34634005318284683,0.34634828008024965,0.3463598058532131,0.3463753609674244,0.34639555615997847,0.34642076204142963,0.3464510004526869,0.3464858762526296,0.346524573101973,0.3465659200739204,0.3466085132186075,0.3466508594479943,0.34669150870149923,0.3467291518228773,0.3467626769127472,0.34679118894043365,0.34681400340351676,0.3468306251778064,0.34684072350412287,0.3468441099641976
0.34677037880882355,0.3467663732013608,0.3467544174817497,0.3467347029761566,0.3467075750917736,0.3466735707195705,0.3466334636447688,0.3465883086376157,0.3465394697991199,0.34648861342811416,0.3464376442546186,0.34638857112587784,0.346343307421975,0.3463034412500415,0.34627003626203956,0.3462435246392659,0.34622372047385624,0.3462099375481238,0.34620116618456725,0.3461962588614878,0.3461940873251082,0.3461936529250045,0.34619414729138503,0.346194970401965,0.3461957172254722,0.34619614643477475,0.3461961464817697,0.34619571730029386,0.3461949704059496,0.3461941472234683,0.34619365281991116,0.34619408724396045,0.3461962588488764,0.3462011662335422,0.34620993759176116,0.34622372047492705,0.34624352459474433,0.34627003616987095,0.34630344110789535,0.34634330723922546,0.34638857091965525,0.34643764403609695,0.34648861320938484,0.34653946961493665,0.34658830852148803,0.34663346360963304,0.3466735707124185,0.34670757513495354,0.34673470326698397,0.34675441792001716,0.34676637370536734,0.34677037914767633
0.346697366620704,0.3466926334804581,0.3466784885792615,0.34665510750588435,0.34662282267624756,0.3465821814825517,0.3465340216972571,0.3464795532729806,0.3464204266708582,0.3463587563087083,0.3462970600084335,0.3462380800393565,0.3461844808775028,0.34613847493254696,0.3461014874042174,0.34607398164057246,0.3460554953391597,0.34604484902537297,0.34604043785542915,0.34604051858945717,0.34604343523201425,0.346047762637734,0.34605237307014375,0.3460564434429452,0.3460594241798186,0.34606098959619064,0.34606098965712484,0.3460594242708519,0.3460564434685911,0.34605237304833897,0.3460477625841799,0.3460434351598977,0.346040518531314,0.34604043784643806,0.34604484904114124,0.34605549532826574,0.3460739815950846,0.34610148733954854,0.3461384748564852,0.3461844807758897,0.346238079891145,0.34629705981273395,0.3463587560904082,0.34642042646525995,0.34647955313310497,0.34653402163552643,0.3465821814694345,0.34662282282866586,0.34665510783975145,0.34667848903178,0.346692633890712,0.34669736708306664
0.34662586538342116,0.34662029112385645,0.3466036062998748,0.34657594158117,0.3465375706073875,0.3464889947519722,0.34643105998129065,0.3463650959212726,0.3462930525670831,0.34621758822961346,0.34614203958583906,0.3460701980457167,0.3460058542147036,0.34595217650025617,0.3459111295454204,0.3458831853078809,0.3458674145591321,0.3458618641205662,0.34586404298699885,0.34587136444566813,0.34588146308816237,0.34589237115084204,0.34590257799362756,0.3459110098942215,0.34591696554487456,0.34592003636154617,0.34592003640043373,0.3459169656240178,0.3459110099770912,0.34590257804316626,0.34589237114777266,0.34588146303153317,0.3458713643553409,0.3458640429080888,0.34586186408470415,0.3458674145349748,0.34588318529089185,0.34591112954718156,0.34595217649640336,0.3460058541551137,0.34607019790418836,0.3461420393854755,0.346217588022097,0.3462930524096352,0.34636509585111946,0.34643105996371554,0.3464889947825885,0.34653757081035386,0.34657594187479246,0.346603606678501,0.3466202915175284,0.3466258657793101
0.3465568588385169,0.34655033287856774,0.34653076250287723,0.34649819189253983,0.3464527677020064,0.34639485462166464,0.3463252050008513,0.34624517892183954,0.34615699050963267,0.3460639189047733,0.3459703704347539,0.34588163727449905,0.3458032256210097,0.34573980496338313,0.3456941587487689,0.3456667041600726,0.34565571783070786,0.3456580305439014,0.34566983917040134,0.3456873788739214,0.34570735195786817,0.34572712361385327,0.3457447471769124,0.3457588882752528,0.34576870421428624,0.34577371828196213,0.34577371828181624,0.34576870427973755,0.3457588884180404,0.3457447473012961,0.3457271236687682,0.34570735192010904,0.34568737876957095,0.345669839036764,0.3456580304388995,0.345655717784021,0.345666704168905,0.34569415879655774,0.3457398049901964,0.34580322556776905,0.3458816371430945,0.34597037028548167,0.3460639188014966,0.3461569904782891,0.3462451789282599,0.34632520497141456,0.3463948547007413,0.3464527679052759,0.34649819215514277,0.3465307627216211,0.34655033323025697,0.3465568593101865
0.34649153054929926,0.34648395779596836,0.3464611989924968,0.3464231579605236,0.34636976198303976,0.3463011075283385,0.3462176892626035,0.3461207242935505,0.34601256080986675,0.34589710437257776,0.34578009606171545,0.3456689531925443,0.3455718340671806,0.34549583692199354,0.34544500199270795,0.34541952939443293,0.3454163340809762,0.3454303393830228,0.34545582248685863,0.3454874079501013,0.3455206118504887,0.34555201761743387,0.34557921731824004,0.34560063743685426,0.3456153312735489,0.34562278774913574,0.3456227877359521,0.3456153313357646,0.34560063759945175,0.34557921749244813,0.3455520177157973,0.34552061184923427,0.34548740785199544,0.34545582233292293,0.3454303392226291,0.345416333994915,0.34541952938395565,0.3454450020118136,0.345495836919186,0.3455718340299288,0.3456689531577975,0.34578009607077687,0.34589710442949606,0.34601256087998794,0.3461207242954959,0.3462176892500516,0.346301107687435,0.34636976210750076,0.3464231580983532,0.34646119930419894,0.3464839581104216,0.34649153086106543
0.34643125252087936,0.3464225702102372,0.3463964148264632,0.34635248754185677,0.3462903842018359,0.34620976162602196,0.34611062023114353,0.34599374378839465,0.3458613225463246,0.34571772089697217,0.3455701938377137,0.3454290791424109,0.34530668378713403,0.3452142028155252,0.34515759882820907,0.34513645000218285,0.3451453212776906,0.34517617239459625,0.3452205336543213,0.34527090000770677,0.34532134699620204,0.3453676020299683,0.34540682228475744,0.34543726349847975,0.34545794821229525,0.3454683882593355,0.34546838828097154,0.34545794826552156,0.34543726362670757,0.34540682245511256,0.3453676021548667,0.34532134703656553,0.34527089995369104,0.3452205335146013,0.3451761722228805,0.3451453211408754,0.345136449935049,0.34515759877832547,0.34521420277594006,0.34530668380066665,0.34542907923819677,0.34557019399347866,0.345717721066547,0.3458613226704859,0.3459937438123013,0.34611062039150087,0.34620976169613626,0.34629038437167126,0.34635248781038724,0.3463964149759918,0.34642257034049045,0.3464312523826558
0.3463775450492328,0.3463677426938061,0.3463381404406065,0.34628817582285726,0.3462169967080231,0.3461236260974189,0.3460072708153415,0.3458678565649578,0.34570688458924453,0.34552866615654027,0.345341812420941,0.3451603854831634,0.3450032036996334,0.3448888506105381,0.3448260956416395,0.34481288518082,0.34483972797136253,0.3448940826015213,0.3449636963202884,0.34503838915544555,0.34511060157275053,0.3451752140967272,0.34522905149576216,0.34527032540643826,0.34529814064584646,0.34531211325266786,0.3453121133002305,0.3452981406832761,0.3452703254581618,0.3452290516037147,0.34517521421451935,0.34511060165132695,0.34503838915833146,0.344963696236885,0.3448940824573248,0.34483972781080136,0.34481288505735347,0.34482609556243704,0.3448888505892251,0.3450032037778585,0.3451603856518189,0.34534181263225777,0.3455286663792811,0.34570688474445954,0.3458678567552838,0.34600727100787954,0.3461236263712146,0.34621699689256485,0.34628817590701155,0.3463381403635518,0.3463677424846279,0.3463775447560975
0.3463320005745242,0.3463211398639536,0.3462882632596007,0.3462325013732064,0.34615246233025365,0.3460463610808781,0.34591229969749643,0.3457488226961477,0.34555593376834504,0.34533681027415997,0.3451003966026278,0.3448646079183629,0.3446582027538305,0.3445147039006381,0.3444461804394258,0.3444464236365435,0.34449904893119054,0.34458498626787915,0.3446870983368839,0.34479209958808255,0.3448907509312662,0.34497722107928996,0.34504819329827635,0.34510201757436443,0.34513802657125636,0.34515603884802987,0.34515603884486235,0.3451380265839761,0.34510201753403946,0.3450481933131057,0.3449772211610178,0.34489075101510847,0.34479209962908014,0.34468709830719474,0.3445849861777856,0.34449904880837867,0.3444464235126147,0.34444618038918073,0.3445147039312272,0.34465820288130344,0.3448646081217771,0.3451003968470021,0.3453368105207264,0.34555593396950307,0.3457488230629811,0.3459123000323037,0.34604636119541526,0.346152462385121,0.34623250118983184,0.3462882631130604,0.34632113947205795,0.3463319998605895
0.3462961695810949,0.34628439903200253,0.34624869357154675,0.34618787202382795,0.34609997689864025,0.34598233238114673,0.34583172473362184,0.345644844270014,0.3454192341360513,0.34515516730649315,0.3448591678419403,0.3445503242741021,0.3442703029620572,0.3440887851685125,0.34401728281227834,0.34403930266551325,0.34412734933193456,0.3442537113078805,0.3443956050564467,0.34453655747659234,0.3446658460475647,0.3447771997076226,0.3448674181226811,0.3449351995942724,0.34498025835632,0.3450027141439932,0.34500271409179345,0.3449802582814949,0.344935199508737,0.34486741804186044,0.3447771997358055,0.34466584610825557,0.3445365574933792,0.3443956050382669,0.3442537112863036,0.3441273493044063,0.3440393026212679,0.34401728279194393,0.3440887852474074,0.3442703031325705,0.34455032451571105,0.34485916812322737,0.3451551675533344,0.34541923458220114,0.34564484457988665,0.3458317248204502,0.3459823323925697,0.3460999767458479,0.34618787190807093,0.3462486931624579,0.3462843983791078,0.3462961690621803
0.34627141624612473,0.3462589741513016,0.3462211720525634,0.34615656820259005,0.3460627197048809,0.34593615239280484,0.34577239108634483,0.34556615322028206,0.3453118886134468,0.3450050037265616,0.3446445631772112,0.34424022044175895,0.3438358246762504,0.3436105957042919,0.34354584103005437,0.34360185420174777,0.343735784547993,0.34391052404151284,0.34409796739313137,0.34427896338418146,0.34444174983496456,0.34457995534204106,0.3446907443761942,0.3447733403156672,0.34482795892086043,0.34485509543694143,0.344855095398261,0.34482795876533223,0.34477334019834543,0.34469074427275836,0.34457995528450486,0.34444174981420045,0.344278963358159,0.34409796739271503,0.3439105240787616,0.34373578458584575,0.3436018542209105,0.34354584107517616,0.34361059582148445,0.34383582487749514,0.34424022071919463,0.34464456347694433,0.34500500411787544,0.34531188888533315,0.3455661533509765,0.3457723910968467,0.3459361523768497,0.34606271952955536,0.3461565678836832,0.34622117163071836,0.3462589735277271,0.3462714154822128
0.3462587642694432,0.3462459645787996,0.346207042867311,0.3461404073796377,0.34604333052830094,0.3459118547968192,0.34574070093076825,0.34552321807286,0.3452513837059358,0.34491564748115355,0.34450353531295425,0.3439927346324633,0.343322966623216,0.3430810220488322,0.34305027098765056,0.3431563444758567,0.3433444587925633,0.34357170739162746,0.34380679695683725,0.3440289550922318,0.3442258653516113,0.3443912793981294,0.3445228382273205,0.34462035374369004,0.34468458228782733,0.3447164189892923,0.3447164189380928,0.34468458219905707,0.34462035360496945,0.3445228381037327,0.34439127925048424,0.3442258652696566,0.3440289550516765,0.3438067969537139,0.3435717074318302,0.3433444588451448,0.3431563445283031,0.34305027108353847,0.3430810222177788,0.34332296684879393,0.34399273493399407,0.34450353561599034,0.3449156477256556,0.34525138386958676,0.3455232181163141,0.3457407010479837,0.34591185460330176,0.34604333034581664,0.34614040713521305,0.3462070421467818,0.3462459638652744,0.3462587634790545
0.0,0.0,0.0,0.0,0.0,0.0,0.0,0.0,0.0,0.0,0.0,0.0,0.3425499299305345,0.34251229833739705,0.34257041088929857,0.3427390218860128,0.34298123319420654,0.3432576966449209,0.34353695504390164,0.3437974298361352,0.34402632828574,0.3442174049735513,0.3443686410608528,0.34448033221463037,0.3445537072287542,0.3445900212873058,0.34459002132050065,0.344553707217799,0.34448033208606793,0.3443686409179054,0.34421740483479357,0.34402632815974876,0.3437974297636423,0.34353695500457954,0.3432576966514162,0.3429812332414599,0.34273902196670103,0.3425704110250566,0.3425122985295152,0.342549930136947,0.0,0.0,0.0,0.0,0.0,0.0,0.0,0.0,0.0,0.0,0.0,0.0
0.0,0.0,0.0,0.0,0.0,0.0,0.0,0.0,0.0,0.0,0.0,0.0,0.3420359374156169,0.3420689047373842,0.3421817294199346,0.3423928319755264,0.3426737509412593,0.34298757639714134,0.34330216185199297,0.3435945191475194,0.3438507938164684,0.34406426315693656,0.34423289416615765,0.3443572231168933,0.3444387949541813,0.3444791326737397,0.34447913266109553,0.34443879495909036,0.3443572231239925,0.34423289404346125,0.3440642630317725,0.3438507936553598,0.3435945190397181,0.3433021617905308,0.34298757637100313,0.3426737509740846,0.3423928320711057,0.3421817295737412,0.3420689049495075,0.3420359376027417,0.0,0.0,0.0,0.0,0.0,0.0,0.0,0.0,0.0,0.0,0.0,0.0
0.0,0.0,0.0,0.0,0.0,0.0,0.0,0.0,0.0,0.0,0.0,0.0,0.34170061491383585,0.3417589190870622,0.34189771202185937,0.3421309192425796,0.342434130649774,0.34277199322674395,0.3431114163241766,0.34342764561272215,0.34370531783460306,0.34393680333203724,0.344119701366623,0.3442545265410654,0.3443429588422019,0.3443866783445273,0.3443866783700664,0.34434295887869243,0.34425452654596395,0.344119701346726,0.34393680318121594,0.3437053176995505,0.3434276455026153,0.3431114162693463,0.34277199317775414,0.34243413065124717,0.34213091934237483,0.3418977122171662,0.34175891918218465,0.3417006150766388,0.0,0.0,0.0,0.0,0.0,0.0,0.0,0.0,0.0,0.0,0.0,0.0
0.0,0.0,0.0,0.0,0.0,0.0,0.0,0.0,0.0,0.0,0.0,0.0,0.34148797589170937,0.3415554003595326,0.3417049187482783,0.34194777420381345,0.34226198975657446,0.34261349957935006,0.3429685989454576,0.3433010202623982,0.34359392309722464,0.34383865263297597,0.344032266479542,0.34417508620302456,0.3442687896428289,0.3443151198437151,0.3443151198465187,0.3442687896583737,0.34417508621248055,0.34403226643537266,0.34383865257176566,0.34359392299871433,0.34330102018717723,0.3429685989081212,0.3426134995544626,0.34226198979357964,0.34194777431416035,0.3417049187186149,0.34155540044441374,0.3414879760081858,0.0,0.0,0.0,0.0,0.0,0.0,0.0,0.0,0.0,0.0,0.0,0.0
0.0,0.0,0.0,0.0,0.0,0.0,0.0,0.0,0.0,0.0,0.0,0.0,0.34136247896342015,0.34143307496468334,0.34158651410419416,0.3418329428272606,0.3421518936788274,0.3425102977231004,0.34287421011261904,0.34321637293241364,0.3435188510941253,0.34377215312486936,0.3439728383206967,0.34412100090609815,0.3442182549227345,0.34426635119897364,0.3442663511878672,0.3442182549001662,0.3441210008856532,0.3439728382964131,0.343772153079051,0.34351885105956803,0.3432163729251978,0.3428742101478655,0.3425102978052255,0.34215189366231324,0.34183294273273196,0.3415865140636265,0.3414330750019107,0.3413624790259754,0.0,0.0,0.0,0.0,0.0,0.0,0.0,0.0,0.0,0.0,0.0,0.0
0.0,0.0,0.0,0.0,0.0,0.0,0.0,0.0,0.0,0.0,0.0,0.0,0.34130413735489135,0.34137569908933557,0.34153032322607635,0.3417778022324014,0.3420984023098293,0.3424595997517558,0.3428273996178682,0.34317407769021424,0.3434811339846334,0.34373861847950665,0.3439428002682971,0.3440936279494275,0.34419266277712435,0.34424164751381126,0.34424164750811237,0.3441926627658886,0.344093627932586,0.3439428002347382,0.3437386184494404,0.3434811340163349,0.34317407779954373,0.3428273996898381,0.3424595997276448,0.3420984022964238,0.34177780209674613,0.3415303231862453,0.34137569906650467,0.3413041373650062,0.0,0.0,0.0,0.0,0.0,0.0,0.0,0.0,0.0,0.0,0.0,0.0
0.0,0.0,0.0,0.0,0.0,0.0,0.0,0.0,0.0,0.0,0.0,0.0,0.34130413739319104,0.34137569911363125,0.34153032322933996,0.3417778021867668,0.3420984022502978,0.3424595997625944,0.3428273995823975,0.3431740777180694,0.343481133996166,0.34373861845025794,0.34394280023479906,0.344093627942004,0.34419266279130983,0.34424164753262093,0.34424164751843284,0.3441926627665619,0.34409362794208276,0.34394280028026775,0.3437386185278085,0.3434811340601749,0.343174077725653,0.3428273995639607,0.3424595997934165,0.34209840221012844,0.3417778021525413,0.3415303231840106,0.3413756990464314,0.34130413736037507,0.0,0.0,0.0,0.0,0.0,0.0,0.0,0.0,0.0,0.0,0.0,0.0
0.0,0.0,0.0,0.0,0.0,0.0,0.0,0.0,0.0,0.0,0.0,0.0,0.341362479068704,0.34143307502725473,0.3415865141004856,0.3418329427026293,0.34215189357562403,0.34251029770500935,0.3428742101278585,0.3432163729133479,0.3435188510421593,0.34377215306595676,0.34397283829385067,0.34412100090274483,0.3442182549391563,0.34426635123017274,0.3442663512236534,0.3442182549407896,0.34412100095327325,0.3439728383975714,0.3437721531587988,0.34351885106174057,0.3432163728768912,0.34287421009669644,0.3425102976713541,0.3421518935660221,0.34183294278784443,0.34158651408149177,0.3414330749533778,0.3413624790132285,0.0,0.0,0.0,0.0,0.0,0.0,0.0,0.0,0.0,0.0,0.0,0.0
0.0,0.0,0.0,0.0,0.0,0.0,0.0,0.0,0.0,0.0,0.0,0.0,0.34148797603748754,0.3415554004305603,0.34170491870466907,0.34194777407470944,0.34226198971014066,0.3426134995805122,0.3429685989247157,0.34330102016731395,0.34359392297293107,0.34383865256382923,0.3440322664436595,0.3441750862330449,0.3442687896956018,0.3443151199029004,0.3443151199195335,0.3442687897347138,0.3441750862703775,0.34403226647445273,0.34383865261642577,0.343593923010212,0.3433010201807816,0.34296859891549125,0.34261349946833863,0.34226198970019667,0.3419477742039683,0.34170491876385667,0.3415554003999985,0.34148797598884234,0.0,0.0,0.0,0.0,0.0,0.0,0.0,0.0,0.0,0.0,0.0,0.0
0.0,0.0,0.0,0.0,0.0,0.0,0.0,0.0,0.0,0.0,0.0,0.0,0.3417006150619992,0.3417589191263317,0.3418977119400905,0.3421309192728567,0.34243413063029293,0.34277199318408336,0.3431114162793617,0.3434276454954444,0.3437053176909346,0.3439368031898216,0.3441197013687501,0.34425452657902106,0.34434295894111316,0.3443866784724739,0.3443866784459271,0.34434295887854527,0.3442545265430988,0.3441197013944694,0.3439368032019812,0.3437053177591391,0.3434276455330534,0.3431114162394314,0.3427719931501844,0.3424341306535568,0.3421309192766425,0.3418977120828108,0.3417589191841482,0.34170061505194776,0.0,0.0,0.0,0.0,0.0,0.0,0.0,0.0,0.0,0.0,0.0,0.0
0.0,0.0,0.0,0.0,0.0,0.0,0.0,0.0,0.0,0.0,0.0,0.0,0.34203593752348377,0.3420689047252719,0.34218172949524095,0.34239283200752596,0.3426737509309363,0.34298757636227545,0.3433021618032043,0.34359451905043903,0.3438507936718688,0.34406426307520727,0.3442328941154101,0.34435722321086293,0.34443879504187136,0.34447913270895264,0.34447913268480157,0.3444387949971787,0.3443572231376323,0.3442328940297052,0.3440642631371768,0.34385079369823346,0.34359451907618466,0.34330216176052725,0.3429875763935933,0.3426737509892254,0.34239283203793686,0.3421817295205599,0.34206890487895014,0.34203593757807643,0.0,0.0,0.0,0.0,0.0,0.0,0.0,0.0,0.0,0.0,0.0,0.0
0.0,0.0,0.0,0.0,0.0,0.0,0.0,0.0,0.0,0.0,0.0,0.0,0.34254992997220507,0.34251229843421366,0.34257041097177166,0.3427390219319373,0.3429812332039196,0.34325769663040856,0.3435369550154729,0.34379742980004896,0.34402632822836626,0.34421740494628517,0.34436864104209347,0.3444803321580649,0.34455370721578144,0.34459002132128874,0.3445900213398303,0.344553707191468,0.344480332114402,0.34436864104374443,0.34421740489585056,0.3440263282277356,0.34379742976471483,0.3435369550120815,0.3432576967045454,0.3429812332706634,0.3427390219711573,0.3425704110161424,0.3425122985005202,0.3425499300932116,0.0,0.0,0.0,0.0,0.0,0.0,0.0,0.0,0.0,0.0,0.0,0.0
0.3462587646314823,0.3462459649054993,0.34620704312715767,0.3461404075834889,0.3460433307681678,0.3459118548375466,0.3457407009169157,0.34552321797514124,0.3452513835024637,0.3449156472814329,0.3445035352175477,0.3439927346745604,0.3433229667057271,0.34308102216284825,0.343050271075746,0.3431563445198512,0.3433444588138962,0.3435717074119297,0.3438067969859179,0.34402895513683973,0.34422586538723204,0.34439127936879643,0.34452283817937274,0.3446203536304674,0.34468458222147197,0.34471641893954125,0.3447164189012534,0.34468458223549453,0.34462035365952415,0.3445228382039672,0.344391279332362,0.3442258653502349,0.3440289550672423,0.34380679700814326,0.3435717074913328,0.34334445888673504,0.3431563445766116,0.34305027112392456,0.3430810222073197,0.3433229667554449,0.3439927347010058,0.3445035353119417,0.3449156474139716,0.345251383591239,0.34552321795326313,0.3457407008426767,0.34591185473765007,0.34604333047604785,0.3461404073306862,0.3462070428251359,0.34624596452384526,0.3462587642030229
0.34627141655364774,0.34625897439597086,0.3462211722061893,0.3461565683093965,0.3460627196976977,0.3459361522827706,0.3457723909152449,0.34556615299165977,0.34531188844621247,0.34500500369287046,0.34464456329369086,0.34424022054183384,0.34383582479908625,0.34361059581026293,0.34354584109975445,0.34360185424488515,0.3437357845904279,0.3439105240950719,0.34409796745673715,0.3442789634518139,0.3444417498954929,0.34457995534884023,0.34469074434805386,0.34477334026354345,0.3448279587316907,0.34485509529828295,0.34485509538453896,0.3448279587932873,0.3447733403121115,0.34469074427694807,0.3445799553536718,0.34444174986538006,0.3442789634448684,0.34409796750992994,0.3439105241602362,0.3437357846514297,0.3436018543069968,0.3435458411547208,0.3436105958292078,0.34383582474332114,0.344240220441143,0.3446445631284327,0.3450050036470169,0.3453118885077539,0.34556615311142025,0.345772391015158,0.3459361523652236,0.34606271967623803,0.346156568138756,0.34622117197258534,0.34625897408553563,0.3462714161902295
0.3462961698489516,0.3462843991800486,0.3462486935606367,0.3461878719938521,0.34609997671283127,0.3459823321149395,0.3458317244287119,0.345644844079036,0.3454192341265554,0.34515516745441865,0.34485916793755295,0.3445503244317122,0.3442703031175685,0.3440887852861837,0.3440172828631811,0.34403930269847655,0.3441273493604612,0.34425371132500027,0.3443956050808842,0.34453655754316564,0.3446658461690771,0.34477719981604804,0.344867418099323,0.34493519948911633,0.3449802582311135,0.3450027140090628,0.3450027140127342,0.3449802583308522,0.3449351995108778,0.3448674180690926,0.3447771997548256,0.3446658461213151,0.3445365576150376,0.3443956052037575,0.34425371142784567,0.34412734943445755,0.3440393027575299,0.34401728289180794,0.34408878522050296,0.34427030296736544,0.3445503242269827,0.34485916777422626,0.3451551672502732,0.3454192340785094,0.34564484418881436,0.34583172465306505,0.34598233233550696,0.34609997686481675,0.34618787195972633,0.3462486934888827,0.3462843989789618,0.3462961695503174
0.34633200075632814,0.3463211398520803,0.34628826318828654,0.34623250116008064,0.3461524620317413,0.34604636077248335,0.3459122994594991,0.34574882264752216,0.3455559338649912,0.3453368103282489,0.34510039675035115,0.3448646081126415,0.3446582029383497,0.344514704028144,0.3444461805048743,0.34444642362325817,0.34449904887736416,0.34458498620140227,0.3446870983332044,0.34479209969130453,0.3448907510791153,0.34497722117002166,0.3450481932866824,0.34510201751664993,0.345138026512572,0.34515603875451195,0.3451560387737081,0.34513802653389203,0.34510201747454666,0.34504819331702796,0.3449772211351071,0.34489075105652256,0.3447920997645954,0.3446870984799874,0.3445849863710071,0.3444990490157007,0.3444464236934501,0.3444461804627466,0.34451470390131955,0.3446582027335382,0.3448646078628235,0.34510039652625996,0.3453368102155988,0.345555933730517,0.34574882264288465,0.34591229962280096,0.34604636102329317,0.3461524622965344,0.3462325013185159,0.3462882631750154,0.34632113981615287,0.3463320005626693
0.3463775451371801,0.3463677426235006,0.3463381402681379,0.346288175524238,0.3462169964401345,0.3461236258246252,0.3460072706678394,0.3458678565186653,0.3457068845912187,0.3455286662538422,0.3453418126183304,0.3451603857140906,0.34500320389400313,0.3448888507236063,0.3448260956890548,0.3448128851654563,0.34483972788952605,0.3448940825142264,0.34496369629379936,0.3450383891995126,0.3451106016423463,0.3451752141696607,0.34522905154097167,0.3452703253807938,0.34529814063445896,0.3453121132245727,0.3453121132429835,0.34529814054934305,0.345270325390038,0.3452290515446583,0.3451752141702447,0.3451106017273451,0.34503838932206193,0.3449636964295117,0.34489408266817884,0.3448397280265255,0.3448128852183805,0.3448260956389318,0.34488885058660496,0.3450032036734349,0.3451603854351916,0.3453418123333947,0.3455286660595728,0.3457068845249725,0.3458678565297067,0.3460072707809291,0.34612362606182634,0.34621699668313394,0.3462881757837189,0.34633814037369015,0.3463677426461273,0.34637754503263224
0.3464312525259557,0.3464225701231107,0.3463964146102851,0.34635248733062685,0.3462903839367769,0.34620976140957155,0.34611062005756504,0.34599374371282565,0.3458613225365473,0.3457177210276414,0.3455701940298858,0.34542907933291744,0.34530668393040154,0.34521420290438837,0.34515759889497016,0.3451364500589408,0.345145321268645,0.3451761723185247,0.34522053355906096,0.3452708999601399,0.3453213470033903,0.34536760205816597,0.3454068223350489,0.3454372635341896,0.3454579481992407,0.3454683882821176,0.34546838820742587,0.345457948159104,0.3454372635584882,0.34540682234765213,0.3453676021253545,0.34532134713572715,0.3452709001232689,0.34522053371526634,0.3451761724313431,0.3451453213247108,0.3451364500442072,0.3451575988266077,0.34521420277011866,0.34530668372906215,0.34542907907764664,0.34557019374706793,0.34571772079232266,0.3458613224737182,0.3459937437619644,0.34611062021548455,0.3462097616032872,0.34629038418368097,0.3463524875215887,0.34639641480036515,0.3464225701871829,0.34643125251166895
0.34649153055840937,0.3464839577171962,0.3464611988469819,0.34642315776467797,0.346369761753424,0.3463011073583056,0.3462176892070419,0.346120724228554,0.3460125608295336,0.3458971044495646,0.34578009613886307,0.3456689532527944,0.34557183413686016,0.34549583702943326,0.3454450021310112,0.3454195295213311,0.34541633413130857,0.3454303393237955,0.3454558223858724,0.3454874078481409,0.3455206117774646,0.34555201758977366,0.34557921733503655,0.34560063748811315,0.3456153312960707,0.34562278772994937,0.3456227876828742,0.3456153313133725,0.34560063752899955,0.34557921740262737,0.3455520177172448,0.3455206119374004,0.34548740800511296,0.34545582252180257,0.3454303394139065,0.34541633412519834,0.34541952943687476,0.34544500198982225,0.34549583684918833,0.3455718339572578,0.3456689530937141,0.3457800959851263,0.34589710430671733,0.3460125607582806,0.34612072426739776,0.3462176892512733,0.3463011075136806,0.3463697619589524,0.34642315794775996,0.34646119899338373,0.3464839578078889,0.3464915305789435
0.34655685890108795,0.34655033279528086,0.34653076241216474,0.34649819173221647,0.3464527676129749,0.34639485463241126,0.34632520499582825,0.34624517890114365,0.3461569905069398,0.3460639188808329,0.3459703703806043,0.3458816372325872,0.3458032256570013,0.3457398050869152,0.3456941589012871,0.34566670428833296,0.3456557179164587,0.3456580305499889,0.3456698390846528,0.34568737874322525,0.34570735182073536,0.3457271235114943,0.3457447471497912,0.34575888830687446,0.3457687042525963,0.3457737182229453,0.3457737182786041,0.34576870430885814,0.3457588883760346,0.34574474728426585,0.3457271237027538,0.3457073519948708,0.34568737888912365,0.3456698391952219,0.3456580305737894,0.34565571785056914,0.3456667041671774,0.34569415872499987,0.3457398048840426,0.34580322550084375,0.34588163716217124,0.3459703703586636,0.3460639188572641,0.34615699047969084,0.3462451789084157,0.34632520500178765,0.3463948546187697,0.3464527676916459,0.3464981918944686,0.3465307625108557,0.34655033290044635,0.34655685889796445
0.34662586536419937,0.3466202911129221,0.34660360627940895,0.346575941614123,0.34653757069316304,0.3464889948262422,0.346431059987256,0.3463650959044449,0.3462930525075257,0.34621758813967385,0.3461420394955101,0.34607019799049604,0.34600585422687175,0.3459521765708883,0.34591112963478454,0.34588318539799656,0.34586741465251863,0.3458618641773859,0.3458640429323905,0.34587136429129284,0.34588146290769917,0.34589237100332915,0.3459025779130068,0.3459110098964994,0.3459169655516609,0.34592003634668406,0.34592003642859825,0.3459169656494679,0.34591101000577307,0.3459025781202494,0.3458923712289674,0.3458814630912031,0.3458713644294764,0.3458640429932943,0.34586186413174125,0.34586741454089664,0.345883185264688,0.34591112949403313,0.3459521764349429,0.34600585412310003,0.34607019794180927,0.3461420395023475,0.3462175881808681,0.34629305254425663,0.34636509591658,0.3464310599890286,0.34648899476013634,0.34653757063283697,0.34657594162674044,0.3466036063339736,0.34662029114358134,0.34662586543755547
0.34669736664019324,0.34669263354159346,0.34667848872309687,0.34665510771267366,0.3466228228263044,0.3465821815533586,0.346534021721471,0.34647955325443763,0.3464204265986231,0.3463587562261437,0.3462970599333972,0.34623807997978384,0.3461844808406655,0.34613847491849226,0.3461014874085617,0.3460739816715376,0.3460554954014723,0.34604484907654887,0.3460404378126905,0.346040518436299,0.3460434350388004,0.3460477624837574,0.34605237296749736,0.34605644339421227,0.3460594241717714,0.34606098966330917,0.34606098969911653,0.3460594242917391,0.34605644357414445,0.3460523731966356,0.3460477626933864,0.34604343521010406,0.34604051853996826,0.3460404378266651,0.34604484900847016,0.34605549530126517,0.34607398157252633,0.34610148732460677,0.3461384748558815,0.3461844808019226,0.3462380799635166,0.3462970599404442,0.34635875626273827,0.3464204266528868,0.34647955327566343,0.3465340217033506,0.34658218149535236,0.3466228227270993,0.346655107595144,0.34667848866040357,0.34669263351924196,0.3466973666645313
0.3467703788881857,0.34676637332181587,0.34675441778217625,0.3467347032306591,0.3467075752663801,0.34667357081406086,0.3466334637219607,0.34658830865945706,0.34653946976504757,0.3464886133645151,0.3464376441788334,0.3463885710299145,0.34634330731536533,0.346303441162722,0.3462700362097998,0.3462435246150472,0.34622372046468974,0.34620993753743606,0.3462011661317763,0.34619625873133997,0.3461940871587271,0.3461936527745228,0.34619414719270764,0.3461949703280018,0.34619571724993836,0.3461961465529449,0.3461961465523376,0.34619571735096855,0.34619497053133114,0.3461941473808216,0.3461936529429202,0.346194087284503,0.34619625880052934,0.34620116613057056,0.34620993750463924,0.34622372042392535,0.3462435245627808,0.34627003616180213,0.34630344115113126,0.3463433073427846,0.3463885710670134,0.34643764421170836,0.3464886134019042,0.34653946979481437,0.346588308654136,0.34663346366514525,0.3466735707515169,0.3467075751536587,0.3467347030721137,0.34675441758295983,0.34676637326413556,0.3467703788569101
0.3468441096057015,0.34684072333676,0.3468306251705909,0.346814003566734,0.3467911890853856,0.3467626769952933,0.34672915192982473,0.346691508845951,0.3466508596140711,0.34660851338882376,0.34656592023079247,0.34652457322796476,0.3464858763385071,0.3464510004964982,0.3464207620397438,0.3463955561094278,0.3463753608668445,0.3463598057098557,0.3463482799262697,0.3463400530659024,0.346334383166465,0.34633059838461056,0.3463281469364385,0.3463266168428093,0.3463257309025911,0.3463253254294942,0.34632532541533545,0.34632573093539754,0.3463266169771728,0.34632814707761495,0.3463305985015306,0.3463343832665256,0.3463400531209132,0.3463482799361567,0.34635980571133296,0.34637536087066245,0.3463955561125879,0.3464207620483833,0.34645100052432154,0.34648587639560136,0.34652457330660713,0.3465659203092512,0.34660851344537386,0.3466508596264734,0.3466915087972177,0.3467291518319177,0.346762676905741,0.34679118898197836,0.3468140033581742,0.3468306249384104,0.34684072313720493,0.34684410958046913
0.34691793783985747,0.3469150721377536,0.3469065321795261,0.34689249274916256,0.3468732547865721,0.3468492574180817,0.34682108989409355,0.3467894988377279,0.3467553837232177,0.34671977414010857,0.34668378360447577,0.34664853915925425,0.34661509314638633,0.3465843314193146,0.34655689741754336,0.3465331500412139,0.34651316439074714,0.3464967723784726,0.3464836306211705,0.3464732990185949,0.34646531483402954,0.34645925171204733,0.3464547581535663,0.34645157452197484,0.3464495306375667,0.3464485300618073,0.34644853005936904,0.34644953063285067,0.3464515745579843,0.3464547582430471,0.3464592518040885,0.3464653149203131,0.34647329906600216,0.3464836306413977,0.3464967723958329,0.3465131644265723,0.3465331500979023,0.3465568974851031,0.3465843314943836,0.3466150932248865,0.3466485392439832,0.34668378369952163,0.34671977421032935,0.34675538373361914,0.3467894987663884,0.34682108977806,0.3468492572972167,0.3468732546668129,0.3468924925586353,0.3469065319279049,0.34691507189413734,0.34691793765923473
0.3469913881550711,0.3469889565874303,0.3469817135729038,0.34696981507780766,0.3469535262033881,0.3469332263437574,0.346909413640387,0.3468827044889722,0.34685382427905465,0.34682358576891853,0.3467928526855686,0.3467624893050637,0.34673330094069443,0.34670597432886846,0.3466810292246793,0.346658791370383,0.3466393921156053,0.34662279332392054,0.34660883058270303,0.346597264954427,0.3465878335859381,0.34658029153194614,0.3465744399805287,0.3465701387633828,0.3465673039857179,0.3465658945739363,0.3465658946030979,0.34656730401037494,0.3465701387628597,0.3465744400118784,0.34658029159268033,0.3465878336326098,0.34659726499204235,0.3466088306285055,0.3466227933747174,0.346639392169604,0.34665879144748385,0.34668102934046663,0.34670597445483387,0.3467333010436502,0.3467624893905735,0.3467928527627637,0.3468235858330541,0.3468538242841136,0.34688270441818386,0.3469094135280512,0.3469332261989714,0.346953526039477,0.3469698149052146,0.34698171335065225,0.3469889563783627,0.34699138790621
0.3470641049900531,0.34706203365609156,0.3470558646584285,0.3470457338873163,0.347031869641148,0.3470145942120729,0.34699432385648576,0.3469715644918045,0.34694690111398907,0.3469209789242087,0.3468944752343637,0.346868063324037,0.3468423718384771,0.34681794540776073,0.3467952132173748,0.34677447145800555,0.34675588276511776,0.3467394919618502,0.34672525410075855,0.3467130688804979,0.3467028151855054,0.3466943802067216,0.34668767912902343,0.34668266306552836,0.34667931545334,0.346677638945801,0.3466776389831068,0.34667931550777153,0.346682663056745,0.34668767910865395,0.34669438021896326,0.3467028151972727,0.3467130689125479,0.34672525416624017,0.34673949204349486,0.3467558828487927,0.3467744715590556,0.3467952133529075,0.34681794556441853,0.34684237197613876,0.34686806341645376,0.34689447529587936,0.3469209789654727,0.3469469011010833,0.34697156442356675,0.34699432374547945,0.3470145940449027,0.34703186943346437,0.34704573370061725,0.3470558644801775,0.3470620334651076,0.3470641048274398
0.34713582816501737,0.34713405462847263,0.3471287727201703,0.3471200987082858,0.347108226313351,0.347093426321182,0.3470760441186093,0.3470564939331789,0.3470352486146566,0.347012823904303,0.34698975699415785,0.34696658051988294,0.3469437945331607,0.3469218400792001,0.34690107847053964,0.3468817797934255,0.3468641224936441,0.34684820363875957,0.34683405746738216,0.34682167852694495,0.3468110451849428,0.34680213950192246,0.34679496013091127,0.3467895263138891,0.3467858724471488,0.346784034569248,0.34678403458517404,0.3467858724622327,0.34678952627268506,0.3467949600668932,0.3468021394753369,0.346811045190848,0.34682167854909196,0.3468340575237135,0.3468482037402504,0.34686412262223293,0.34688177993261066,0.34690107862708963,0.34692184025582884,0.34694379469690173,0.3469665806255453,0.3469897570464139,0.34701282390327587,0.34703524856530854,0.34705649385353765,0.34707604400117625,0.34709342614383615,0.34710822609237785,0.34712009850978787,0.34712877257050095,0.34713405446104423,0.3471358280157465
0.34720637086254397,0.34720484328138723,0.3472002935748199,0.3471928199666671,0.34718258534060786,0.34716981567056315,0.3471547965243436,0.3471378671098623,0.3471194111576655,0.34709984416609296,0.34707959714002884,0.34705909778010835,0.3470387509126292,0.34701892051538424,0.3469999158820496,0.3469819840609613,0.34696530965832806,0.34695002174456563,0.34693620636070555,0.3469239222182423,0.3469132166242867,0.3469041386446233,0.3468967468913472,0.3468911102635112,0.3468873006061088,0.3468853786711786,0.3468853786624404,0.3468873005687606,0.3468911101974424,0.34689674679409666,0.34690413856880603,0.3469132166118227,0.34692392223983853,0.34693620641168066,0.3469500218479849,0.34696530981651114,0.3469819842436182,0.3469999160731583,0.34701892071367973,0.34703875108875926,0.34705909790099965,0.34707959717635256,0.34709984411026384,0.347119411054517,0.3471378669968546,0.3471547963949203,0.3471698155068176,0.3471825851518165,0.34719281979257904,0.34720029344869907,0.34720484315625016,0.3472063707070477
0.34727560197226715,0.3472742777479028,0.34727033290788745,0.3472638498589283,0.3472549648342921,0.34724386575515176,0.347230788540502,0.34721601157529336,0.34719984792673797,0.34718263518598425,0.3471647231811082,0.3471464602933893,0.34712817964638315,0.3471101867432664,0.34709275015196445,0.34707609653433297,0.34706041065440846,0.34704584017408463,0.34703250424396526,0.3470205042120222,0.34700993431378996,0.3470008900391284,0.3469934721829438,0.34698778488080356,0.3469839266657076,0.34698197602446423,0.346981976009627,0.3469839266328757,0.3469877848228314,0.3469934720719792,0.34700088991697275,0.3470099342597694,0.3470205042264709,0.34703250429843385,0.34704584027763236,0.3470604108168259,0.3470760967378687,0.3470927503673379,0.3471101869480481,0.34712817982668787,0.34714646042513564,0.347164723207794,0.34718263509851643,0.3471998477792311,0.34721601141699704,0.3472307883853505,0.34724386560319126,0.3472549646921782,0.3472638497364117,0.34727033281816944,0.3472742776777687,0.34727560187885764
0.34734343168529863,0.3473422759151609,0.3473388317914531,0.34733316825734545,0.34732539897725995,0.34731568009138813,0.34730420676595003,0.3472912083386563,0.3472769418541637,0.3472616840724648,0.3472457222054444,0.3472293439074395,0.34721282744108,0.3471964331111087,0.3471803969713774,0.347164927575113,0.34715020614795783,0.3471363900299965,0.3471236186778447,0.34711202098713134,0.3471017223441599,0.34709284963534814,0.34708553253364083,0.3470798993787216,0.34707606706978467,0.3470741263193552,0.34707412630718165,0.34707606705041966,0.347079899341806,0.34708553245018575,0.34709284951311986,0.3471017222509498,0.3471120209742016,0.3471236187291763,0.3471363901283904,0.3471502062953977,0.34716492776573016,0.34718039717436927,0.34719643329647937,0.34721282761092065,0.3472293440365018,0.3472457222407467,0.34726168399935026,0.3472769417034058,0.3472912081560278,0.3473042065852777,0.3473156799337048,0.347325398857777,0.3473331681742583,0.3473388317385313,0.3473422758966124,0.3473434316959894
0.3474097999675837,0.3474087841021682,0.3474057557623031,0.3474007726044584,0.34739392944920505,0.34738535619530614,0.34737521479494093,0.34736369513771004,0.34735100978569394,0.3473373877435368,0.34732306748266656,0.34730828958606247,0.34729328970459966,0.3472782926021298,0.34726350790933946,0.3472491280288406,0.3472353284294689,0.34722227021279434,0.3472101043782111,0.3471989768250302,0.34718903286701785,0.34718041989429144,0.3471732865837125,0.3471677772043928,0.3471640207367975,0.34716211590139645,0.34716211588778145,0.3471640207060445,0.34716777717512026,0.34717328654627816,0.34718041981964703,0.34718903277177493,0.3471989767784123,0.34721010440496913,0.347222270289948,0.3472353285453519,0.3472491281782986,0.34726350806645484,0.3472782927495606,0.3472932898412047,0.3473082896908294,0.34732306752774383,0.34733738770707495,0.3473510096701145,0.34736369497909564,0.3473752146333306,0.34738535605574383,0.3473939293470378,0.3474007725384737,0.3474057557221084,0.34740878409986264,0.3474098000424137
0.3474746677542433,0.3474737684897997,0.3474710867559234,0.3474666708219611,0.34746059992728523,0.3474529824711999,0.34744395345020795,0.34743367104606354,0.34742231240569305,0.3474100688183272,0.3473971404658527,0.3473837310078193,0.34737004252603015,0.3473562713884231,0.3473426054061826,0.3473292225283672,0.3473162912261119,0.3473039724742081,0.3472924228395422,0.34728179788697333,0.3472722549341112,0.34726395401653753,0.3472570555787267,0.3472517137555039,0.34724806496355837,0.34724621278488466,0.3472462127713162,0.34724806492791843,0.34725171373033964,0.34725705557590403,0.34726395399421994,0.34727225486776875,0.3472817978222372,0.3472924228259701,0.3473039725103115,0.34731629129674035,0.347329222619039,0.3473426054996647,0.3473562714768667,0.3473700426003741,0.3473837310678405,0.347397140508727,0.34741006881631303,0.3474223123449862,0.34743367095734845,0.3474439533700814,0.34745298240886074,0.3474605998780076,0.3474666707811078,0.3474710867182913,0.3474737684698955,0.34747466781405917
0.3475380104107803,0.34753720874475336,0.3475348172443787,0.34753087641252417,0.3475254526846592,0.34751863692651264,0.3475105422974047,0.3475013014720571,0.3474910633053023,0.3474799891109137,0.3474682487138624,0.34745601647612734,0.34744346767986545,0.3474307756695049,0.34741810998301464,0.34740563560244275,0.3473935134075234,0.34738190174410527,0.34737095870614,0.3473608444532288,0.34735172274665743,0.347343760657623,0.3473371252076727,0.3473319760215488,0.34732845357784725,0.3473266639986292,0.3473266639962324,0.34732845357192405,0.34733197602049287,0.34733712521818166,0.34734376065969264,0.347351722714207,0.34736084439243886,0.34737095865512085,0.34738190172559424,0.34739351341764463,0.3474056356233617,0.347418110000173,0.34743077566952413,0.3474434676646474,0.3474560164808523,0.3474682487537341,0.3474799891518058,0.3474910633207608,0.3475013014817559,0.3475105423263362,0.3475186369663711,0.3475254527116141,0.3475308764203646,0.3475348172371799,0.3475372087266264,0.34753801042641086
0.34759981295888875,0.34759909337903033,0.34759694607796204,0.3475934051647099,0.34758852659718953,0.34758238696670535,0.3475750817340051,0.347566723011522,0.347557436956541,0.3475473608996789,0.3475366403813736,0.34752542626526206,0.34751387217801544,0.3475021325501321,0.3474903614279484,0.3474787121303343,0.34746733776315064,0.3474563924915389,0.3474460332556506,0.34743642135533626,0.3474277231304555,0.34742010875436274,0.3474137481852568,0.34740880342051933,0.34740541656368684,0.3474036946101385,0.3474036946239916,0.3474054165994239,0.34740880345316105,0.34741374819843507,0.347420108757529,0.3474277231215701,0.3474364213127583,0.34744603318029893,0.3474563924115332,0.34746733769543053,0.3474787120714806,0.34749036135918215,0.3475021324503492,0.34751387207293744,0.3475254262193905,0.347536640421709,0.3475473609934771,0.34755743706647496,0.3475667231308789,0.3475750818630537,0.34758238708780514,0.347588526687057,0.3475934052275998,0.34759694613260705,0.3475990934126244,0.34759981296819875
0.34766006664068283,0.34765941644946535,0.34765747563086546,0.34765427305645275,0.3476498561366959,0.347644289839789,0.3476376552550879,0.34763004786072804,0.3476215755066839,0.3476123561974124,0.3476025158793352,0.34759218638255757,0.34758150364088536,0.3475706063662309,0.34755963533641016,0.3475487333541617,0.3475380458270223,0.34752772183872455,0.3475179154621665,0.3475087868306512,0.3475005022106708,0.34749323218454786,0.34748714715115087,0.3474824093095074,0.34747916064803314,0.34747750788224974,0.34747750789675824,0.34747916068884366,0.3474824093549991,0.34748714717538814,0.34749323219459866,0.3475005022135538,0.3475087867974729,0.34751791536586946,0.3475277216961716,0.34753804567400737,0.3475487332107989,0.3475596351868324,0.3475706061948677,0.3475815034845347,0.347592186303357,0.34760251590694546,0.34761235631969867,0.34762157569358804,0.34763004807814746,0.3476376554715004,0.3476442900303265,0.3476498562851683,0.3476542731749953,0.34765747574910627,0.3476594165488431,0.347660066679318
0.3477187664858338,0.3477181752517009,0.3477164098948435,0.3477134950117018,0.34770947104444744,0.3477043934832919,0.3476983317210539,0.3476913677238641,0.3476835944830759,0.34767511431351944,0.3476660372217421,0.3476564794740099,0.34764656239184366,0.34763641148380586,0.34762615607081365,0.34761592946811154,0.3476058696321757,0.3475961201110845,0.3475868310702576,0.34757815997929936,0.3475702712581328,0.3475633340971549,0.34755751766542786,0.3475529828979645,0.34754987049513975,0.34754828612419886,0.3475482861187658,0.34754987049528374,0.3475529829259842,0.3475575177107964,0.3475633341326384,0.34757027126451695,0.34757815993252983,0.34758683094598153,0.34759611991604367,0.347605869407239,0.34761592924681195,0.34762615585637413,0.3476364112826212,0.34764656223180684,0.34765647938258387,0.3476660372205662,0.34767511442339105,0.34768359470084564,0.347691368004957,0.34769833201097883,0.34770439375027035,0.347709471271693,0.3477134952006731,0.3477164100662095,0.3477181753919371,0.3477187665478477
0.3477759096462233,0.3477753687555973,0.3477737532378074,0.3477710842042935,0.34776739639750887,0.3477627375567035,0.347757167530847,0.3477507572619204,0.34774358760433716,0.34773574804241153,0.3477273355136021,0.3477184534393235,0.34770921094268287,0.3476997223262995,0.34769010695383973,0.34768048959100867,0.3476710011089575,0.3476617793668548,0.34765297003983464,0.3476447270115621,0.34763721173192,0.34763059082881104,0.3476250311415075,0.3476206913957002,0.3476177102922044,0.3476161919695419,0.3476161919442746,0.3476177102479502,0.34762069139239676,0.34762503119285276,0.3476305908832021,0.3476372117359726,0.34764472694416904,0.34765296989371264,0.34766177914677365,0.34767100084211944,0.34768048930796186,0.3476901066861532,0.3476997221111,0.3477092107960291,0.3477184533515065,0.34772733549326945,0.34773574813149444,0.34774358782262876,0.3477507575669597,0.3477571678609642,0.3477627378809248,0.3477673967008947,0.34777108447180555,0.3477737534627081,0.34777536891998934,0.3477759097158273
0.34783149431539734,0.3478309966092762,0.34782950965913056,0.34782705173140177,0.3478236528841564,0.34781935449356927,0.34781420859011186,0.34780827707311324,0.34780163081755333,0.34779434874104037,0.3477865169858965,0.34777822828265054,0.34776958147346526,0.3477606812630421,0.3477516383093103,0.3477425696838379,0.3477335996104467,0.3477248603042081,0.347716492670936,0.347708646497326,0.3477014796180216,0.34769515538448725,0.34768983760365463,0.34768568221845847,0.34768282554370616,0.34768136992581106,0.34768136990029885,0.34768282548976825,0.3476856821862127,0.34768983762117533,0.34769515542007984,0.34770147961441344,0.3477086464251569,0.3477164925268584,0.34772486009206754,0.347733599336816,0.34774256936919984,0.3477516380066401,0.34776068103270913,0.3477695813294473,0.3477782282002935,0.3477865169648042,0.3477943488227343,0.3478016310269838,0.34780827737285513,0.34781420892151693,0.3478193548324434,0.34782365322561054,0.3478270520556835,0.34782950993230116,0.34783099679318036,0.34783149438346855
0.34788551906242465,0.34788505855856633,0.3478836824228407,0.3478814065843295,0.3478782572393296,0.3478742705234597,0.34786949202716966,0.3478639761834419,0.34785778560590797,0.347850990447733,0.34784366786418736,0.34783590161580474,0.34782778181476626,0.3478194048898738,0.3478108738511359,0.34780229884814134,0.3477937979280938,0.34778549783606183,0.3477775346337611,0.3477700537813374,0.34776320918334164,0.34775716053761463,0.34775206822750915,0.3477480851052891,0.3477453449014293,0.3477439480490063,0.34774394803835545,0.3477453448659882,0.3477480850509259,0.34775206818248533,0.34775716051780825,0.3477632091603249,0.3477700537143001,0.34777753450839527,0.3477854976533146,0.3477937976826232,0.3478022985522605,0.34781087355980916,0.34781940466347405,0.34782778166670214,0.3478359015256818,0.34784366783130793,0.3478509905075745,0.34785778578523685,0.34786397645729544,0.3478694923458728,0.3478742708617041,0.347878257590623,0.3478814069273369,0.3478836827095527,0.3478850587329799,0.347885519101374
0.3479379824475786,0.3479375541328733,0.34793627392565024,0.3479341558089654,0.34793122278846567,0.3479275066707039,0.3479230477101565,0.3479178941357665,0.3479121016834949,0.3479057331881969,0.34789885825824884,0.3478915530609401,0.3478839002451219,0.3478759890714766,0.34786791581056986,0.3478597843830597,0.3478517071349999,0.34784380560403294,0.34783621108482426,0.3478290646643401,0.34782251620286425,0.3478167216004044,0.3478118376830436,0.3478080141042687,0.34780538192028887,0.3478040396058842,0.34780403960664136,0.3478053819006126,0.3478080140354746,0.3478118375830276,0.3478167215138075,0.34782251613622567,0.3478290645865869,0.3478362109787046,0.3478438054660058,0.34785170695258605,0.34785978415906554,0.34786791558355484,0.3478759888819055,0.3478839001008213,0.3478915529512592,0.3478988581906724,0.3479057331989978,0.3479121018058408,0.34791789436493037,0.3479230480119658,0.34792750701031666,0.3479312231361842,0.34793415613100037,0.3479362741720831,0.3479375542493496,0.34793798241821755
0.34798888284487306,0.34798848250466136,0.3479872856819017,0.3479853047221262,0.3479825599814554,0.347979079670303,0.34797489959124084,0.3479700627901797,0.34796461925496847,0.34795862567902625,0.3479521452836173,0.3479452477500376,0.3479380092996992,0.347930512957901,0.34792284904324394,0.3479151158662664,0.3479074205313753,0.3478998796902391,0.347892620067865,0.3478857784607471,0.3478795006891314,0.347873938857118,0.3478692462753488,0.34786556943520847,0.34786303672115376,0.3478617446520125,0.34786174465114733,0.3478630366982779,0.3478655693581945,0.3478692461455272,0.34787393870979305,0.34787950055545036,0.3478857783516829,0.34789261998421855,0.3478998796159472,0.3479074204355275,0.347915115736388,0.34792284889809094,0.3479305128187439,0.347938009170805,0.34794524763344953,0.34795214519921996,0.3479586256603927,0.34796461932670697,0.3479700629559524,0.34797489983724966,0.3479790799647147,0.3479825602768801,0.34798530497225977,0.3479872858431309,0.34798848253921844,0.34798888274858614
0.34803821841678045,0.3480378424833736,0.34803671840335076,0.3480348571464921,0.3480322768562378,0.34802900273006,0.3480250668263774,0.3480205078348612,0.3480153709166225,0.34800970758642263,0.3480035756306864,0.34799703915538877,0.34799016881076916,0.3479830421719926,0.3479757442889286,0.34796836841526885,0.3479610168443046,0.34795380168576445,0.3479468453684467,0.3479402805807091,0.34793424920772553,0.3479288996546541,0.347924381839493,0.3479208392087069,0.3479183975618579,0.347917151517627,0.3479171515075087,0.34791839752223064,0.34792083912055005,0.3479243816906563,0.3479288994578642,0.34793424901063763,0.34794028044394065,0.34794684531477854,0.34795380167844087,0.3479610168278349,0.34796836836617084,0.34797574421636457,0.3479830420871874,0.34799016871812954,0.34799703906998364,0.3480035755819788,0.34800970759145633,0.34801537096570173,0.3480205079175808,0.3480250669487912,0.34802900288791067,0.3480322770159208,0.34803485726730543,0.3480367184535672,0.34803784244747193,0.3480382183099653
0.3480859871635307,0.3480856325931231,0.34808457216498434,0.3480828157009271,0.3480803794893638,0.3480772861862705,0.3480735646833549,0.3480692499880115,0.3480643831751874,0.3480590113568759,0.3480531876703936,0.3480469714145729,0.3480404283920623,0.34803363139355287,0.34802666079487315,0.3480196052968114,0.3480125627901248,0.3480056411803935,0.34799895888894883,0.34799264473818453,0.3479868368831027,0.3479816802067376,0.3479773213842386,0.34797390095949454,0.3479715422885708,0.3479703381994163,0.3479703381805914,0.34797154222874715,0.34797390084855523,0.3479773212106825,0.34798167997990964,0.34798683665892105,0.3479926445940691,0.34799895885286386,0.34800564120725697,0.34801256282097887,0.3480196053121249,0.34802666080059985,0.3480336313886626,0.34804042837281923,0.34804697139862806,0.3480531876858231,0.34805901139879153,0.34806438320033234,0.34806924996984057,0.34807356464249933,0.3480772861521759,0.348080379462028,0.3480828156608287,0.348084572096323,0.3480856325083664,0.348085987110577
0.34813218698408377,0.3481318511634743,0.3481308465853687,0.3481291821095408,0.3481268724586415,0.3481239381345643,0.3481204053491739,0.3481163059899473,0.348111677644493,0.348106563640063,0.3481010131062838,0.34809508118467086,0.34808882945080694,0.34808232647770443,0.34807564848255607,0.348068880080207,0.3480621151652205,0.34805545776999813,0.3480490225769467,0.34804293480030113,0.34803732913475466,0.34803234717615833,0.3480281325316351,0.34802482299487875,0.34802253963807683,0.34802137363714547,0.34802137361157437,0.3480225395574765,0.3480248228536245,0.3480281323346719,0.3480323469487859,0.34803732892528666,0.3480429346598525,0.3480490225256983,0.3480554577874958,0.34806211522031927,0.3480688801607216,0.34807564858303475,0.34808232657915833,0.3480888295353083,0.34809508125644884,0.34810101317491604,0.34810656368373577,0.34811167761446493,0.3481163058636123,0.34812040515446757,0.3481239379183892,0.34812687225223893,0.348129181921022,0.3481308464177514,0.34813185105922706,0.34813218702006343
0.34817681574795184,0.3481764964180729,0.3481755409685147,0.3481739574443096,0.34817175923028804,0.34816896498946537,0.348165598661117,0.34816168948673354,0.3481572720648849,0.34815238644431323,0.3481470782739455,0.348141399084761,0.3481354067572021,0.34812916613114403,0.3481227497055163,0.3481162384320039,0.3481097226099523,0.3481033027331438,0.348097090010222,0.3480912063071706,0.34808578313338895,0.3480809590469789,0.3480768747924664,0.34807366559025954,0.34807145039171383,0.3480703188579828,0.3480703188235699,0.34807145028828057,0.3480736654256973,0.3480768745930377,0.34808095884865703,0.3480857829601719,0.348091206169671,0.3480970899260006,0.3481033027281054,0.3481097226898768,0.3481162385771223,0.3481227498885925,0.34812916632584817,0.34813540694225426,0.34814139924274684,0.34814707837995507,0.34815238646121943,0.34815727196008356,0.3481616892569241,0.3481655983359018,0.348168964621441,0.3481717588805794,0.34817395715458893,0.34817554075993723,0.34817649634563375,0.3481768158789751
0.3482198713981507,0.348219566591949,0.34821865444715616,0.34821714231655043,0.3482150424354562,0.34821237188762644,0.3482091526682257,0.348205411755774,0.34820118117583254,0.3481964981315763,0.34819140523857356,0.34818595087890347,0.34818018969566855,0.34817418321993393,0.34816800061609715,0.3481617195421703,0.34815542706331915,0.3481492204591021,0.34814320775651647,0.34813750774960944,0.3481322490102023,0.3481275672863837,0.34812360068199005,0.3481204820518181,0.34811832839616047,0.3481172279846034,0.3481172279390132,0.3481183282728067,0.3481204818845257,0.3481236005101337,0.34812756713530024,0.3481322488765283,0.34813750762155354,0.3481432076573165,0.3481492204475564,0.3481554271693622,0.3481617197337727,0.34816800084780153,0.34817418347100193,0.3481801899501598,0.3481859510960073,0.34819140535811527,0.34819649810681236,0.3482011809954879,0.3482054114361245,0.3482091522404459,0.34821237141117983,0.3482150420008557,0.3482171419963987,0.3482186542716274,0.34821956659618086,0.348219871594097
0.34826135205814646,0.3482610600615022,0.34826018615316595,0.34825873709060146,0.34825672412759373,0.348254162998905,0.34825107402417643,0.3482474822176871,0.34824341736927716,0.34823891420858555,0.34823401270484955,0.3482287584808608,0.3482232033327407,0.3482174058642168,0.3482114322658589,0.3482053572337526,0.3481992648968518,0.3481932496104436,0.348187416530738,0.3481818816684286,0.34817677088671695,0.34817221733096637,0.3481683566829658,0.3481653196514242,0.3481632214643012,0.34816214911435955,0.34816214906420256,0.3481632213410317,0.34816531950954477,0.3481683565593305,0.34817221722923664,0.3481767707915383,0.34818188157097063,0.34818741645524054,0.3481932496125808,0.34819926501739507,0.3482053574508146,0.348211432528871,0.34821740614525876,0.34822320360562764,0.3482287586865423,0.3482340127741538,0.3482389141097399,0.34824341711758255,0.34824748184533527,0.3482510735634631,0.3482541625087028,0.348256723704674,0.34825873681531583,0.34826018605159104,0.3482610601289021,0.34826135224324645
0.3483012561055693,0.3483009754312259,0.34830013534740584,0.34829874208305855,0.34829680605131114,0.3482943418452861,0.3482913683435119,0.3482879088408748,0.34828399116769587,0.3482796478974823,0.34827491668749216,0.3482698407274077,0.3482644692871381,0.34825885837806675,0.34825307156409474,0.3482471808949045,0.34824126782332,0.34823542404152363,0.3482297521270263,0.34822436557168407,0.34821938775722683,0.348214949435138,0.34821118407427754,0.34820822044136174,0.34820617216849536,0.3482051250888269,0.348205125050785,0.34820617208081694,0.348208220351428,0.3482111840020385,0.3482149493733689,0.3482193877025854,0.34822436553257546,0.3482297521157199,0.3482354240812238,0.3482412679520202,0.34824718112156955,0.34825307184199156,0.3482588586484567,0.3482644694997292,0.3482698408286217,0.34827491663934734,0.3482796477061075,0.3482839908739354,0.3482879084854305,0.3482913679526628,0.34829434145626537,0.348296805731142,0.3482987418944359,0.3483001353072018,0.3483009754988708,0.34830125620308783
0.34833958222932676,0.3483393115828671,0.3483385014746736,0.3483371576608834,0.3483352898195922,0.34833291156760027,0.3483300405429525,0.3483266985375472,0.3483229116635316,0.34831871061336733,0.34831413102493447,0.34830921393634257,0.34830400635705605,0.3482985619860943,0.34829294206634465,0.3482872162894949,0.34828146369164387,0.3482757735691846,0.34827024616808167,0.3482649926797513,0.34826013422907554,0.34825579939476814,0.3482521196349313,0.3482492219502126,0.3482472185327022,0.3482461941743899,0.34824619416248215,0.34824721850710944,0.3482492219248855,0.3482521196096277,0.3482557993706745,0.3482601342281521,0.3482649927252376,0.3482702462526168,0.34827577367532325,0.34828146383300324,0.348287216492104,0.3482929422956983,0.34829856216267363,0.3483040064281714,0.34830921388905783,0.3483141308696693,0.34831871037905027,0.34832291139104293,0.34832669826220425,0.34833004028047265,0.3483329113262386,0.3483352896262903,0.3483371575554662,0.3483385014639443,0.34833931160711756,0.34833958223108424
0.3483763294949483,0.3483760677374507,0.3483752842176825,0.3483739842883767,0.3483721769798134,0.34836987505155714,0.3483670950564799,0.3483638574722306,0.34836018690827675,0.34835611241426784,0.34835166786278265,0.34834689239575173,0.3483418310095672,0.3483365353370287,0.3483310645402917,0.34832548618656956,0.34831987716088814,0.34831432463816175,0.3483089267410433,0.34830379255161154,0.348299041148923,0.3482947991634853,0.348291196237963,0.3482883577629988,0.34828639461737965,0.34828539065699593,0.3482853906706256,0.3482863946507273,0.3482883577990447,0.3482911962670117,0.3482947992008735,0.3482990412301204,0.3483037926959366,0.3483089269232246,0.3483143248110799,0.3483198773025988,0.34832548630967086,0.3483310646353355,0.3483365353500552,0.3483418309191471,0.3483468922381685,0.34835166767631337,0.3483561122122191,0.34836018670297203,0.34836385728735614,0.3483670949068945,0.34836987493356136,0.34837217689551253,0.34837398425389343,0.3483752842219146,0.3483760677255372,0.348376329453886
0.3484114973844939,0.34841124351270236,0.3484104835839791,0.34840922262096363,0.3484074690954634,0.34840523500547743,0.34840253593953807,0.34839939122129504,0.348395824146996,0.3483918623219244,0.34838753805832395,0.3483828888262055,0.3483779578561259,0.34837279495492063,0.3483674573993538,0.3483620108224425,0.3483565302085223,0.34835110084698,0.3483458189289305,0.3483407916173325,0.3483361361409114,0.34833197738582,0.3483284433669021,0.34832565801506127,0.3483237310063713,0.3483227453433274,0.3483227453727911,0.3483237310814915,0.348325658111167,0.34832844347510594,0.3483319775220714,0.3483361363258205,0.3483407918460538,0.3483458191642886,0.34835110103564576,0.3483565303120274,0.3483620108335119,0.3483674573360526,0.348372794818655,0.3483779576572667,0.3483828886183027,0.34838753788150856,0.3483918621675202,0.3483958240039352,0.34839939110893,0.34840253588125514,0.34840523499920445,0.3484074691225189,0.34840922265719065,0.3484104835955949,0.348411243483968,0.3484114973324201
0.34844508578338323,0.3484448389195063,0.3484440999413333,0.34844287359323267,0.34844116786958007,0.348438994096005,0.3484363670045716,0.34843330490780905,0.3484298299588924,0.34842596848878077,0.3484217514099051,0.34841721470115683,0.34841240005101254,0.3484073556642758,0.348402137116345,0.34839680830430153,0.34839144252361687,0.3483861233485995,0.3483809452320019,0.34837601360966386,0.34837144404440173,0.348367359845298,0.34836388756859976,0.3483611498356578,0.3483592552328061,0.3483582859811186,0.34835828602472674,0.3483592553521073,0.3483611500074814,0.3483638877783075,0.34836736008973673,0.3483714443141159,0.34837601387637296,0.34838094545470083,0.3483861234900813,0.34839144255843313,0.34839680822589686,0.34840213694870087,0.3484073554451365,0.3484123998016051,0.34841721446136187,0.348421751222338,0.3484259683562697,0.34842982987109516,0.3484333048778715,0.3484363670537273,0.3484389942168914,0.3484411680114586,0.34844287368145305,0.3484440999402107,0.34844483887048167,0.3484450856905376
0.3484770949560181,0.3484768543261377,0.3484761339753751,0.34847493840423793,0.34847327518653676,0.34847115505220777,0.3484685919758274,0.3484656033856655,0.3484622104436432,0.3484584383632816,0.3484543168062001,0.3484498804176219,0.34844516952038707,0.34844023088872655,0.3484351185805032,0.34842989497922905,0.34842463185105954,0.3484194111994486,0.348414325922308,0.3484094799204529,0.3484049872590125,0.3484009698155748,0.34839755282439244,0.34839485773726314,0.348392992168354,0.3483920376315946,0.34839203769815213,0.3483929923522408,0.34839485800106323,0.3483975531289644,0.34840097013089877,0.34840498755864396,0.3484094801722203,0.34841432609317974,0.34841941127109977,0.3484246318201935,0.34842989485186304,0.3484351183667508,0.3484402306242351,0.34844516923930396,0.3484498801529648,0.34845431661057963,0.34845843826681827,0.34846221043897047,0.3484656034620718,0.3484685921346022,0.34847115527359607,0.3484732753917105,0.34847493849418676,0.3484761339459093,0.348476854241719,0.34847709477825334
0.348507525548601,0.348507290457502,0.3485065866681289,0.34850541847297845,0.34850379306788093,0.3485017206512168,0.3484992145287038,0.3484962913475002,0.34849297139415863,0.3484892789000533,0.3484852424322882,0.3484808954691388,0.3484762771119093,0.3484714328253431,0.34846641533198247,0.3484612856937049,0.348456114273488,0.34845098166280364,0.3484459793635762,0.34844120991800465,0.34843678605018663,0.3484328283471259,0.34842946084240184,0.3484268039296562,0.34842496435487147,0.3484240229981053,0.34842402308751086,0.3484249645973964,0.348426804263039,0.34842946120087365,0.34843282868432535,0.3484367863369121,0.3484412101299951,0.34844597947995826,0.3484509816733587,0.3484561141883859,0.3484612855254211,0.34846641508776766,0.348471432527329,0.3484762768203746,0.34848089523175296,0.3484852422913688,0.3484892788841517,0.3484929714864284,0.348496291511868,0.3484992147474677,0.3485017208952994,0.3485037932526532,0.34850541852217193,0.34850658661467937,0.3485072903254372,0.3485075252860372
0.3485363785761885,0.3485361484024453,0.3485354593273892,0.3485343154670217,0.34853272368241167,0.3485306937050003,0.34852823826006546,0.34852537330341277,0.3485221183257034,0.34851849667079465,0.3485145359536725,0.3485102686540666,0.34850573278311636,0.3485009726212718,0.34849603972892274,0.3484909939585752,0.3484859044152403,0.3484808504306114,0.34847592225853347,0.3484712212125999,0.3484668588287231,0.34846295454431464,0.34845963131435836,0.34845700856845563,0.34845519225646504,0.3484542626832974,0.3484542627718211,0.3484551924956082,0.34845700889836173,0.3484596316743434,0.348462954884095,0.34846685910402647,0.34847122138818215,0.3484759223171316,0.34848085037805704,0.34848590427046044,0.34849099374241954,0.3484960394633733,0.34850097233587585,0.3485057325427424,0.3485102685149744,0.3485145359194956,0.34851849673676544,0.34852211847438097,0.3485253735018086,0.3485282384810953,0.34853069390694125,0.34853272379427075,0.34853431546515395,0.34853545925108176,0.34853614821561923,0.3485363782849805
0.3485636553638314,0.3485634295634124,0.3485627535669027,0.34856163132618906,0.3485600694065745,0.34855807713444525,0.34855566674409616,0.34855285359355814,0.3485496564521216,0.34854609784979457,0.34854220455906965,0.3485380081875518,0.34853354576909673,0.34852886056796467,0.34852400310862824,0.34851903212311824,0.3485140156162199,0.34850903180044096,0.3485041698105456,0.34849952984572224,0.34849522237134195,0.34849136581213597,0.3484880821609118,0.34848548996782874,0.34848369444846994,0.3484827753856101,0.3484827754421624,0.34848369461079887,0.3484854902209571,0.348488082481697,0.3484913661486695,0.34849522264092164,0.3484995299790391,0.34850416979733945,0.3485090316760184,0.3485140154177984,0.348519031883558,0.3485240028639611,0.3485288603682045,0.3485335456489233,0.3485380081738606,0.3485422046235048,0.3485460979573875,0.34854965660323906,0.3485528537800375,0.3485556669281865,0.34855807725752114,0.3485600694296403,0.34856163127644624,0.3485627534555726,0.3485634293440413,0.34856365513056187
0.34858935748936193,0.34858913558408705,0.34858847121939895,0.3485873681877358,0.3485858327905105,0.3485838739965494,0.34858150361587004,0.3485787364934225,0.34857559076647954,0.34857208824583835,0.3485682549589477,0.348564121706637,0.34855972465038143,0.34855510620004965,0.34855031591432967,0.34854541154551044,0.3485404601102796,0.34853553884794,0.34853073588679834,0.3485261504320606,0.3485218919791451,0.34851807802961665,0.3485148297113077,0.3485122647822946,0.3485104878004253,0.34850957809798555,0.34850957812456385,0.34851048788638966,0.3485122649448877,0.34851482995610195,0.3485180783084413,0.34852189219333307,0.3485261505029341,0.3485307358124917,0.3485355386823611,0.34854045990659055,0.34854541133637534,0.34855031574861595,0.3485551061270251,0.3485597246785326,0.34856412180241897,0.34856825508806627,0.34857208836800807,0.3485755908882985,0.34857873662233196,0.34858150370837643,0.34858387400326574,0.3485858327265405,0.34858736809916036,0.3485884710823506,0.3485891354040651,0.34858935738243385
0.3486134867612588,0.3486132683213997,0.34861261428905577,0.34861152830877545,0.34861001645609196,0.34860808738529,0.3486057525205691,0.3486030262422416,0.34859992613843566,0.3485964734209389,0.34859269346720345,0.3485886163196119,0.34858427739237585,0.34857971830930967,0.3485749877719654,0.34857014267384356,0.3485652491557562,0.3485603835746068,0.34855563319316846,0.3485510963307496,0.3485468816008989,0.34854310565099905,0.3485398888155994,0.34853734816053106,0.34853558768678955,0.3485346863370817,0.3485346863598632,0.34853558775052984,0.34853734825908267,0.34853988894255744,0.34854310578084163,0.3485468816839436,0.3485510963271414,0.34855563310789345,0.3485603834443469,0.34856524901368063,0.3485701425544674,0.3485749877210467,0.34857971836348456,0.34858427754375815,0.34858861649852513,0.34859269362790757,0.3485964735383765,0.3485999261990436,0.3486030262526114,0.3486057524639004,0.3486080872662925,0.3486100163350006,0.3486115282028666,0.3486126141691348,0.34861326825408157,0.34861348678323517
0.34863604518450964,0.34863582982539915,0.34863518495474244,0.348634114076765,0.3486326230820539,0.3486307203657161,0.34862841700454394,0.3486257269410652,0.34862266727624963,0.3486192587259165,0.3486155260804624,0.3486114987209755,0.3486072114117015,0.3486027050239764,0.34859802754883823,0.348593235109682,0.34858839307341977,0.34858357700862397,0.3485788733959773,0.3485743797744237,0.34857020395290383,0.3485664618028636,0.3485632729699982,0.34856075392503577,0.3485590081667194,0.3485581142652693,0.3485581142756362,0.34855900819246494,0.348560753949317,0.3485632729690247,0.3485664617623659,0.3485702038835837,0.3485743797043515,0.3485788733434575,0.348583576972445,0.3485883930543552,0.34859323512454526,0.3485980276248151,0.3486027051818888,0.3486072116241215,0.34861149893410015,0.3486155262282982,0.3486192587953159,0.34862266724332996,0.348625726808619,0.34862841681184953,0.3486307201778328,0.34863262294677705,0.34863411396495836,0.34863518488407264,0.3486358298719058,0.34863604528063075
0.3486570348930089,0.3486568222716312,0.3486561855196862,0.3486551280010847,0.34865365544085436,0.34865177602317426,0.3486495005283893,0.34864684250907496,0.34864381864868976,0.3486404492175377,0.34863675845673386,0.34863277521478975,0.3486285336188793,0.34862407391672073,0.3486194434459287,0.34861469769636555,0.3486099013384573,0.34860512924076026,0.3486004671633436,0.34859601191435846,0.3485918706070782,0.34858815846088614,0.3485849945131485,0.3485824946846779,0.3485807620083816,0.34857987471432167,0.34857987468932405,0.3485807619451024,0.34858249459829727,0.3485849943996189,0.34858815831506923,0.3485918704547301,0.34859601180658917,0.3486004671391484,0.34860512930252263,0.3486099014621143,0.34861469786118954,0.34861944364224207,0.34862407412650903,0.34862853382726877,0.3486327753872883,0.34863675855104515,0.34864044920661524,0.3486438185294774,0.348646842285529,0.34864950027751146,0.3486517758280639,0.3486536552937389,0.3486551278747859,0.3486561854984448,0.34865682237043555,0.34865703501055584
0.3486764580991868,0.34867624789665536,0.3486756183188118,0.3486745726090835,0.3486731163290858,0.34867125746190714,0.3486690065256411,0.3486663767593108,0.34866338451636075,0.3486600496367045,0.3486563958917163,0.3486524516344054,0.34864825043186637,0.34864383198606275,0.34863924307639943,0.34863453860679666,0.3486297826718009,0.3486250494920732,0.3486204241645244,0.3486160028761912,0.34861189214137966,0.34860820658396724,0.3486050646773704,0.34860258185404136,0.3486008607532809,0.34859997931578096,0.3485999792716312,0.34860086063699774,0.34860258169309183,0.3486050644866857,0.34860820638134626,0.3486118919671647,0.34861600277658406,0.34862042416774786,0.348625049608479,0.34862978289250734,0.34863453888583457,0.3486392433460888,0.34864383220897216,0.348648250596204,0.3486524517341993,0.3486563959180922,0.3486600495615738,0.34866338434578803,0.34866637651026205,0.34866900626603026,0.3486712572549117,0.3486731161490715,0.34867457249333633,0.34867561834678107,0.3486762479956199,0.3486764582093884
0.34869431707353715,0.34869410898543163,0.34869348569772807,0.3486924503804857,0.3486910084512702,0.3486891676815964,0.34868693833416325,0.3486843334053505,0.3486813689738703,0.3486780644908391,0.348674443341319,0.3486705333824932,0.3486663677578874,0.34866198567663137,0.3486574334177476,0.34865276536348333,0.3486480450451933,0.34864334614367876,0.3486387532207427,0.3486343619091029,0.3486302781642646,0.3486266160703934,0.3486234936064879,0.34862102578316195,0.3486193149037065,0.3486184386575816,0.34861843862479563,0.3486193148069671,0.34862102562442177,0.34862349339483667,0.34862661584229065,0.34863027798162516,0.34863436182518354,0.3486387532558926,0.3486433462939881,0.3486480452915368,0.3486527656638043,0.3486574337082235,0.34866198589810166,0.3486663678898646,0.34867053342729465,0.3486744432925512,0.3486780643622911,0.3486813687655347,0.34868433315518627,0.3486869380779636,0.3486891674540167,0.3486910082820776,0.3486924503497704,0.34869348577001397,0.3486941090540929,0.3486943171384261
0.3487106140917946,0.3487104078423843,0.34870979003251357,0.3487087637903778,0.3487073344273953,0.34870550951889334,0.348703299095046,0.3487007159500322,0.34869777588323797,0.3486944980445011,0.3486909054256874,0.348687025522472,0.3486828910740266,0.3486785409116482,0.3486740208413846,0.34866938473886006,0.34866469567101577,0.3486600268591025,0.3486554623808596,0.34865109737452277,0.3486470373171652,0.34864339583804344,0.3486402904835744,0.34863783587465164,0.3486361339987082,0.34863526232020237,0.3486352622940534,0.3486361339138499,0.34863783572287904,0.3486402902785937,0.34864339562663954,0.3486470371601189,0.3486510973155889,0.34865546243546713,0.3486600270204233,0.34866469591123944,0.34866938501097144,0.34867402109617723,0.34867854111064855,0.34868289117722195,0.3486870254975676,0.34869090528871904,0.3486944978358104,0.348697775653652,0.3487007157355657,0.3487032989013228,0.34870550934664174,0.3487073343656838,0.34870876386384814,0.34870979008797265,0.3487104078341785,0.3487106140721545
0.3487253513514681,0.34872514670098526,0.34872453365747674,0.348723515297736,0.3487220968438589,0.3487202857177068,0.3487180917840422,0.3487155276421042,0.34871260881879595,0.34870935418883575,0.3487057864288397,0.3487019327201521,0.3486978254755178,0.34869350312896175,0.34868901110302214,0.34868440287508246,0.3486797410833186,0.3486750985224351,0.34867055885319076,0.3486662167982263,0.34866217742568284,0.34865855396962986,0.3486554635943698,0.34865302056323266,0.34865132656562986,0.3486504588623749,0.3486504588143565,0.34865132642910907,0.34865302036492885,0.34865546338197684,0.34865855379752453,0.34866217733426424,0.3486662168050096,0.34867055895560695,0.34867509869973173,0.3486797412997221,0.34868440309023524,0.3486890112789014,0.3486935032269588,0.3486978254638639,0.34870193259049476,0.34870578620437553,0.34870935394214536,0.3487126086363864,0.34871552754983554,0.34871809174449736,0.348720285697849,0.3487220969090359,0.34872351537277085,0.3487245336095437,0.3487251465883817,0.348725351262412
0.34873853093897844,0.3487383276645296,0.3487377187508064,0.34873670721308786,0.34873529817038,0.34873349892774813,0.3487313192519786,0.3487287715347622,0.34872587107702824,0.3487226364873273,0.34871909024044895,0.34871525923002533,0.34871117552174474,0.3487068772330289,0.3487024094601546,0.34869782532980986,0.34869318712187297,0.3486885672790032,0.34868404910872575,0.3486797269646157,0.3486757055388645,0.34867209770850016,0.34866902031057156,0.3486665873088359,0.34866490013565093,0.3486640358707401,0.34866403579503763,0.3486648999364864,0.34866658705827364,0.34866902009093487,0.348672097576504,0.3486757055168413,0.348679727054004,0.34868404929006647,0.3486885674990993,0.3486931873083234,0.3486978254321086,0.3487024094641304,0.3487068771380124,0.3487111753338538,0.3487152589867435,0.34871909000958584,0.3487226363280085,0.34872587103072306,0.3487287716093334,0.34873131937651697,0.34873349906154505,0.3487352982725139,0.34873670718588207,0.3487377186014283,0.3487383275007548,0.3487385307938148
0.34875015484409805,0.34874995272839143,0.3487493473338335,0.3487483416353459,0.3487469406455734,0.34874515158649444,0.34874298412306215,0.34874045045648777,0.3487375656878026,0.34873434825510463,0.34873082041316483,0.34872700881795554,0.3487229452656809,0.34871866757329656,0.3487142205512077,0.34870965704757767,0.3487050390468309,0.3487004386833136,0.3486959389531914,0.3486916338889626,0.3486876278529521,0.34868403340762005,0.3486809671117764,0.3486785426879623,0.3486768613628196,0.34867600006190347,0.3486759999867471,0.34867686117090674,0.3486785424616612,0.34868096693656303,0.34868403333141706,0.3486876278851603,0.3486916340208001,0.3486959391521831,0.3487004388750087,0.34870503913977624,0.34870965699064776,0.3487142203547206,0.3487186672843026,0.34872294495101924,0.3487270085579276,0.3487308202707112,0.3487343482499527,0.3487375658005195,0.34874045063944176,0.3487429843402316,0.34874515179944376,0.3487469407140361,0.34874834152590883,0.34874934716123773,0.3487499525571699,0.3487501545938587
0.34876022492426145,0.34876002377377524,0.3487594213232652,0.34875842052111283,0.34875702631221905,0.3487552458750005,0.34875308871393035,0.34875056690711725,0.3487476953984016,0.3487444924486141,0.34874098011702026,0.3487371848612808,0.348733138270391,0.34872887794338253,0.3487244484602683,0.3487199024186718,0.34871530152599517,0.3487107176306474,0.348706233458799,0.3487019427886581,0.3486979497268698,0.34869436657799274,0.34869130966006373,0.3486888924874306,0.34868721611674003,0.3486863573472555,0.34868635730722625,0.3486872160174143,0.3486888923807947,0.3486913095990988,0.34869436658534975,0.34869794979087737,0.3487019428795694,0.3487062335331366,0.34871071763101275,0.3487153014068768,0.3487199021809929,0.34872444814901865,0.3487288776184285,0.34873313799364114,0.3487371846936268,0.34874098009417825,0.34874449255790174,0.34874769558965274,0.3487505671371261,0.348753088986695,0.34875524610500175,0.3487570263407756,0.348758420371623,0.3487594211498086,0.34876002356933816,0.3487602247248696
0.34876874282170306,0.3487685424793717,0.34876794246669196,0.34876694568281336,0.3487655570767864,0.3487637837550031,0.3487616351102833,0.34875912310474527,0.34875626257253944,0.3487530715948327,0.3487495720593285,0.34874579028025504,0.3487417577029198,0.3487375117513543,0.34873309680225456,0.3487285652328774,0.3487239785129492,0.34871940824497255,0.3487149369261799,0.34871065813368773,0.3487066757837286,0.34870310198334387,0.34870005284952266,0.3486976417107332,0.3486959694714694,0.3486951128238979,0.3486951128345654,0.34869596950485315,0.34869764176997614,0.34870005293231254,0.34870310206938837,0.34870667583296977,0.34871065809983715,0.348714936774585,0.34871940796881684,0.3487239781464037,0.3487285648455407,0.3487330964690745,0.3487375115219454,0.3487417575932058,0.34874579028143626,0.3487495721493358,0.3487530717495192,0.34875626277813737,0.34875912337241044,0.34876163540938904,0.34876378391995433,0.3487655570122163,0.3487669455133304,0.348767942335286,0.3487685423353896,0.34876874288195625
0.3487757099445795,0.3487755102677453,0.34877491222613694,0.348773918675956,0.3487725345871611,0.34877076697252574,0.34876862515633433,0.3487661210008058,0.34876326922052203,0.3487600878072728,0.3487565985442723,0.3487528276169542,0.3487488063241668,0.3487445719277587,0.3487401686346652,0.34873564865466844,0.34873107328660896,0.34872651394953386,0.3487220529540109,0.3487177837043823,0.34871380996007795,0.3487102436761023,0.3487072008155245,0.34870479455536174,0.34870312566546163,0.3487022707386949,0.3487022707877597,0.3487031258007434,0.3487047947407536,0.34870720099392855,0.3487102437821126,0.348713809936801,0.3487177835171802,0.34872205260197864,0.34872651347568523,0.3487310727748522,0.34873564820457564,0.34874016832637084,0.34874457179651697,0.34874880635340966,0.34875282775515626,0.34875659873778203,0.3487600880215054,0.3487632694464375,0.34876612124340656,0.34876862533129444,0.34877076695695675,0.34877253446904083,0.34877391864413126,0.34877491220286305,0.3487755103211583,0.3487757101402874
0.34878112750465307,0.3487809283388106,0.34878033179478063,0.3487793407650429,0.34877796014340073,0.3487761969216338,0.34877406032706,0.3487715621453647,0.348768717044545,0.3487655429583976,0.34876206158033474,0.34875829898100585,0.3487542863373311,0.3487500607846866,0.3487456663996693,0.3487411552669742,0.3487365885658779,0.3487320375899136,0.3487275845137866,0.34872332260290057,0.3487193554815735,0.34871579497706345,0.348712756934843,0.3487103544229953,0.3487086881085564,0.348707834498079,0.3487078345547922,0.3487086882632716,0.348710354623783,0.34871275709737637,0.3487157950174116,0.3487193553507991,0.3487233222948223,0.34872758405942644,0.3487320370568401,0.34873658804813235,0.348741154855032,0.34874566615151475,0.34875006071493186,0.34875428641999934,0.3487582991656136,0.348762061813493,0.34876554319127273,0.34876871724193054,0.34877156226571504,0.3487740603008286,0.3487761968226744,0.3487779601660014,0.34877934088296425,0.34878033185342455,0.34878092862299226,0.3487811279115955
0.3487849964953318,0.3487847976742474,0.3487842021953998,0.348783212943969,0.34878183477360997,0.34878007461971366,0.3487779416998463,0.3487754477635263,0.3487726074207795,0.34876943853633086,0.3487659627269522,0.3487622059858477,0.34875819941719877,0.34875398008239467,0.34874959197366123,0.348745087083525,0.3487405264997078,0.3487359814273562,0.3487315339528422,0.34872727724875313,0.34872331483753616,0.3487197584396171,0.3487167238050384,0.34871432392845353,0.3487126594162392,0.34871180671814705,0.34871180675837815,0.3487126595210533,0.3487143240448001,0.3487167238513885,0.348719758347267,0.3487233145860686,0.3487272768617249,0.3487315334794382,0.34873598093678043,0.34874052607101286,0.3487450867791572,0.3487495918207645,0.3487539800745273,0.34875819951850795,0.34876220613594255,0.34876596286670064,0.3487694386454496,0.348772607516179,0.3487754478081092,0.3487779416659823,0.3487800746085925,0.34878183487543074,0.3487832130783123,0.3487842025631234,0.34878479816589103,0.3487849971570688
0.34878731761946574,0.34878711899343584,0.34878652416560346,0.3487855359687483,0.34878415923191486,0.34878240089438645,0.3487802701626683,0.34877777876515953,0.3487749412737141,0.3487717755039702,0.3487683030194667,0.3487645497597085,0.3487605467835471,0.34875633111802795,0.34875194672126264,0.34874744554180437,0.3487428886125864,0.3487383470763716,0.3487339029572564,0.3487296493717606,0.34872568978537916,0.3487221358498787,0.3487191032450886,0.34871670491745677,0.3487150414505797,0.3487141892766283,0.3487141892986326,0.3487150414920327,0.34871670491422274,0.34871910312868065,0.3487221355940332,0.3487256894178095,0.3487296489423999,0.34873390251339775,0.3487383466705019,0.3487428883053261,0.3487474453752776,0.3487519466914719,0.34875633117375376,0.3487605468494033,0.34876454977846116,0.34876830299961475,0.34877177551899713,0.3487749413545223,0.3487777788044598,0.34878027010517637,0.3487824009233286,0.3487841594764856,0.34878553631423337,0.34878652473149757,0.3487871197119769,0.3487873184304606
0.34878809125427623,0.34878789271071037,0.3487872981055217,0.34878631028011714,0.34878493403994015,0.3487831763051103,0.34878104628429,0.34877855570987176,0.3487757191520421,0.34877255441842203,0.34876908305316556,0.34876533096420226,0.3487613291799611,0.34875711471118404,0.3487527315134487,0.34874823153894685,0.3487436758186073,0.3487391354756863,0.34873469249926525,0.34873043997348896,0.3487264813434184,0.348722928240399,0.34871989631560985,0.34871749849389766,0.3487158353569058,0.34871498334015755,0.34871498333887735,0.34871583532099454,0.3487174983585947,0.34871989604683307,0.34872292786704184,0.34872648092841246,0.348730439566403,0.34873469213109554,0.3487391351868327,0.34874367565741043,0.34874823151474194,0.3487527315647078,0.3487571147415445,0.3487613291327766,0.3487653308662262,0.3487690829939685,0.34877255445200983,0.34877571915077965,0.34877855557456844,0.3487810462492392,0.34878317657605307,0.34878493433724633,0.3487863108754601,0.34878729884113935,0.34878789358298096,0.34878809218881457
