Model: 11_26_25_metacentric_relaxed_MCF10A_chr19_PMP1
Simulation: 11_26_25_metacentric_relaxed_MCF10A_chr19_PMP1_haspin_stripe
(SimID_300540363_0 (PDE Simulation)) 
Sim time range (0.0 500.0) (saved timepoints 51) 
Number of variables 46 
Variable names ['BUB1a', 'BUB1a_his', 'BUB1a_pKNL1', 'CPC_all', 'CPCa', 'CPCa_total', 'CPCi', 'CPCi_total', 'H2A', 'H3', 'H3_CPCa', 'H3_CPCi', 'HASPINa', 'HASPINi', 'KNL1', 'NDC80', 'NDC80_TTKa', 'NDC80_TTKi', 'NDC80_pTTKa', 'NDC80_pTTKi', 'PLK1a', 'PLK1i', 'SGO1', 'SGO1_CPCa', 'SGO1_CPCi', 'SGO1_ic', 'TIMEBOUNDS', 'TIMES', 'TTKa', 'TTKi', 'bound_CPC', 'bound_active_CPC', 'pH2A', 'pH2A_SGO1', 'pH2A_SGO1_CPCa', 'pH2A_SGO1_CPCi', 'pH3', 'pH3_CPCa', 'pH3_CPCi', 'pKNL1', 'pNDC80', 'pNDC80_TTKa', 'pNDC80_TTKi', 'pNDC80_pTTKa', 'pNDC80_pTTKi', 'pNDC80_total', 'pTTKa', 'pTTKi'] 
 
2D Slice for variable pH3_CPCa at time 100.0 in plane XY at Z = 0 
 
X in rows, Y in columns 
1.5220522698529006e-07,2.3647252342688551e-07,5.71349305149218e-07,1.471549702586892e-06,3.736940293246366e-06,9.255070826220038e-06,2.2322056174466748e-05,5.242223408945613e-05,0.00011988612735187278,0.00026705007471659225,0.0005796058568780578,0.0012262589124696142,0.002530344358146218,0.005095729688502307,0.010022635067002595,0.019268942904225837,0.036241558694370506,0.0667412301122963,0.12042135563418388,0.21288761791458904,0.36817106419338697,0.6195135394834473,0.9998405460740729,1.4917817768950694,1.8416828214843275,2.0136653960063575,2.013665395961692,1.8416828213205294,1.4917817766566597,0.9998405459642223,0.6195135394177034,0.3681710641507231,0.21288761788758453,0.12042135561972693,0.06674123010700185,0.03624155869413367,0.019268942905816443,0.010022635068718453,0.005095729689856326,0.0025303443590887664,0.0012262589130504885,0.000579605857189279,0.00026705007485627007,0.00011988612739427723,5.242223408755139e-05,2.2322056156911587e-05,9.255070807728344e-06,3.7369402785086322e-06,1.4715496927136738e-06,5.713492993069297e-07,2.3647252021186262e-07,1.5220522471482444e-07
1.5220417145965205e-07,2.3647087558069074e-07,5.713452949516027e-07,1.4715393071696404e-06,3.7369137321500485e-06,9.255004649040723e-06,2.2321895628971816e-05,5.2421854910257256e-05,0.00011988525540372635,0.00026704812198389985,0.0005796015963639154,0.001226249851880374,0.0025303255664034974,0.0050956916569329215,0.010022559919372644,0.019268797878220015,0.03624128529361606,0.066740726735539,0.12042045110135732,0.21288603403154524,0.3681683701528885,0.6195091180421355,0.9998336455362515,1.4917718705073746,1.8416706878377818,2.0136521401074727,2.0136521400413767,1.8416706876196183,1.4917718702082912,0.9998336453685115,0.619509117928805,0.36816837007326675,0.21288603397548458,0.1204204510647192,0.0667407267141948,0.03624128528226135,0.01926879787242893,0.010022559916439397,0.005095691655578864,0.002530325565887708,0.0012262498517188693,0.0005796015963198663,0.0002670481219723404,0.00011988525539533094,5.242185490028728e-05,2.232189561770841e-05,9.255004639494916e-06,3.736913724773949e-06,1.471539302263904e-06,5.713452920012748e-07,2.3647087389607106e-07,1.5220417024775593e-07
1.5220100553361992e-07,2.3646593292968855e-07,5.713332656314399e-07,1.4715081214341801e-06,3.7368340442348045e-06,9.254806095745892e-06,2.2321413923279023e-05,5.242071718585896e-05,0.00011988263910217037,0.00026704226274849917,0.0005795888126074131,0.0012262226656058047,0.002530269182350738,0.005095577545649756,0.010022334446891813,0.019268362750190293,0.03624046501106511,0.06673921648280769,0.12041773732722426,0.21288128215075156,0.3681602877611665,0.6194958534661061,0.9998129438051527,1.4917421514866225,1.8416342871306346,2.0136123727034207,2.013612372639307,1.8416342869251083,1.4917421512024607,0.9998129436169142,0.619495853330299,0.36816028766547226,0.21288128208259288,0.12041773728106173,0.06673921645396233,0.03624046499404295,0.019268362740466876,0.010022334441367358,0.0050955775426636965,0.002530269180860662,0.0012262226648970774,0.0005795888122796069,0.00026704226260474426,0.00011988263904095606,5.242071715947646e-05,2.2321413909950346e-05,9.254806088988207e-06,3.736834040288384e-06,1.4715081192156679e-06,5.713332643847085e-07,2.3646593219304973e-07,1.5220100497869688e-07
1.5219572740989244e-07,2.3645769271733815e-07,5.713132105572623e-07,1.4714561283429451e-06,3.7367011865053348e-06,9.25447506127866e-06,2.2320610808659968e-05,5.241882034636043e-05,0.00011987827718161282,0.00026703249429144615,0.0005795674999740462,0.0012261773423999024,0.002530175184344883,0.005095387314436606,0.010021958577555331,0.019267637396571554,0.03623909764464436,0.06673669904134687,0.12041321385898544,0.21287336167462625,0.36814681634157226,0.6194737452241241,0.9997784410305579,1.4916926215584025,1.8415736217273844,2.0135460963179623,2.013546096248159,1.8415736215318497,1.4916926213044295,0.9997784408559939,0.6194737450955377,0.36814681624990003,0.2128733616094468,0.12041321381511734,0.0667366990135486,0.036239097627714066,0.019267637386656964,0.010021958571815131,0.005095387311218794,0.0025301751826441107,0.0012261773415501707,0.0005795674995708179,0.00026703249411069014,0.00011987827710360863,5.241882031401426e-05,2.2320610794370363e-05,9.25447505540738e-06,3.736701183787025e-06,1.4714561270842019e-06,5.713132099326419e-07,2.3645769236420763e-07,1.5219572715030495e-07
1.521883340358294e-07,2.3644615019599102e-07,5.712851184057894e-07,1.4713832993882343e-06,3.7365150882441134e-06,9.254011374552201e-06,2.2319485882772402e-05,5.241616347387704e-05,0.00011987216761205944,0.00026701881225665516,0.0005795376493985737,0.001226113864015281,0.002530043536985987,0.005095120897230911,0.010021432192838093,0.019266621613328025,0.03623718285892481,0.06673317388839699,0.12040687993250121,0.21286227157667767,0.3681279546842876,0.6194427922233847,0.999730136943158,1.491623282414703,1.8414886941046964,2.0134533136242,2.0134533135376387,1.841488693883523,1.4916232821430582,0.9997301367844514,0.6194427921162146,0.3681279546052703,0.21286227151812295,0.12040687989245717,0.06673317386280381,0.036237182843094906,0.019266621603739573,0.010021432187131014,0.005095120893995309,0.002530043535260279,0.0012261138631405534,0.0005795376489726345,0.0002670188120584965,0.00011987216752293172,5.241616343631758e-05,2.2319485866759282e-05,9.254011368250958e-06,3.736515085690007e-06,1.4713832983877028e-06,5.712851180028925e-07,2.3644615000126294e-07,1.5218833389991586e-07
1.521788212018789e-07,2.364312988637475e-07,5.712489736220839e-07,1.4712895949814566e-06,3.736275650363298e-06,9.253414794256193e-06,2.2318038574878825e-05,5.241274525914739e-05,0.0001198643074868989,0.00026700121040706753,0.0005794992479446092,0.0012260322045072184,0.002529874190009587,0.005094778200198608,0.010020755124399578,0.019265315111013544,0.0362347201788726,0.066728640285123,0.12039873447179114,0.21284801042218776,0.36810370112880997,0.6194029930656512,0.9996680315872729,1.4915341375801365,1.8413795091451826,2.0133340298590476,2.0133340298131515,1.841379509018428,1.491534137389307,0.9996680314831814,0.6194029929978135,0.36810370107307133,0.21284801037568338,0.12039873443719339,0.06672864026212835,0.03623472016467721,0.019265315102265663,0.010020755119011996,0.0050947781970741395,0.002529874188316474,0.0012260322036286727,0.0005794992475058252,0.00026700121020304437,0.00011986430739671712,5.241274522205841e-05,2.2318038559709894e-05,9.25341478830485e-06,3.7362756480683173e-06,1.4712895941259122e-06,5.712489733125579e-07,2.364312987349915e-07,1.521788211137226e-07
1.5216718352076143e-07,2.36413130400727e-07,5.712047563082744e-07,1.4711749644441384e-06,3.7359827458983728e-06,9.252685011206774e-06,2.2316268154517618e-05,5.2408564027777985e-05,0.0001198546930840232,0.0002669796807302144,0.0005794522789401493,0.0012259323303857733,0.002529667078508456,0.005094359102101775,0.010019927154469763,0.019263717514607415,0.036231708987823213,0.06672309726934175,0.12038877606776588,0.2128305763122777,0.36807405342223354,0.619354345689173,0.9995921244021124,1.4914251901279236,1.8412460713061436,2.0131882497257902,2.013188249711527,1.8412460712525371,1.491425190014039,0.999592124359574,0.619354345662622,0.36807405339321686,0.2128305762820252,0.12038877604149006,0.06672309725000845,0.036231708975447724,0.019263717506907682,0.010019927149677098,0.005094359099300358,0.002529667076993305,0.0012259323295961307,0.0005794522785341559,0.0002669796805349079,0.0001198546929938735,5.240856398869219e-05,2.23162681385685e-05,9.252685004989344e-06,3.735982743658238e-06,1.4711749636508564e-06,5.712047560332297e-07,2.364131302980163e-07,1.5216718345011722e-07
1.521534144027247e-07,2.3639163461786888e-07,5.711524420607134e-07,1.4710393455556516e-06,3.735636218742069e-06,9.251821644532067e-06,2.231417372066774e-05,5.240361771526708e-05,0.000119843319823199,0.00026695421338715725,0.0005793967219329474,0.001225814200566594,0.0025294221228466373,0.005093863454202601,0.010018948015881933,0.01926182836394986,0.03622814852909245,0.06671654366070641,0.1203770029929745,0.2128099669236679,0.36803900882307466,0.6192968476332845,0.9995024149061311,1.4912964444089691,1.8410883868433152,2.013015979948642,2.0130159799456697,1.8410883868207386,1.4912964443611383,0.9995024149083036,0.6192968476275111,0.3680390088044628,0.21280996690035972,0.1203770029719833,0.0667165436447857,0.03622814851853073,0.01926182835718051,0.01001894801153327,0.005093863451558753,0.00252942212138863,0.00122581419981538,0.0005793967215503268,0.00026695421320360935,0.00011984331973892999,5.2403617678342366e-05,2.231417370595199e-05,9.251821638763696e-06,3.735636216665642e-06,1.4710393448213869e-06,5.711524418068523e-07,2.363916345281958e-07,1.5215341434108984e-07
1.5213750604652277e-07,2.3636679945055067e-07,5.710920019785487e-07,1.470882664656885e-06,3.7352358842617048e-06,9.250824244039727e-06,2.231175420761265e-05,5.239790387518537e-05,0.00011983018226596358,0.00026692479668166664,0.0005793325526017254,0.0012256777661855543,0.002529139228283326,0.00509329107951088,0.010017817390654925,0.01925964711113116,0.03622403790099091,0.0667089780509899,0.12036341318252101,0.2127861794710229,0.36799856402785625,0.6192304958920615,0.9993989023854158,1.491147905328494,1.8409064627616385,2.012817227994005,2.0128172279826466,1.8409064626945268,1.491147905230456,0.9993989023685773,0.6192304958808078,0.3679985640070556,0.21278617944571993,0.12036341316087279,0.06670897803552385,0.036224037891064674,0.01925964710495438,0.010017817386785758,0.005093291077154565,0.0025291392269613617,0.0012256777654982938,0.0005793325522486781,0.00026692479651050255,0.00011983018218859652,5.239790384109612e-05,2.231175419408584e-05,9.2508242386652e-06,3.73523588226811e-06,1.4708826639428013e-06,5.710920017332137e-07,2.363667993620843e-07,1.521375059857749e-07
1.521194494114796e-07,2.3633861091430144e-07,5.710234025372287e-07,1.470704836205467e-06,3.734781527850935e-06,9.249692286540814e-06,2.2309008378255994e-05,5.23914196713627e-05,0.00011981527411135799,0.00026689141706109936,0.0005792597427536038,0.001225522970573173,0.002528818284873001,0.005092641772463946,0.010016534909165485,0.019257173118715616,0.03621937605339364,0.06670039879769431,0.12034800422205333,0.21275921068295894,0.36795271512204997,0.6191552868177248,0.999281585722848,1.490979578156167,1.8407003067930143,2.012592002164586,2.012592002173952,1.8407003067486822,1.4909795780549457,0.9992815856958348,0.6191552868070251,0.36795271510777444,0.21275921066348766,0.12034800420414724,0.06670039878445261,0.03621937604464815,0.019257173113130653,0.010016534905612866,0.0050926417703106575,0.0025288182836706924,0.001225522969950216,0.0005792597424371712,0.0002668914169062132,0.00011981527404176803,5.239141964003217e-05,2.230900836549835e-05,9.249692281575597e-06,3.73478152605234e-06,1.4707048355687212e-06,5.710234023215329e-07,2.3633861082778015e-07,1.521194493505045e-07
1.520992342033411e-07,2.3630705308940052e-07,5.709466055971595e-07,1.4705057629263337e-06,3.7342729053702002e-06,9.248425176131768e-06,2.2305934821655256e-05,5.238416186643439e-05,0.00011979858816546106,0.00026685405905248444,0.000579178260202999,0.0012253497490434275,0.0025284591671385125,0.005091915298463318,0.010015100149488865,0.0192544056587349,0.036214161786203465,0.06669080402215714,0.12033077334726333,0.2127290568081984,0.3679014576037311,0.6190712161803505,0.9991504635073046,1.490791468625273,1.840469927294778,2.01234031133444,2.0123403113620375,1.8404699273185257,1.4907914686233616,0.9991504635207354,0.6190712161736472,0.3679014575837769,0.2127290567847978,0.12033077332785778,0.06669080400866753,0.03621416177774963,0.019254405653548134,0.010015100146172726,0.005091915296443378,0.002528459166010164,0.0012253497484570619,0.0005791782599169198,0.0002668540589159007,0.000119798588106292,5.238416184034975e-05,2.230593481070015e-05,9.248425171814671e-06,3.734272903764972e-06,1.4705057623244618e-06,5.709466053949602e-07,2.363070530000324e-07,1.5209923414075005e-07
1.5207684884385691e-07,2.362721080609219e-07,5.708615682085648e-07,1.4702853352754955e-06,3.7337097420669036e-06,9.247022242712456e-06,2.2302531951672474e-05,5.2376126820240834e-05,0.00011978011633531446,0.0002668127052389737,0.0005790880686955368,0.0012251580286754809,0.002528061733521666,0.005091111392652356,0.010013512634922365,0.019251343907989535,0.036208393740695524,0.06668019159355719,0.1203117174141882,0.21269571356157968,0.36784478629039485,0.6189782790217303,0.9990055338381991,1.4905835827634746,1.840215333183422,2.0120621650015145,2.0120621649974946,1.840215333176193,1.490583582796378,0.9990055339130661,0.61897827905496,0.3678447862875487,0.21269571354483824,0.1203117173971067,0.06668019158042977,0.03620839373204608,0.0192513439027729,0.010013512631688993,0.00509111139075089,0.002528061732495946,0.0012251580281418602,0.0005790880684421278,0.00026681270511832956,0.00011978011628250508,5.237612679752929e-05,2.230253194197879e-05,9.2470222388851e-06,3.733709740661822e-06,1.470285334736698e-06,5.708615680418594e-07,2.362721079804101e-07,1.5207684878836067e-07
1.5205228046459352e-07,2.362337559182413e-07,5.707682426225374e-07,1.4700434313683427e-06,3.733091731947388e-06,9.245482739570178e-06,2.2298798000604746e-05,5.236731047619187e-05,0.00011975984960285511,0.00026676733621415624,0.0005789891278360828,0.0012249477282082618,0.002527625826220815,0.005090229759627286,0.010011771833387365,0.019247986946793912,0.03620207039709883,0.06666855912460184,0.12029083289169208,0.21265917610992807,0.3677826952886994,0.6188764695872256,0.9988467941765693,1.4903559265360762,1.8399365334256066,2.011757572729749,2.011757572775571,1.8399365335369102,1.4903559266412232,0.9988467942695048,0.618876469632704,0.367782695294504,0.2126591760984263,0.12029083287779598,0.06666855911335608,0.03620207038923646,0.01924798694188623,0.010011771830294638,0.005090229757812071,0.0025276258252829,0.0012249477277300096,0.0005789891276178051,0.00026676733611409164,0.00011975984955828344,5.2367310457039215e-05,2.2298797992199106e-05,9.245482736215202e-06,3.733091730760079e-06,1.470043430893717e-06,5.707682424828367e-07,2.3623375584086883e-07,1.5205228041267265e-07
1.5202551486291394e-07,2.361919746873608e-07,5.706665761572928e-07,1.4697799167828798e-06,3.7324185375697553e-06,9.243805842978815e-06,2.229473101740086e-05,5.235770835433849e-05,0.00011973777800284465,0.0002667179305205656,0.0005788813929365432,0.0012247187577021422,0.0025271512704952643,0.0050892700720901515,0.010009877154907596,0.019244333754296235,0.036195190066053595,0.06665590395651885,0.12026811583686736,0.2126194390358202,0.3677151779481003,0.6187657812789105,0.998674241342543,1.4901085060670258,1.8396335372711161,2.0114265441329207,2.0114265442210324,1.8396335375042132,1.4901085062975346,0.9986742414817501,0.6187657813395149,0.3677151779594949,0.21261943902525776,0.12026811582224776,0.06665590394513012,0.03619519005838062,0.019244333749640227,0.010009877152017463,0.005089270070365896,0.0025271512696282755,0.0012247187572698387,0.0005788813927410511,0.00026671793043650755,0.00011973777796662566,5.2357708339172474e-05,2.229473101057206e-05,9.243805840110962e-06,3.7324185365541225e-06,1.4697799163423462e-06,5.70666576034158e-07,2.3619197461283886e-07,1.5202551481501658e-07
1.519965364769703e-07,2.36146740281011e-07,5.705565110251379e-07,1.4694946440061883e-06,3.731689788590643e-06,9.241990648924634e-06,2.2290328860896216e-05,5.234731553815048e-05,0.00011971389059794439,0.0002666644646019982,0.0005787648149179274,0.0012244710183258096,0.002526637874196633,0.005088231969854802,0.0100078279496401,0.019240383204763397,0.036187750881705054,0.06664222314603595,0.12024356186965912,0.21257649628786263,0.3676422267661077,0.6186462064778189,0.9984878711729896,1.4898413270122175,1.839306353777808,2.0110690888069316,2.0110690888408684,1.839306353883188,1.4898413271579325,0.9984878713048426,0.6186462065406358,0.3676422267838047,0.21257649628348174,0.12024356185807918,0.06664222313607226,0.0361877508747138,0.019240383200536133,0.010007827947115444,0.005088231968325627,0.0025266378734391166,0.0012244710179601668,0.000578764814745644,0.00026666446452680115,0.00011971389056537495,5.234731552478543e-05,2.2290328855075758e-05,9.241990646444536e-06,3.7316897877380254e-06,1.4694946436085502e-06,5.705565109242373e-07,2.3614674021428627e-07,1.519965364360131e-07
1.5196532836022477e-07,2.3609802646912278e-07,5.704379842909243e-07,1.4691874523285773e-06,3.730905081334633e-06,9.240036171518386e-06,2.228558919477788e-05,5.233612666032524e-05,0.00011968817544296588,0.00026660691272247064,0.000578639340141632,0.0012242044020251033,0.0025260854271391595,0.005087115058645658,0.010005623505582303,0.01923613406331587,0.036179750794114764,0.06662751345272454,0.12021716615289463,0.21253034115030853,0.367563833345163,0.6185177364935334,0.9982876784719928,1.4895543943944425,1.8389549911787761,2.0106852154227988,2.010685215538194,1.8389549914074679,1.4895543946156735,0.9982876786223819,0.6185177365474449,0.3675638333551742,0.21253034114440658,0.12021716614178801,0.06662751344373159,0.03617975078786776,0.019236134059476707,0.010005623503361843,0.005087115057283088,0.0025260854264460486,0.0012242044017070311,0.000578639339994534,0.00026660691265962947,0.00011968817541600717,5.233612664916271e-05,2.228558918999552e-05,9.240036169404433e-06,3.730905080623785e-06,1.469187451960511e-06,5.704379841967114e-07,2.3609802640262027e-07,1.5196532832007e-07
1.5193187212745688e-07,2.3604580478946962e-07,5.703109276496984e-07,1.4688581673126314e-06,3.7300639776005203e-06,9.237941340400141e-06,2.228050948202634e-05,5.23241358905744e-05,0.00011966061955658926,0.00026654524689860966,0.0005785049102498018,0.001223918791162359,0.0025254937003343805,0.005085918908560509,0.010003263045582463,0.019231584980217417,0.03617118755844331,0.06661177131892261,0.12018892335637596,0.212480966180639,0.3674799882860733,0.618380361395124,0.9980736568249219,1.489247712677203,1.8385794571511802,2.0102749316887216,2.0102749318224675,1.8385794573588756,1.4892477128290662,0.998073656950245,0.6183803614455078,0.36747998829745193,0.21248096617590884,0.12018892334587325,0.0666117713108377,0.036171187553276495,0.01923158497699557,0.010003263043723143,0.005085918907431225,0.0025254936997240497,0.0012239187908757033,0.0005785049101156367,0.0002665452468423113,0.00011966061953340657,5.2324135880876445e-05,2.2280509477881073e-05,9.237941338460914e-06,3.7300639769673377e-06,1.4688581669722427e-06,5.703109275637271e-07,2.3604580472621391e-07,1.5193187208916332e-07
1.5189614792156767e-07,2.359900444933593e-07,5.701752672779068e-07,1.4685066003500923e-06,3.7291660034040083e-06,9.235704997388398e-06,2.227508697661335e-05,5.2311336916519336e-05,0.00011963120888000708,0.00026647943681367857,0.0005783614619891804,0.0012236140581541666,0.002524862445245597,0.005084643052571615,0.010000745724450024,0.01922673448556732,0.03616205872551519,0.06659499285306962,0.12015882762785215,0.21242836316036645,0.36739068110291706,0.6182340698416203,0.9978457982021687,1.4889212849046656,1.838179758040795,2.009838244208026,2.0098382443035647,1.8381797581881447,1.4889212850258473,0.997845798306425,0.6182340698873608,0.3673906811173954,0.21242836315888838,0.12015882761932259,0.06659499284589777,0.03616205872120551,0.019226734482843122,0.010000745722775284,0.005084643051610127,0.0025248624447344464,0.0012236140579131832,0.0005783614618713602,0.00026647943676234485,0.00011963120885932439,5.23113369079092e-05,2.2275086973056584e-05,9.235704995628343e-06,3.7291660028289657e-06,1.468506600033476e-06,5.701752671969848e-07,2.3599004443430088e-07,1.5189614788618382e-07
1.5185813436504684e-07,2.3593071247275112e-07,5.700309236682103e-07,1.468132548260011e-06,3.72821064798677e-06,9.23332589397674e-06,2.226931871703317e-05,5.2297722927048015e-05,0.00011959992823549535,0.00026640944972016725,0.0005782089269961046,0.0012232900650222648,0.0025241913928828173,0.005083286984730756,0.009998070625422245,0.019221580982485286,0.036152361629207895,0.06657717380718943,0.12012687255379081,0.21237252303047266,0.3672959001313045,0.6180788489879073,0.9976040929217338,1.4885751126763167,1.8377558982218298,2.0093751571918297,2.009375157249535,1.837755898351845,1.4885751128457667,0.9976040930203094,0.6180788490181669,0.36729590013716995,0.2123725230276549,0.12012687254774096,0.0665771738016552,0.0361523616259706,0.019221580980536557,0.009998070624016793,0.005083286983867458,0.0025241913924168406,0.0012232900648076954,0.0005782089268914959,0.000266409449673501,0.00011959992821693744,5.2297722919177257e-05,2.2269318713881146e-05,9.233325892365436e-06,3.7282106474372853e-06,1.4681325479509395e-06,5.7003092358058e-07,2.35930712412066e-07,1.5185813432826676e-07
1.5181780850624153e-07,2.358677731723983e-07,5.69877811402203e-07,1.4677357926770643e-06,3.727197362242583e-06,9.230802687506327e-06,2.2263201517439227e-05,5.228328659251419e-05,0.0001195667612827903,0.0002663352503436197,0.0005780472315855229,0.0012229466629404572,0.0025234802528663145,0.005081850158320239,0.009995236756632976,0.01921612274046027,0.0361420933741646,0.06655830955490573,0.12009305112024536,0.21231343581875237,0.36719563238903113,0.6179146842307403,0.997348529282071,1.4882091959562187,1.8373078803551706,2.008885672869334,2.0088856728838733,1.8373078803655012,1.4882091960069819,0.9973485293406231,0.6179146842560803,0.36719563239142305,0.2123134358125234,0.12009305111459119,0.06655830954989202,0.03614209337111471,0.01921612273900227,0.009995236755582088,0.005081850157625707,0.0025234802524628118,0.001222946662749193,0.0005780472314898766,0.0002663352502996301,0.00011956676126552035,5.228328658494441e-05,2.2263201514412724e-05,9.230802685990803e-06,3.727197361706863e-06,1.467735792381843e-06,5.698778113122396e-07,2.3586777311130633e-07,1.5181780846732463e-07
1.517751457669644e-07,2.358011885084987e-07,5.697158389535473e-07,1.4673160995337925e-06,3.7261255573441724e-06,9.228133937571261e-06,2.2256731958497927e-05,5.226802004247882e-05,0.00011953169046781193,0.000266256800769895,0.0005778762965114799,0.0012225836917363886,0.0025227287124033994,0.00508033198379843,0.009992243047133665,0.019210357887875926,0.03613125082200438,0.06653839506691972,0.12005735567243023,0.212251090578296,0.36708986348478145,0.6177415590537901,0.9970790932071957,1.4878235321835123,1.83683570415066,2.0083697902033464,2.00836979027697,1.8368357041950019,1.4878235321464435,0.9970790932135624,0.6177415590713521,0.36708986348786743,0.21225109057012725,0.12005735566671173,0.06653839506273451,0.03613125081914823,0.01921035788650261,0.009992243046196971,0.005080331983205427,0.0025227287120575662,0.001222583691568787,0.0005778762964228672,0.0002662568007268128,0.00011953169045107218,5.226802003515139e-05,2.2256731955508355e-05,9.228133936116479e-06,3.7261255567890533e-06,1.4673160992334658e-06,5.697158388540339e-07,2.3580118844532874e-07,1.5177514572490373e-07
1.51730119879283e-07,2.357309177677924e-07,5.69544908436474e-07,1.4668732184082999e-06,3.7249946031026883e-06,9.225318102021292e-06,2.224990637784297e-05,5.225191484309367e-05,0.00011949469696987543,0.0002661740603254074,0.0005776960367056568,0.0012222009793450685,0.0025219364351839755,0.005078731826611704,0.009989088342655753,0.019204284404046208,0.0361198305765357,0.06651742488314673,0.1200197778622483,0.21218547529291448,0.3669785774631042,0.6175594548180253,0.9967957680559347,1.4874181162554652,1.8363393663384115,2.0078275047276932,2.007827504784627,1.8363393663435812,1.4874181161730486,0.9967957679978703,0.6175594547904444,0.3669785774514534,0.21218547527996626,0.1200197778545444,0.06651742487943332,0.036119830574397625,0.01920428440297175,0.009989088341824659,0.0050787318260717374,0.002521936434871238,0.001222200979195201,0.0005776960366262342,0.00026617406028541933,0.00011949469695428116,5.225191483636489e-05,2.2249906374955904e-05,9.225318100660584e-06,3.724994602553182e-06,1.466873218110579e-06,5.695449083261034e-07,2.357309177003912e-07,1.5173011983193684e-07
1.5168270282583555e-07,2.3565691751324386e-07,5.693649153710024e-07,1.4664068818973053e-06,3.7238038263182196e-06,9.22235353277712e-06,2.2242720859956686e-05,5.223496197371001e-05,0.00011945576064928588,0.0002660869854620284,0.0005775063610278077,0.0012217983412793998,0.0025211030602959265,0.005077049005039042,0.009985771401426336,0.019197900111401014,0.036107828970028885,0.0664953930897025,0.11998030860960422,0.2121165768086948,0.3668617566730434,0.6173683505043361,0.9964985341491271,1.4869929396929786,1.8358188596719176,2.007258807823554,2.007258807749955,1.8358188594964653,1.4869929396435488,0.9964985341176935,0.6173683504591315,0.3668617566534088,0.21211657679485843,0.11998030859945556,0.06649539308447681,0.036107828967531286,0.019197900110340563,0.009985771400673192,0.00507704900453042,0.002521103059990128,0.0012217983411291478,0.000577506360951555,0.00026608698542440105,0.00011945576063451477,5.223496196767317e-05,2.224272085722559e-05,9.222353531526313e-06,3.723803825798203e-06,1.4664068816217098e-06,5.693649152586119e-07,2.3565691744462315e-07,1.5168270277471047e-07
1.516328647739002e-07,2.3557914147983107e-07,5.691757484271679e-07,1.4659168049573003e-06,3.7225525091109267e-06,9.219238471673133e-06,2.2235171225983905e-05,5.2217151802623326e-05,0.00011941485999176556,0.0002659955296351907,0.0005773071720075539,0.0012213755800943272,0.0025202282011412514,0.005075282788066573,0.009982290890051967,0.01919120266744195,0.03609524204761558,0.06647229328995849,0.11993893805213195,0.21204438075379928,0.3667393816487038,0.6171682225413024,0.9961873685655427,1.4865479905073,1.8352741724260966,2.0066636857371503,2.0066636856363824,1.835274172132208,1.4865479903043535,0.9961873684789446,0.6171682224654469,0.36673938161451564,0.21204438073800558,0.1199389380420268,0.0664722932847128,0.036095242045023,0.01919120266635888,0.009982290889338592,0.005075282787565413,0.002520228200839897,0.0012213755799415906,0.0005773071719312618,0.0002659955295988725,0.00011941485997725384,5.2217151797183606e-05,2.2235171223461177e-05,9.219238470529332e-06,3.722552508595127e-06,1.4659168046892608e-06,5.691757483086251e-07,2.3557914140890548e-07,1.5163286471899624e-07
1.5158057401241676e-07,2.3549754047374368e-07,5.689772891713194e-07,1.4654026842337106e-06,3.7212398872048892e-06,9.215971046258165e-06,2.2227253023829532e-05,5.219847406430545e-05,0.00011937197205703177,0.000265899643190672,0.0005770983656044956,0.0012209324848930832,0.002519311444437412,0.005073432393435567,0.009978645379913116,0.019184189558347654,0.03608206555589953,0.06644811858345774,0.11989565550432751,0.21196887145940457,0.3666114309638834,0.616959044538713,0.9958622446608092,1.4860832525741403,1.834705287968223,2.0060421189519504,2.0060421190124202,1.8347052878714212,1.4860832522971716,0.9958622445260413,0.6169590444564861,0.3666114309180249,0.2119688714360711,0.11989565549213071,0.0664481185780267,0.03608206555321355,0.019184189557182093,0.009978645379164213,0.0050734323928906455,0.0025193114441317255,0.0012209324847406956,0.0005770983655288957,0.0002658996431571344,0.00011937197204370472,5.2198474059691185e-05,2.2227253021676313e-05,9.21597104534745e-06,3.7212398867528633e-06,1.4654026839910708e-06,5.689772890520683e-07,2.3549754040111635e-07,1.5158057395366767e-07
1.5152579689409786e-07,2.354120622814573e-07,5.687694118449646e-07,1.4648641974919944e-06,3.719865148487997e-06,9.212549266260414e-06,2.221896151984763e-05,5.217891784081799e-05,0.0001193270724388138,0.0002657992732801194,0.000576879831034109,0.0012204688309822235,0.002518352349541276,0.005071496986281235,0.009974833344409512,0.019176858093620325,0.036068294933225005,0.06642286154954402,0.1198504494309321,0.21189003191512107,0.36647788116108204,0.6167407871843162,0.9955231318610342,1.4855987051410793,1.8341121842545138,2.0053940819620344,2.005394081974045,1.8341121840959067,1.485598704767021,0.995523131698244,0.6167407871110672,0.36647788111406077,0.2118900318876141,0.11985044941632161,0.0664228615430515,0.036068294930175424,0.019176858092421187,0.009974833343709385,0.005071496985726503,0.0025183523492327887,0.0012204688308270846,0.0005768798309551804,0.0002657992732475127,0.00011932707242626817,5.217891783663398e-05,2.2218961517804575e-05,9.212549265483288e-06,3.719865148080483e-06,1.4648641972716303e-06,5.687694117280168e-07,2.3541206220921653e-07,1.5152579683337624e-07
1.514684977844594e-07,2.3532265158763956e-07,5.685519831606823e-07,1.464301003099196e-06,3.7184274317560027e-06,9.208971020672725e-06,2.2210291692286142e-05,5.215847154762781e-05,0.000119280135235935,0.00026569436380494924,0.0005766514506610552,0.001219984379678623,0.0025173504481389333,0.005069475678686452,0.009970853158308368,0.01916920540488583,0.036053925306693366,0.06639651423977072,0.11980330742947384,0.21180784372887745,0.36633870666339213,0.6165134180955173,0.9951699954798962,1.4850943224088464,1.8334948329363454,2.004719542684492,2.0047195424923347,1.8334948326083644,1.485094322072297,0.9951699952901174,0.616513417992152,0.3663387066057116,0.211807843700643,0.11980330741466996,0.06639651423266787,0.036053925303386074,0.019169205403589414,0.009970853157622462,0.005069475678139613,0.0025173504478394958,0.0012199843795350138,0.0005766514505882555,0.0002656943637761241,0.00011928013522527858,5.2158471544420086e-05,2.2210291690537747e-05,9.208971020028999e-06,3.7184274313797934e-06,1.4643010028897161e-06,5.685519830431006e-07,2.3532265151510493e-07,1.5146849772211292e-07
1.5140863903389986e-07,2.3522924993052914e-07,5.683248621942653e-07,1.4637127397620199e-06,3.7169258261331174e-06,9.205234076657602e-06,2.22012382296733e-05,5.2137122932305265e-05,0.00011923113305523362,0.0002655848554370383,0.0005764131000714412,0.0012194788784990536,0.0025163052446808185,0.005067367530633073,0.00996670309977624,0.01916122845017682,0.036038951500617214,0.06636906819285503,0.11975421625497083,0.21172228716336908,0.36619387980609425,0.6162769018023223,0.9948027966903266,1.4845700737339906,1.83285319905526,2.0040184611384673,2.004018460906561,1.8328531988375587,1.4845700736112935,0.9948027965184921,0.6162769016782146,0.3661938797396563,0.21172228713322058,0.11975421623874885,0.06636906818502421,0.03603895149736317,0.019161228448864354,0.009966703099119453,0.005067367530125973,0.00251630524439173,0.0012194788783663028,0.0005764131000075032,0.0002655848554124043,0.00011923113304631513,5.2137122930143725e-05,2.2201238228359335e-05,9.205234076198338e-06,3.716925825826954e-06,1.4637127395792573e-06,5.683248620830105e-07,2.3522924986005065e-07,1.5140863897153614e-07
1.513461809771221e-07,2.3513179570068793e-07,5.680879003895189e-07,1.4630990265902404e-06,3.715359371414822e-06,9.201336080960918e-06,2.2191795535888163e-05,5.211485909067099e-05,0.00011918003705792339,0.00026547068574315846,0.0005761646483920113,0.0012189520619332584,0.002515216218128723,0.005065171553690645,0.009962381357650239,0.019152924027496538,0.036023368060775454,0.0663405144754222,0.11970316188425954,0.21163334123684313,0.36604337098757045,0.616031199912707,0.9944214926055235,1.4840259239247646,1.8321872421297238,2.003290790591331,2.0032907903865276,1.83218724184488,1.484025923610784,0.9944214923761652,0.6160311997911792,0.3660433709241026,0.21163334120513289,0.11970316186652998,0.06634051446727245,0.03602336805791552,0.019152924026377662,0.009962381357146654,0.005065171553302697,0.0025152162178766,0.0012189520618123251,0.0005761646483356402,0.0002654706857227843,0.000119180037050836,5.211485908932999e-05,2.219179553486537e-05,9.20133608059051e-06,3.715359371154527e-06,1.4630990264275607e-06,5.680879002861179e-07,2.3513179563420333e-07,1.51346180916634e-07
1.5128108198079694e-07,2.350302242154206e-07,5.678409417527129e-07,1.462459463685457e-06,3.7137270598906646e-06,9.197274565407221e-06,2.2181957746128007e-05,5.209166651137056e-05,0.00011912681707766848,0.0002653517894795948,0.000575905958988506,0.0012184036530317978,0.0025140828254279846,0.005062886718335008,0.009957886046217824,0.01914428880321004,0.03600716930661621,0.06631084377330423,0.11965012966397529,0.21154098394679352,0.3658871490029006,0.615776271590905,0.9940260367401166,1.4834618329810934,1.8314969156662915,2.002536477698838,2.002536477610242,1.8314969154185945,1.4834618325559967,0.9940260364954278,0.615776271473788,0.3658871489357942,0.21154098391288836,0.11965012964719707,0.0663108437657951,0.036007169304109375,0.019144288802281504,0.009957886045840891,0.005062886718048049,0.0025140828252379404,0.00121840365294197,0.0005759059589456187,0.0002653517894659924,0.00011912681707369597,5.209166651127105e-05,2.218195774564985e-05,9.197274565220974e-06,3.7137270597120643e-06,1.46245946354909e-06,5.678409416603726e-07,2.3503022415478238e-07,1.5128108192350768e-07
1.5121329856491927e-07,2.34924467911524e-07,5.675838233524622e-07,1.4617936335801498e-06,3.712027840538879e-06,9.1930469589148e-06,2.217171876020742e-05,5.206753116499197e-05,0.00011907144185087673,0.0002652280991631034,0.0005756368908162369,0.001217833366451019,0.0025129045080491915,0.005060511967392184,0.009953215231771688,0.01913531936229393,0.03599034942250784,0.066280046551885,0.11959510457990834,0.21144519268989134,0.36572518165644624,0.6155120744704902,0.9936163804870553,1.4828777582692527,1.8307821687693002,2.0017554635698076,2.0017554635198493,1.8307821685524903,1.4828777579187857,0.9936163802646448,0.6155120743356151,0.36572518157761114,0.21144519265472472,0.11959510456544852,0.06628004654539162,0.03599034942062607,0.01913531936199882,0.009953215231711025,0.005060511967211062,0.00251290450792332,0.0012178333663959778,0.0005756368907848927,0.00026522809915425344,0.00011907144184901718,5.2067531165682064e-05,2.2171718760232174e-05,9.19304695892223e-06,3.7120278404653065e-06,1.4617936334820067e-06,5.675838232775713e-07,2.349244678599022e-07,1.512132985129642e-07
1.5114278562857704e-07,2.3481445670413646e-07,5.673163762472842e-07,1.4611011038796125e-06,3.7102606266017436e-06,9.188650608896069e-06,2.216107230126531e-05,5.204243865900972e-05,0.00011901387940957171,0.0002650995460286766,0.0005753573006642218,0.001217240913507373,0.0025116807029083427,0.005058046238620616,0.009948366977401597,0.019126012293460472,0.035972902611939986,0.0662481133234807,0.1195380717047551,0.21134594497639714,0.365557436806469,0.615238566026801,0.9931924748570914,1.4822736569350765,1.8300429491015713,2.000947686969511,2.000947686801492,1.8300429486772893,1.4822736565298118,0.9931924746091999,0.6152385658787678,0.36555743673331653,0.21134594494494888,0.11953807169158936,0.06624811331747717,0.03597290261058186,0.019126012293787575,0.009948366977700367,0.005058046238571914,0.0025116807028557103,0.0012172409134908987,0.0005753573006485222,0.00026509954602711705,0.00011901387941085758,5.2042438660721395e-05,2.2161072301799422e-05,9.188650609030552e-06,3.7102606266096566e-06,1.461101103814639e-06,5.67316376188625e-07,2.348144566615144e-07,1.5114278558227666e-07
1.5106949683165267e-07,2.3470011859434302e-07,5.670384270555175e-07,1.460381431718944e-06,3.708424308272148e-06,9.184082816754987e-06,2.2150012012603074e-05,5.201637449330568e-05,0.00011895409772966956,0.00026496606160665494,0.000575067046828633,0.001216626010377325,0.0025104108599366733,0.005055488500820143,0.009943339414248662,0.019116364324534174,0.035954823344210546,0.06621503507561449,0.11947901690924762,0.2112432195719948,0.3653838841259022,0.6149557060948971,0.9927542737045367,1.481649489581544,1.829279206604132,2.0001130878492757,2.000113087709342,1.8292792062403735,1.481649489221431,0.9927542734310294,0.6149557059381974,0.36538388405841155,0.2112432195401946,0.11947901689609362,0.0662150350713773,0.03595482334396398,0.0191163643252972,0.009943339414823322,0.00505548850094294,0.0025104108599741663,0.0012166260104002793,0.00057506704682973,0.00026496606161193566,0.0001189540977337157,5.201637449604211e-05,2.2150012013754635e-05,9.18408281706717e-06,3.7084243083843052e-06,1.4603814316940517e-06,5.670384270137821e-07,2.3470011856111301e-07,1.5106949679137154e-07
1.5099338519815367e-07,2.3458138063156376e-07,5.667498004447279e-07,1.4596341708349583e-06,3.7065177728424154e-06,9.179340894160481e-06,2.2138531610432498e-05,5.1989324461274546e-05,0.00011889206574627595,0.00026482758019472715,0.0005747659948885167,0.0012159883910260584,0.002509094469823701,0.005052837810886003,0.009938130853821356,0.019106372534629143,0.03593610674014314,0.06618080394263176,0.11941792797278256,0.2111369982428615,0.3652044977362566,0.614663460700182,0.9923017390195957,1.481005227174844,1.828490901143452,1.9992516147982318,1.999251614726498,1.828490900869346,1.4810052268254497,0.9923017387318694,0.614663460537236,0.36520449766700014,0.21113699820934403,0.1194179279604391,0.06618080394058101,0.035936106741137425,0.019106372535835997,0.009938130854703159,0.005052837811202048,0.00250909446994316,0.0012159883910824276,0.0005747659949052283,0.0002648275802048681,0.00011889206575207677,5.1989324464608996e-05,2.213853161204954e-05,9.179340894609888e-06,3.706517773039985e-06,1.459634170842386e-06,5.667498004173734e-07,2.3458138060785798e-07,1.509933851643811e-07
1.509144040322533e-07,2.3445817037847677e-07,5.66450322931086e-07,1.4588588823698229e-06,3.7045399355490933e-06,9.174422249532477e-06,2.212662511948152e-05,5.196127526956205e-05,0.00011882775492154648,0.0002646840426668011,0.0005744540265864435,0.0012153278270584825,0.002507731106565197,0.005050093401342971,0.009932739960627688,0.01909603468001163,0.035916749162171906,0.06614541423345466,0.11935479629755279,0.21102726846706374,0.3650192602581492,0.6143618077904797,0.9918348485628294,1.4803408603391248,1.8276780128956245,1.998363236385817,1.9983632362580621,1.8276780124667786,1.4803408598649606,0.9918348482757995,0.6143618076322257,0.3650192601892142,0.21102726843775205,0.11935479628711909,0.06614541423148075,0.03591674916344259,0.019096034681671162,0.009932739961849364,0.005050093401822466,0.002507731106753167,0.0012153278271504722,0.0005744540266213052,0.0002646840426828245,0.00011882775493019279,5.19612752737415e-05,2.2126625121512112e-05,9.174422250080116e-06,3.7045399358000916e-06,1.4588588823968966e-06,5.664503229126338e-07,2.344581703620583e-07,1.5091440400337244e-07
1.5083250827037752e-07,2.3433041807989762e-07,5.661398285353986e-07,1.4580551510243373e-06,3.7024897858035643e-06,9.169324517933272e-06,2.2114287227836725e-05,5.1932215474936264e-05,0.00011876114162485436,0.00026453540227466376,0.0005741310533838405,0.0012146441580552357,0.002506320492447878,0.005047254813745408,0.009927166014928426,0.019085349689960188,0.03589674910916285,0.06610886397766219,0.11928961947177379,0.21091402750014282,0.3648281689382568,0.614050745987648,0.9913536077077172,1.4796564141063122,1.8268405577372298,1.9974479566037433,1.9974479565124468,1.8268405573921171,1.4796564136796688,0.9913536074439401,0.6140507458227302,0.3648281688580039,0.21091402747209903,0.1192896194630238,0.06610886397574481,0.035896749110923346,0.019085349692157583,0.009927166016382912,0.005047254814323514,0.002506320492696126,0.0012146441581766868,0.000574131053428128,0.00026453540229184175,0.00011876114163503178,5.193221547946774e-05,2.211428723014464e-05,9.169324518566004e-06,3.7024897860904544e-06,1.4580551510644043e-06,5.661398285210889e-07,2.343304180685125e-07,1.508325082448863e-07
1.5074765643427278e-07,2.341980598023232e-07,5.658181670106836e-07,1.457222608713277e-06,3.700366455357602e-06,9.164045753673695e-06,2.2101513815282484e-05,5.190213688318743e-05,0.00011869221069553496,0.0002643816333529488,0.000573797036840455,0.0012139373372747034,0.0025048625961449082,0.005044322100101967,0.009921409308904179,0.01907431841403278,0.035876108566221414,0.0660711572543427,0.1192224051050415,0.21079728840457124,0.36463124466946806,0.6137303073786237,0.9908580666692929,1.478951969917414,1.8259786114288459,1.9965058391067907,1.9965058390455344,1.8259786111768774,1.4789519694815003,0.9908580663922916,0.613730307217404,0.364631244584642,0.21079728837478107,0.11922240509640306,0.06607115725293446,0.03587610856837836,0.019074318416334425,0.009921409310356762,0.005044322100728077,0.002504862596439671,0.0012139373374144358,0.0005737970368905818,0.00026438163337089577,0.00011869221070679592,5.190213688757712e-05,2.210151381761697e-05,9.164045754263888e-06,3.7003664556032295e-06,1.4572226087374532e-06,5.65818166988055e-07,2.3419805979121596e-07,1.507476564095842e-07
1.5065981341001478e-07,2.3406104191448545e-07,5.654852156481425e-07,1.4563609687207878e-06,3.6981693174077485e-06,9.158584712359263e-06,2.2088302732360267e-05,5.187103662401306e-05,0.00011862096075137543,0.00026422274433494274,0.0005734520191526082,0.0012132075002039668,0.0025033577799720825,0.005041296125419741,0.009915471740932245,0.01906294473926933,0.03585483501685396,0.06603230765993613,0.11915317653279392,0.21067708899017315,0.36442854531432517,0.613400576306869,0.9903483454092649,1.478227696264487,1.8250923433764898,1.9955370424195757,1.9955370422659202,1.825092343036791,1.4782276957206968,0.990348345080951,0.6134005761548722,0.3644285452349848,0.21067708895760173,0.11915317652189904,0.06603230765809771,0.035854835018650465,0.01906294474140453,0.009915471742428239,0.005041296126110706,0.002503357780278085,0.001213207500340513,0.0005734520192051689,0.0002642227443535186,0.00011862096076304772,5.187103662785133e-05,2.208830273449391e-05,9.158584712787155e-06,3.698169317554446e-06,1.4563609687105277e-06,5.654852156085632e-07,2.340610418995666e-07,1.5065981338306433e-07
1.5056895434047182e-07,2.3391932738721393e-07,5.651408960037516e-07,1.4554700745007931e-06,3.6958981293425104e-06,9.152941260111218e-06,2.2074654938264794e-05,5.183892020014814e-05,0.00011854741203122587,0.000264058797071458,0.0005730961686559428,0.0012124550669510893,0.002501807020073477,0.005038179020409365,0.00990935770519452,0.01905123726024809,0.0358329444392471,0.06599234344681057,0.11908198122852234,0.21055350493164562,0.36422018516090376,0.6130617167846596,0.989824670147904,1.477483893711644,1.8241820647581042,1.9945418687954555,1.9945418685903495,1.824182064515999,1.4774838933547396,0.9898246698174653,0.6130617166104206,0.36422018507219067,0.21055350489395283,0.11908198121542515,0.06599234344437811,0.035832944440393026,0.01905123726217004,0.009909357706682729,0.00503817902107933,0.002501807020346413,0.0012124550670722116,0.0005730961687043357,0.00026405879708567807,0.00011854741204088232,5.183892020273221e-05,2.2074654939874685e-05,9.152941260252281e-06,3.695898129343107e-06,1.455470074436803e-06,5.651408959392852e-07,2.3391932736610658e-07,1.5056895430969184e-07
1.5047507000296413e-07,2.337729045302331e-07,5.647851972858022e-07,1.4545499685970947e-06,3.693553236447076e-06,9.147116963153519e-06,2.206057615388663e-05,5.180580594808725e-05,0.00011847161793393236,0.00026388993538336496,0.0005727298473299766,0.0012116808945922901,0.0025002122345037583,0.005034974855994216,0.009903075416382811,0.019039211763999826,0.03581046575606373,0.06595131512737235,0.11900890319204735,0.21042666896817883,0.3640063631657969,0.6127140118922426,0.9892874254788094,1.4767210595766322,1.82324829856498,1.9935208352132348,1.9935208349218934,1.823248298213955,1.4767210592578224,0.9892874251393672,0.6127140116847949,0.3640063630630091,0.21042666892648565,0.11900890317712104,0.06595131512384356,0.035810465756342454,0.01903921176556225,0.00990307541764544,0.005034974856545361,0.0025002122347395823,0.0012116808947016736,0.0005727298473708162,0.0002638899353913068,0.00011847161794108637,5.1805805949214873e-05,2.2060576154652463e-05,9.147116962864951e-06,3.6935532362401265e-06,1.4545499684481001e-06,5.647851971834174e-07,2.3377290449858713e-07,1.5047506996580705e-07
1.5037817414812745e-07,2.3362179897007608e-07,5.644182087216694e-07,1.4536009890676894e-06,3.691135860091184e-06,9.141115930773834e-06,2.2046079247703633e-05,5.1771731529971814e-05,0.00011839368193016064,0.00026371642714155427,0.0005723537106996592,0.0012108865033636476,0.002498576771442864,0.005031690647747906,0.009896638880363396,0.019026894918820786,0.03578744742126096,0.06590930668722045,0.11893408113208319,0.21029679894006398,0.36378740396264553,0.6123579205375089,0.9887372284946273,1.4759399781594682,1.8222918768455214,1.9924747726826686,1.9924747724524217,1.8222918763784999,1.4759399776937276,0.9887372281576894,0.6123579203290781,0.36378740385355857,0.21029679889220693,0.11893408111205418,0.06590930668071918,0.03578744742022015,0.019026894919910765,0.009896638881334666,0.005031690648172863,0.0024985767716200497,0.0012108865034330615,0.0005723537107194993,0.0002637164271405466,0.00011839368193377556,5.1771731529042585e-05,2.2046079247295617e-05,9.141115929966611e-06,3.691135859649791e-06,1.4536009888265438e-06,5.64418208579147e-07,2.336217989263817e-07,1.5037817410335959e-07
1.5027831337740693e-07,2.3346608985918346e-07,5.640401638547238e-07,1.4526239031680652e-06,3.6886485024001677e-06,9.134946012945869e-06,2.20311876604845e-05,5.173676333446845e-05,0.00011831378223894493,0.00026353872605702875,0.0005719688552371413,0.0012100744115197952,0.0024969061336155363,0.005028337848247055,0.00989007082191224,0.01901432974565593,0.035763967160771785,0.06586645209603785,0.11885773508652896,0.2101642385595224,0.36356381709151614,0.6119941589662786,0.9881750348107435,1.4751418493386474,1.8213140775976187,1.9914049643812488,1.9914049644329723,1.821314077318048,1.475141848809194,0.9881750344734799,0.6119941587498173,0.36356381696890855,0.21016423850268293,0.11885773506173089,0.06586645208687522,0.03576396715824899,0.01901432974599019,0.009890070822477375,0.005028337848507908,0.0024969061336960778,0.001210074411532832,0.0005719688552333886,0.00026353872604625454,0.00011831378223710394,5.1736763330635456e-05,2.2031187658636287e-05,9.134946011507854e-06,3.6886485016626387e-06,1.452623902818842e-06,5.640401636686697e-07,2.3346608980147394e-07,1.5027831332390083e-07
1.501755802474135e-07,2.3330593151232327e-07,5.636515004323912e-07,1.4516200907707606e-06,3.686095509603372e-06,9.128620489848348e-06,2.2015940293344274e-05,5.1701010027987296e-05,0.00011823220769358755,0.00026335756211309374,0.0005715770352965314,0.0012092486301251522,0.0024952090512681767,0.005024934559854862,0.009883407025318787,0.019001583718336452,0.0357401463541739,0.06582295959002488,0.11878020536795536,0.21002951665062755,0.3633363823293607,0.6116238170688247,0.9876022884517144,1.47432846924732,1.8203168170405342,1.9903133400673527,1.9903133401679336,1.8203168166815982,1.4743284686334692,0.9876022880957558,0.611623816830083,0.3633363821908977,0.21002951658579486,0.11878020533969755,0.06582295957852767,0.0357401463499599,0.019001583717720663,0.009883407025411978,0.005024934559901629,0.0024952090512316795,0.0012092486300878927,0.0005715770352710236,0.00026335756209141777,0.00011823220768534192,5.170101002122001e-05,2.2015940290047974e-05,9.128620487737848e-06,3.6860955085385185e-06,1.4516200903066296e-06,5.636515002013388e-07,2.3330593143933166e-07,1.5017558018427603e-07
1.5007013038073206e-07,2.331415818626723e-07,5.63252940339059e-07,1.4505917932823181e-06,3.6834838489709905e-06,9.122160436039952e-06,2.2000398435550415e-05,5.166464197307318e-05,0.00011814940960967433,0.00026317407332864434,0.000571180981119135,0.0012084153917685688,0.0024934990673678033,0.0050215088088705765,0.009876702757424232,0.01898876073392264,0.03571617122931352,0.06577914731515493,0.11870200944528461,0.20989343316032033,0.3631062727192016,0.611248524697013,0.9870211341462973,1.4735024832281998,1.8193029160737884,1.9892027444642444,1.9892027443835016,1.8193029155155382,1.4735024827106102,0.9870211338131369,0.6112485244489976,0.36310627257269557,0.20989343308540223,0.11870200940957408,0.06577914729932877,0.03571617122297207,0.018988760732375785,0.009876702757070465,0.005021508808663818,0.002493499067194319,0.0012084153916751537,0.0005711809810632943,0.00026317407329349586,0.0001181494095951607,5.166464196338745e-05,2.2000398430596397e-05,9.122160433214955e-06,3.683483847591783e-06,1.4505917927124782e-06,5.632529400674813e-07,2.33141581777006e-07,1.5007013031007305e-07
1.4996220439203242e-07,2.3297343923788307e-07,5.628455946874203e-07,1.4495424471763836e-06,3.6808241688606685e-06,9.115597998259409e-06,2.198465550342412e-05,5.1627918853379355e-05,0.0001180660763239333,0.0002629899966918243,0.0005707848626809965,0.0012075842188238293,0.0024917968696595853,0.005018103372018891,0.009870042240992196,0.01897601875237269,0.035692324023754676,0.0657354955379213,0.11862392484887158,0.20975718376383992,0.36287523159834345,0.6108706892602378,0.9864347185468223,1.472667743197555,1.8182764746011484,1.9880773114173076,1.9880773112257366,1.8182764740194306,1.4726677427201955,0.986434718104858,0.6108706889599884,0.36287523143560796,0.2097571836768769,0.11862392480656098,0.06573549551935076,0.03569232401622877,0.018976018750148954,0.009870042240255821,0.00501810337158616,0.0024917968693727783,0.0012075842186838608,0.0005707848625952375,0.00026298999664462554,0.00011806607630372048,5.162791884064443e-05,2.198465549667198e-05,9.115597994730543e-06,3.6808241671764942e-06,1.449542446495174e-06,5.628455943713735e-07,2.3297343913790303e-07,1.499622043129411e-07
1.498521553741521e-07,2.3280208891989226e-07,5.624310995194462e-07,1.448477123990284e-06,3.6781322254615477e-06,9.108980885715899e-06,2.196885058508756e-05,5.159122859118897e-05,0.00011798323935716604,0.00026280794260097226,0.0005703949613490439,0.0012067694790692549,0.002490133700359706,0.005014782850738702,0.00986355255362067,0.0189635956663619,0.035669028610544315,0.0656927228765314,0.11854710973784414,0.20962254015854775,0.3626458272050818,0.6104938351076076,0.9858476171614156,1.4718298101578338,1.8172433966283266,1.9869429887403902,1.98694298855285,1.817243396117632,1.4718298096171758,0.9858476166082053,0.6104938347719442,0.3626458270227283,0.2096225400574203,0.11854710968985802,0.06569272285559598,0.03566902860160797,0.018963595663161723,0.009863552552421684,0.005014782850079103,0.0024901336999562642,0.001206769478877065,0.000570394961231752,0.00026280794254049985,0.00011798323932996455,5.159122857547109e-05,2.1968850576875667e-05,9.108980881642059e-06,3.6781322235224987e-06,1.448477123217494e-06,5.624310991672681e-07,2.3280208880756346e-07,1.498521552872391e-07
1.4974048247481447e-07,2.3262836066980135e-07,5.620117872771564e-07,1.447403099775466e-06,3.6754307703565467e-06,9.10237842566265e-06,2.1953187009540992e-05,5.155514145052935e-05,0.00011790242274728673,0.0002626317847214637,0.0005700206317188593,0.001205992627521051,0.002488556292878306,0.005011643945470982,0.009857423846527054,0.018951846943815385,0.03564691682491258,0.06565189690666672,0.11847327735861111,0.2094921100593754,0.36242181840766874,0.610123089047024,0.9852664426093762,1.4709966666022365,1.8162121309431316,1.9858082775339518,1.9858082772938703,1.8162121302919525,1.4709966658615887,0.9852664420233606,0.6101230887080686,0.3624218182018509,0.20949210994340978,0.11847327730417004,0.06565189688162858,0.03564691681393556,0.018951846939662054,0.00985742384498464,0.005011643944631855,0.0024885562923565316,0.0012059926272695572,0.0005700206315699691,0.00026263178464608117,0.00011790242271126177,5.1555141431506464e-05,2.1953186999811155e-05,9.102378420982858e-06,3.675430768154358e-06,1.447403098922074e-06,5.620117868950401e-07,2.3262836054603433e-07,1.4974048238077868e-07
1.496278707137501e-07,2.3245339779259417e-07,5.615908978382419e-07,1.4463305745904882e-06,3.6727519928359547e-06,9.095889560954326e-06,2.193795730477025e-05,5.15204838547654e-05,0.00011782584940653559,0.0002624672044841992,0.0005696756568057853,0.0012052853872563424,0.0024871339137011186,0.0050088301670552955,0.00985193836600891,0.018941299726170615,0.03562692380592181,0.06561459305371814,0.11840494636467412,0.2093697096636994,0.3622086776981851,0.609765873397047,0.9847007117808095,1.4701797317818104,1.8151947255707745,1.9846852836243323,1.984685283366001,1.8151947248342286,1.4701797308499576,0.9847007111443836,0.6097658730275652,0.36220867746805957,0.20936970954311737,0.11840494630784328,0.0656145930256368,0.03562692379385261,0.01894129972149755,0.009851938364158683,0.005008830166016095,0.0024871339130592414,0.0012052853869429245,0.000569675656625622,0.00026246720439467843,0.00011782584936242267,5.152048383285125e-05,2.193795729366168e-05,9.095889555785724e-06,3.6727519904410326e-06,1.4463305736770636e-06,5.615908974293506e-07,2.3245339765616467e-07,1.4962787061167492e-07
1.495152367799292e-07,2.3227873750023602e-07,5.611728302396126e-07,1.4452735542881887e-06,3.67014058835681e-06,9.089653116517515e-06,2.1923575833323444e-05,5.1488436454630025e-05,0.00011775671901845175,0.0002623224328148232,0.000569380111806789,0.00120469415792776,0.002485968181907392,0.0050065524463100515,0.009847511249309318,0.01893272906193524,0.03561042258500183,0.06558311918442755,0.11834579503383709,0.20926089134141634,0.36201433321855175,0.6094328909652292,0.9841640806453437,1.469395310848458,1.8142083367478465,1.983591223764887,1.9835912235616229,1.814208336187495,1.4693953099745138,0.9841640799965411,0.6094328905685327,0.3620143329760899,0.20926089121885982,0.11834579497197066,0.0655831191523728,0.03561042257151281,0.018932729056246947,0.009847511246831545,0.005006552444978287,0.0024859681811440744,0.0012046941575505278,0.0005693801115919983,0.00026232243271128613,0.00011775671896750821,5.14884364301371e-05,2.1923575820941337e-05,9.089653110980298e-06,3.67014058581327e-06,1.4452735533232158e-06,5.611728298117627e-07,2.3227873735622112e-07,1.495152366741059e-07
1.494037806241681e-07,2.3210640194744042e-07,5.607634329587855e-07,1.4442508913702268e-06,3.6676574656375137e-06,9.08386046908773e-06,2.1910619835508293e-05,5.146065951938395e-05,0.00011769956849944995,0.00026220922412282036,0.0005691628368830333,0.0012042859151020825,0.002485206301563275,0.0050051170650176596,0.009844746072189868,0.01892726212456257,0.03559940876772719,0.06556082495063671,0.11830115113590577,0.20917367678180776,0.3618502052503562,0.6091395093547924,0.9836760910023391,1.4686666578367438,1.813277389500746,1.982550590316713,1.9825505899291451,1.813277388703714,1.4686666567618383,0.9836760902731353,0.6091395089292888,0.36185020500191595,0.20917367665330486,0.1183011510679503,0.06556082491646195,0.03559940875343455,0.018927262118103565,0.009844746069392903,0.0050051170635258225,0.002485206300712486,0.0012042859146684454,0.0005691628366344999,0.00026220922400465056,0.00011769956844144317,5.146065949198528e-05,2.1910619821755768e-05,9.08386046313139e-06,3.6676574629023066e-06,1.4442508903350827e-06,5.607634325100102e-07,2.3210640179522526e-07,1.4940378051458477e-07
1.4929504456748967e-07,2.319390012185868e-07,5.603703300264193e-07,1.4432874628076195e-06,3.665384002587196e-06,9.078770344085085e-06,2.1899878205106402e-05,5.143944441727678e-05,0.00011766071396169297,0.0002621440661551525,0.000569064543337859,0.0012041556915970476,0.002485057979609472,0.005004961621545699,0.009844506845399843,0.01892651416297793,0.03559674307878571,0.0655525110806563,0.11827864549256581,0.20911954429394095,0.3617326165198537,0.6089076656689936,0.9832646013455659,1.468026876314749,1.812436640409599,1.9815982349022885,1.9815982344292995,1.812436639621408,1.4680268753123689,0.9832646006263305,0.6089076652373527,0.3617326162705814,0.209119544159725,0.1182786454218401,0.06555251104606093,0.03559674306309972,0.01892651415550537,0.009844506842279067,0.005004961619755476,0.0024850579785746295,0.0012041556910840523,0.0005690645430570765,0.0002621440660244204,0.00011766071389843074,5.1439444388284234e-05,2.1899878190714337e-05,9.078770337951634e-06,3.66538399974794e-06,1.4432874617317295e-06,5.603703295643016e-07,2.3193900105878e-07,1.492950444541762e-07
1.4919098824493198e-07,2.3177985797147e-07,5.600032910009356e-07,1.4424154562024264e-06,3.663426631356217e-06,9.074724792489183e-06,2.1892404703349025e-05,5.142788114153468e-05,0.00011764874643685405,0.0002621495552135665,0.0005691413870996084,0.0012044352773113865,0.0024858152924760522,0.005006697662634482,0.00984800418144261,0.018932752932661386,0.03560644823707601,0.06556493720766511,0.11828903537050604,0.20911469366060162,0.36168463132126905,0.6087683957833151,0.9829690721660348,1.467522902145774,1.8117354324956148,1.9807836786359487,1.9807836782353245,1.8117354318908832,1.4675229012563233,0.98296907144686,0.6087683953280971,0.3616846310632955,0.20911469351889508,0.1182890352969123,0.06556493717126631,0.03560644821900399,0.018932752924017686,0.009848004177885351,0.005006697660491585,0.0024858152912875533,0.0012044352767444297,0.0005691413867964724,0.0002621495550720639,0.00011764874636832098,5.142788111050039e-05,2.1892404687944854e-05,9.074724785929556e-06,3.6634266283386437e-06,1.4424154550639463e-06,5.600032905206927e-07,2.3177985780531031e-07,1.491909881305982e-07
1.4909410396248624e-07,2.3163318636103872e-07,5.596746942358358e-07,1.4416757866464498e-06,3.661921463968543e-06,9.07216458362516e-06,2.1889568396777172e-05,5.1430017185281946e-05,0.00011767500607708393,0.00026225572724312496,0.0005694684714140639,0.0012053018558715004,0.0024878726679615883,0.005011154178338587,0.009856884670648153,0.01894907264450264,0.0356340304084815,0.06560738655466508,0.11834714710084811,0.20918153893488792,0.36173829325874957,0.6087650026151289,0.982844790308788,1.467220736738293,1.8112433752227177,1.9801769164953058,1.980176916099074,1.8112433744825063,1.467220735700261,0.9828447895793438,0.6087650021581366,0.361738293006218,0.20918153879305879,0.11834714702629794,0.06560738651669683,0.03563403038903502,0.01894907263509654,0.009856884666496027,0.00501115417584531,0.0024878726666550423,0.001205301855229644,0.0005694684710711354,0.0002622557270859859,0.00011767500600270102,5.1430017152199935e-05,2.1889568380579374e-05,9.072164576796944e-06,3.661921460877806e-06,1.4416757854862878e-06,5.59674693755007e-07,2.3163318619697882e-07,1.490941038530559e-07
1.4900762927312203e-07,2.31504406548068e-07,5.594002369798843e-07,1.4411198657324364e-06,3.6610388973815034e-06,9.071641828466936e-06,2.1893089928141917e-05,5.14509639668269e-05,0.00011775389084557338,0.0002625009209683426,0.0005701421402726859,0.001206983762959765,0.00249174055059737,0.0050194083705246235,0.009873296939600757,0.018979529703211085,0.035686746340469554,0.06569216818241377,0.11847277400886026,0.20935022668427644,0.3619370407928117,0.6089566579511152,0.982967881355021,1.4672118630169901,1.8110574585087107,1.9798757670341445,1.979875766776903,1.8110574579136414,1.4672118621743147,0.9829678807466031,0.6089566575148722,0.3619370405409224,0.20935022653841526,0.11847277393044998,0.06569216814074001,0.03568674631901819,0.018979529692432648,0.009873296934384159,0.005019408367577526,0.002491740549116658,0.0012069837622056265,0.0005701421398889104,0.00026250092080058995,0.00011775389076745266,5.145096393219389e-05,2.1893089911399776e-05,9.07164182144408e-06,3.6610388942435275e-06,1.44111986455805e-06,5.59400236505459e-07,2.3150440638880585e-07,1.4900762916859729e-07
1.4893596494623716e-07,2.3140075960350928e-07,5.592002502707897e-07,1.4408124262036399e-06,3.660989092011091e-06,9.073828879481996e-06,2.190505114867943e-05,5.149689164414392e-05,0.00011790278409846534,0.00026293149642101654,0.0005712791617408752,0.001209758505596009,0.0024980413412768634,0.005032779012858154,0.009899885098833942,0.019029149322593593,0.03577366139243788,0.06583481375090657,0.11869117824746325,0.20965971297216174,0.36233773271810565,0.6094218056976906,0.9834404652592327,1.4676202409441819,1.8113100852771205,1.9800143112738329,1.9800143111012636,1.8113100847085482,1.4676202401378164,0.9834404646593305,0.6094218052456608,0.362337732461155,0.2096597128271294,0.11869117817052076,0.0658348137076981,0.035773661369812707,0.01902914931101549,0.009899885093106438,0.0050327790097678795,0.0024980413397053267,0.001209758504779042,0.0005712791613417573,0.0002629314962433406,0.00011790278401331618,5.1496891606133864e-05,2.190505113072198e-05,9.07382887200422e-06,3.6609890887531474e-06,1.4408124250022204e-06,5.592002498040831e-07,2.3140075944859862e-07,1.4893596484186131e-07
1.4888546357127829e-07,2.3133249339662136e-07,5.591022865513466e-07,1.4408369862648466e-06,3.6620314825764897e-06,9.079527648406874e-06,2.192787489766676e-05,5.15748629060421e-05,0.00011814136894568568,0.0002635995873658697,0.0005730103230080903,0.0012139363980373616,0.002507471469060817,0.005052746496793035,0.009939636030133548,0.01910366376279866,0.03590525423622327,0.06605357165365656,0.11903259774186464,0.2101575623624409,0.36301119991340375,0.6102600622783477,0.9843944867841411,1.4686083302429518,1.8121765272496961,1.9807709929276183,1.9807709927825252,1.812176526697121,1.4686083295478884,0.984394486247273,0.6102600618726837,0.36301119967649564,0.2101575622210183,0.11903259766562503,0.06605357160811251,0.035905254211576976,0.019103663750098546,0.009939636023936174,0.005052746493516523,0.0025074714673450947,0.0012139363971644574,0.000573010322592029,0.00026359958717426434,0.00011814136885676125,5.157486286805764e-05,2.192787488035747e-05,9.079527641315072e-06,3.6620314795513344e-06,1.4408369851628083e-06,5.591022861292025e-07,2.3133249325801983e-07,1.488854634767276e-07
1.488657600315232e-07,2.313149400869109e-07,5.591459266600557e-07,1.4413066464140499e-06,3.664495227221944e-06,9.08969472839527e-06,2.1964302068275648e-05,5.169252999862981e-05,0.00011849025647850671,0.000264558365594707,0.0005754664248119194,0.0012198236771793376,0.0025207134421829473,0.0050807615442281205,0.009995498966484332,0.019208820767044207,0.03609227121595083,0.06636768921216402,0.11952994453027267,0.21089725962194059,0.36403965330095833,0.6115904680807116,0.9859916435464828,1.4703792517181595,1.813878882018166,1.9823735028737632,1.9823735027495517,1.8138788815232716,1.4703792511311875,0.9859916430088332,0.6115904676891868,0.3640396530612606,0.2108972594683329,0.11952994444834099,0.06636768916418538,0.03609227119007819,0.01920882075362602,0.00999549896000331,0.005080761540817381,0.0025207134403732213,0.0012198236762864176,0.0005754664243801251,0.0002645583653899511,0.0001184902563871583,5.1692529959127674e-05,2.196430205021862e-05,9.089694721025926e-06,3.6644952241694607e-06,1.4413066453106613e-06,5.591459262296794e-07,2.313149399353758e-07,1.4886575993463453e-07
1.4889163717980743e-07,2.3137159357315633e-07,5.593905277840341e-07,1.4423832192348909e-06,3.668820952604145e-06,9.105513782784394e-06,2.2017451291537864e-05,5.185790092925591e-05,0.00011896936154078612,0.00026585557564044173,0.0005787576236666766,0.0012276652737875354,0.00253829425629758,0.005117927892094591,0.010069736412025477,0.01934916461530907,0.03634361913492209,0.06679406170994341,0.12021392165775785,0.21193173447965524,0.36550894868566985,0.6135432713951381,0.9884157536289392,1.4731707263085716,1.816681943379329,1.9850958413966708,1.9850958412779351,1.816681942914056,1.473170725822162,0.988415753086824,0.6135432710175731,0.36550894845862414,0.21193173433065707,0.12021392157744654,0.06679406166286918,0.03634361910922082,0.019349164601567506,0.010069736405323599,0.005117927888569005,0.0025382942544256003,0.0012276652728771408,0.0005787576232136161,0.00026585557542486055,0.00011896936144624512,5.185790088668361e-05,2.2017451272614488e-05,9.10551377526631e-06,3.6688209495645902e-06,1.4423832181423672e-06,5.593905273584702e-07,2.3137159341768973e-07,1.4889163707984486e-07
1.4898484690601535e-07,2.3153745024947443e-07,5.59924885282694e-07,1.4443044440270512e-06,3.6756306231787085e-06,9.12855382697368e-06,2.209111213777106e-05,5.207966605432333e-05,0.00011959742601605693,0.0002675288889839171,0.0005829541595712944,0.0012375835415859187,0.002560420023904884,0.005164609477225487,0.010163087436686835,0.01952640682453924,0.0366634306197615,0.06734232434659396,0.12110541202026598,0.2133024645442304,0.3674942538252472,0.6162426601693954,0.9918536702111757,1.477235678247335,1.8208752901922085,1.989241682741118,1.9892416826410313,1.8208752897382965,1.4772356779040696,0.991853669725055,0.6162426597978378,0.36749425359840004,0.21330246439813028,0.12110541193798882,0.06734232429779018,0.036663430593170176,0.019526406810256067,0.010163087429747829,0.005164609473619608,0.002560420022008413,0.0012375835406751574,0.0005829541591183275,0.00026752888877542116,0.00011959742592604338,5.207966601341718e-05,2.209111212057068e-05,9.128553820063858e-06,3.6756306202315755e-06,1.444304442894597e-06,5.59924884870079e-07,2.3153745011031152e-07,1.4898484681819405e-07
1.49174171363718e-07,2.3186001043204784e-07,5.608730749845526e-07,1.4474073564783412e-06,3.685806955839295e-06,9.161009689062787e-06,2.21903990848314e-05,5.236877391280803e-05,0.00012039523763922694,0.00026961077041292404,0.0005880882800843359,0.0012495571042384621,0.0025868733269293026,0.0052201175457522765,0.01027401951592234,0.019737861126935673,0.037048054735471264,0.06800944740072339,0.1222064126680419,0.21502535829111635,0.37003976802280086,0.6197799678681569,0.9964626783196114,1.4828057328316897,1.8267367610736378,1.9951087544592498,1.995108754425173,1.8267367605910716,1.4828057324872035,0.9964626779004365,0.6197799675138278,0.37003976779612424,0.21502535815380253,0.12220641259118271,0.06800944735630793,0.03704805471136872,0.019737861113679346,0.010274019509308145,0.005220117542243732,0.0025868733250621005,0.0012495571033359948,0.000588088279633638,0.00026961077020704657,0.00012039523754810598,5.236877387098972e-05,2.2190399067429587e-05,9.16100968162704e-06,3.685806952641967e-06,1.4474073552462528e-06,5.608730745455522e-07,2.3186001028705705e-07,1.4917417127375477e-07
1.4949056272316097e-07,2.323926307170867e-07,5.623825448946916e-07,1.4521113386924836e-06,3.7004961343955637e-06,9.205854507397112e-06,2.232254931781439e-05,5.2741443796776355e-05,0.00012139508127531228,0.00027215376270208836,0.0005942109996365539,0.001263521639862611,0.0026171328300997262,0.00528273911030112,0.010398516131171478,0.019975736890816134,0.03748433602159784,0.06877600006122511,0.1234926255391954,0.21707738338487922,0.37313687264700857,0.6241813849143734,1.0023272184688055,1.4900387191016597,1.8344769274121042,2.002933049671121,2.002933049783701,1.8344769270095762,1.4900387186024986,1.0023272180583058,0.624181384597678,0.3731368724352379,0.21707738326012782,0.1234926254684073,0.06877600002084344,0.037484335998877114,0.019975736877923027,0.010398516124610794,0.005282739106837168,0.002617132828276699,0.0012635216389863568,0.0005942109992027167,0.0002721537625068914,0.0001213950811892264,5.2741443758200184e-05,2.232254930141835e-05,9.205854499831342e-06,3.7004961314351535e-06,1.45211133761623e-06,5.62382544518434e-07,2.323926305970446e-07,1.494905626476344e-07
1.4995371371271503e-07,2.331732567086259e-07,5.64572618473248e-07,1.4587926600885482e-06,3.7208352007889737e-06,9.266377555093564e-06,2.249664380980404e-05,5.3221379478302945e-05,0.00012265435556679794,0.0002752821028043851,0.000601543480572703,0.0012797200265884567,0.002650975580119552,0.00535042497473774,0.010530831749317633,0.02022803391563952,0.037950561624065744,0.0696065530113363,0.12491179059976175,0.21939005918460625,0.3767088965497031,0.6293798753726422,1.0094151202307107,1.4989597086059374,1.8441726774861842,2.012820000986014,2.012820001142535,1.8441726772294302,1.4989597080295156,1.0094151197993944,0.6293798751003837,0.3767088963668217,0.2193900590772353,0.1249117905366289,0.06960655297569272,0.037950561603519214,0.02022803390406099,0.010530831743414138,0.0053504249716066505,0.002650975578445274,0.0012797200257651776,0.0006015434801585279,0.00027528210261605623,0.0001226543554825893,5.322137944076676e-05,2.2496643793046952e-05,9.266377547219681e-06,3.72083519783005e-06,1.4587926590331788e-06,5.645726181419432e-07,2.331732566278702e-07,1.4995371366917332e-07
1.505494262857468e-07,2.3418548209573614e-07,5.674266686160538e-07,1.467477653897681e-06,3.747126138246406e-06,9.344153384366422e-06,2.2719314345281827e-05,5.38332716820241e-05,0.00012425589846861327,0.00027924412744023805,0.0006107292929745946,0.0012994813525696815,0.0026900850932849406,0.005422495620269024,0.010665362587596774,0.020481152773586624,0.03842043975471237,0.07045532334223743,0.12639041512621652,0.22185508619483207,0.3806113748727906,0.6352041659568365,1.0175496364762748,1.509413840008621,1.855707927977393,2.024679981172297,2.024679981022946,1.8557079276124326,1.509413839538016,1.0175496360913658,0.6352041657421748,0.3806113747260931,0.22185508610822555,0.12639041507259158,0.07045532331211388,0.03842043973680308,0.02048115276351734,0.010665362582280197,0.005422495617384065,0.002690085091715945,0.0012994813517919457,0.0006107292925823634,0.00027924412725911606,0.00012425589838383237,5.383327164241124e-05,2.2719314328479766e-05,9.344153377218916e-06,3.7471261358329554e-06,1.4674776531592827e-06,5.674266684914153e-07,2.3418548213479778e-07,1.5054942633051513e-07
1.5120590181083594e-07,2.3531364753293842e-07,5.706496864253189e-07,1.4773776009379345e-06,3.777369986555181e-06,9.434653820304688e-06,2.298252411829836e-05,5.457238423147827e-05,0.0001262465473990851,0.0002843450279784426,0.000623007101563934,0.001326570298800008,0.002742190832542422,0.005502942928101473,0.010799338015842565,0.02072336659164794,0.0388687972792179,0.07127546363533152,0.12784762514755457,0.22434246358090942,0.38465166991122757,0.6413940455548726,1.0264127655900337,1.5210518230865195,1.8687445448559934,2.0381916790144547,2.0381916784267937,1.8687445441571289,1.5210518225741907,1.0264127651872836,0.6413940453539474,0.38465166977801013,0.2243424635041373,0.12784762509850386,0.07127546360839294,0.038868797262968685,0.020723366582577528,0.010799338010952756,0.005502942925477709,0.0027421908311152134,0.0013265702980987933,0.000623007101202932,0.0002843450278059376,0.00012624654731450453,5.4572384192116155e-05,2.2982524102826803e-05,9.434653814969987e-06,3.777369985484097e-06,1.4773776010707815e-06,5.70649686818818e-07,2.3531364786644062e-07,1.5120590207792184e-07
1.5178882088777335e-07,2.3632701390157363e-07,5.73590497569047e-07,1.4865457765051272e-06,3.8058663438396128e-06,9.521868835884501e-06,2.324413262646286e-05,5.5339318046440245e-05,0.0001284400647773909,0.00029045182639399127,0.000639436732507038,0.0013682333988433559,0.002833326408147228,0.005606390230867931,0.010935403422214537,0.020947497304348184,0.03927649735434598,0.07202820515618852,0.12921085954483538,0.2267249005347629,0.3886226125496057,0.6476402745113566,1.035584521968401,1.533360152587238,1.882740260380891,2.052812184665819,2.0528121840852687,1.882740259783319,1.533360151984683,1.0355845215205282,0.64764027430763,0.3886226124213549,0.22672490046387614,0.12921085949890934,0.0720282051317987,0.03927649733957432,0.02094749729619102,0.010935403417724367,0.005606390228416214,0.0028333264066803697,0.0013682333980998436,0.0006394367320522337,0.00029045182615422777,0.00012844006466543553,5.533931800007316e-05,2.3244132611551517e-05,9.521868833423373e-06,3.805866345498917e-06,1.4865457786352814e-06,5.735904991840979e-07,2.3632701491515422e-07,1.5178882163340234e-07
1.5213711954973414e-07,2.3693787024058963e-07,5.753863103430452e-07,1.4922220910588653e-06,3.8238199089159335e-06,9.578158369744055e-06,2.341897961286339e-05,5.587931230655722e-05,0.00013011198170770103,0.0002957131907738163,0.0006565822541599258,0.0014272872387257607,0.003051368858204959,0.005766242870672165,0.01108116489361066,0.02115065279576556,0.03963227792949547,0.07268818337167972,0.13042721005683733,0.22889896554089362,0.3923374566248415,0.6536351905922486,1.044606429348136,1.5457296386000339,1.897012572366099,2.067835808154755,2.0678358078960613,1.897012572045482,1.5457296378797496,1.0446064289299621,0.6536351904129429,0.3923374565127262,0.22889896548220906,0.1304272100181308,0.0726881833520424,0.03963227791748153,0.021150652789263487,0.01108116488992189,0.005766242868519898,0.003051368856709025,0.0014272872378827371,0.0006565822536214508,0.00029571319044994224,0.0001301119815670858,5.587931225942491e-05,2.341897960594202e-05,9.578158376069274e-06,3.823819917302298e-06,1.4922220975830633e-06,5.753863144703778e-07,2.3693787258420475e-07,1.5213712121179638e-07
0.0,0.0,0.0,0.0,0.0,0.0,0.0,0.0,0.0,0.0,0.0,0.0,0.0037263723169686474,0.006021491413033967,0.011236327097808755,0.021328992603900646,0.03993091313728487,0.07324368656586047,0.13146707092664225,0.23079582314290498,0.3956534611360289,0.6591152729272794,1.0530461843186176,1.5575385603063117,1.9108276707675305,2.082483056393576,2.082483056302277,1.910827670454427,1.557538559518071,1.053046183972263,0.6591152727425235,0.3956534610250462,0.23079582309058225,0.13146707089271029,0.07324368654953431,0.03993091312729834,0.021328992598739643,0.011236327094833864,0.006021491411217284,0.003726372315436932,0.0,0.0,0.0,0.0,0.0,0.0,0.0,0.0,0.0,0.0,0.0,0.0
0.0,0.0,0.0,0.0,0.0,0.0,0.0,0.0,0.0,0.0,0.0,0.0,0.003998209475763992,0.006182942915861053,0.011354550991843243,0.02147098175517864,0.040170519759034254,0.07369360739391415,0.1323208903958294,0.23238024988552897,0.39847835839382023,0.663882773524512,1.0605421224115625,1.5682222918207596,1.9234843683306102,2.095989942728289,2.0959899427378765,1.9234843681311853,1.5682222913860826,1.0605421222393145,0.6638827733531969,0.3984783583024917,0.2323802498478759,0.1323208903703681,0.07369360738264309,0.04017051975199342,0.021470981751869442,0.011354550989949376,0.006182942914832462,0.003998209474891671,0.0,0.0,0.0,0.0,0.0,0.0,0.0,0.0,0.0,0.0,0.0,0.0
0.0,0.0,0.0,0.0,0.0,0.0,0.0,0.0,0.0,0.0,0.0,0.0,0.004114095375692221,0.006271237486858837,0.011434110332872333,0.02157711381533484,0.04035509546111992,0.07404383440915754,0.1329919747638954,0.23364140923720378,0.4007622960056149,0.6678051115526317,1.06681887113738,1.5773121141574318,1.9343705215581923,2.1076730856454446,2.107673085676606,1.9343705213302904,1.5773121138150479,1.066818871023958,0.667805111404936,0.40076229594313456,0.23364140921138488,0.13299197474485394,0.07404383440194102,0.040355095456423976,0.021577113813452925,0.01143411033181665,0.006271237486447712,0.004114095375397706,0.0,0.0,0.0,0.0,0.0,0.0,0.0,0.0,0.0,0.0,0.0,0.0
0.0,0.0,0.0,0.0,0.0,0.0,0.0,0.0,0.0,0.0,0.0,0.0,0.004165898968453136,0.006318021050394203,0.0114847590552727,0.0216520559993057,0.040489602766502465,0.0743011581171981,0.13348777466619086,0.2345807704376229,0.4024829040809534,0.6708003063284108,1.0716800599479475,1.5844436731689702,1.9429872978014116,2.1169631879069706,2.116963187929368,1.9429872975363913,1.5844436728187319,1.071680059842493,0.67080030622959,0.4024829040434674,0.2345807704159933,0.13348777465151404,0.07430115811337076,0.04048960276396741,0.021652055998867516,0.01148475905511563,0.00631802105038342,0.00416589896848089,0.0,0.0,0.0,0.0,0.0,0.0,0.0,0.0,0.0,0.0,0.0,0.0
0.0,0.0,0.0,0.0,0.0,0.0,0.0,0.0,0.0,0.0,0.0,0.0,0.004189406426188839,0.0063420450715149556,0.011514707428952404,0.021699953045567814,0.04057763846327418,0.07447047420982561,0.13381486011083188,0.23520335649686822,0.4036318908829604,0.6728198007947234,1.0749917607461714,1.58934888626206,1.948953040560307,2.123416916216864,2.1234169162255196,1.9489530403335875,1.5893488859603566,1.0749917606403538,0.6728198007181125,0.40363189085946566,0.23520335648185042,0.13381486010231575,0.07447047420886688,0.0405776384623847,0.02169995304636841,0.011514707429684702,0.006342045071897272,0.0041894064264735055,0.0,0.0,0.0,0.0,0.0,0.0,0.0,0.0,0.0,0.0,0.0,0.0
0.0,0.0,0.0,0.0,0.0,0.0,0.0,0.0,0.0,0.0,0.0,0.0,0.004198697595022331,0.006352318294473741,0.01152867771060648,0.021723340753857675,0.040621227771151396,0.07455454573769489,0.13397743433186088,0.23551350646928176,0.40420670858887814,0.6738359774907514,1.076668777464143,1.5918476188809279,1.9520043320566205,2.1267246780001687,2.126724677983397,1.952004331907575,1.5918476186700428,1.0766687773786419,0.6738359774398784,0.40420670857489355,0.2355135064670725,0.1339774343303762,0.0745545457391127,0.04062122777210086,0.021723340755169476,0.011528677711792232,0.006352318295120178,0.004198697595484795,0.0,0.0,0.0,0.0,0.0,0.0,0.0,0.0,0.0,0.0,0.0,0.0
0.0,0.0,0.0,0.0,0.0,0.0,0.0,0.0,0.0,0.0,0.0,0.0,0.0041986975951178365,0.006352318294654287,0.011528677710960366,0.021723340754539713,0.04062122777215977,0.07455454574016729,0.1339774343342698,0.23551350647536484,0.4042067085991218,0.6738359774917789,1.0766687774580777,1.5918476188082606,1.9520043319700604,2.12672467795052,2.1267246778964397,1.9520043318968612,1.5918476186680452,1.0766687773759767,0.6738359774519624,0.40420670857752006,0.2355135064710947,0.13397743433370213,0.07455454574281975,0.040621227775205285,0.021723340756324965,0.011528677712348471,0.006352318295431467,0.0041986975956728985,0.0,0.0,0.0,0.0,0.0,0.0,0.0,0.0,0.0,0.0,0.0,0.0
0.0,0.0,0.0,0.0,0.0,0.0,0.0,0.0,0.0,0.0,0.0,0.0,0.004189406426450779,0.006342045072008725,0.011514707429946425,0.021699953047590016,0.04057763846599507,0.07447047421511994,0.13381486011543467,0.23520335650394147,0.40363189089785523,0.6728198007826144,1.0749917607213382,1.5893488860727696,1.9489530403894912,2.1234169161758176,2.1234169160802727,1.948953040390418,1.58934888603851,1.074991760668734,0.672819800772595,0.4036318908803449,0.23520335650467447,0.13381486011847693,0.074470474218564,0.04057763847024275,0.021699953049564215,0.011514707431396485,0.0063420450728407015,0.004189406427032307,0.0,0.0,0.0,0.0,0.0,0.0,0.0,0.0,0.0,0.0,0.0,0.0
0.0,0.0,0.0,0.0,0.0,0.0,0.0,0.0,0.0,0.0,0.0,0.0,0.004165898968829976,0.006318021051087949,0.01148475905663548,0.021652056002213756,0.040489602770530535,0.07430115812516674,0.13348777467326084,0.2345807704490619,0.40248290408883786,0.6708003062862427,1.0716800598733753,1.5844436727793747,1.9429872974310995,2.1169631877315616,2.1169631876256267,1.9429872975364029,1.5844436728823597,1.0716800598476532,0.6708003062950626,0.4024829040663064,0.23458077045266032,0.13348777468177248,0.0743011581286611,0.04048960277514822,0.02165205600426286,0.011484759058126848,0.006318021051932064,0.004165898969381453,0.0,0.0,0.0,0.0,0.0,0.0,0.0,0.0,0.0,0.0,0.0,0.0
0.0,0.0,0.0,0.0,0.0,0.0,0.0,0.0,0.0,0.0,0.0,0.0,0.004114095376144531,0.006271237487686273,0.011434110334350645,0.021577113818380143,0.04035509546613906,0.07404383441912722,0.13299197477455849,0.23364140925518073,0.40076229599761615,0.6678051114599889,1.0668188710248272,1.577312113679099,1.9343705211079203,2.107673085369007,2.1076730852433148,1.9343705212131894,1.5773121138086261,1.0668188709878335,0.667805111498345,0.40076229598083957,0.2336414092481335,0.1329919747824864,0.07404383442213434,0.040355095470448854,0.021577113820655077,0.011434110335803665,0.006271237488433334,0.004114095376591933,0.0,0.0,0.0,0.0,0.0,0.0,0.0,0.0,0.0,0.0,0.0,0.0
0.0,0.0,0.0,0.0,0.0,0.0,0.0,0.0,0.0,0.0,0.0,0.0,0.003998209476174244,0.0061829429166466165,0.011354550993254966,0.02147098175836369,0.04017051976456122,0.07369360740438517,0.13232089040654257,0.23238024990011755,0.3984783583627784,0.6638827733971611,1.060542122178534,1.5682222910672972,1.923484367699676,2.095989942254042,2.0959899421373454,1.9234843677921323,1.5682222912383372,1.0605421221016367,0.6638827734639843,0.39847835838173823,0.2323802498922132,0.1323208904127365,0.07369360740651269,0.04017051976795175,0.021470981760256018,0.011354550994518254,0.00618294291729239,0.003998209476520645,0.0,0.0,0.0,0.0,0.0,0.0,0.0,0.0,0.0,0.0,0.0,0.0
0.0,0.0,0.0,0.0,0.0,0.0,0.0,0.0,0.0,0.0,0.0,0.0,0.0037263723170703885,0.006021491413505645,0.01123632709895255,0.02132899260679257,0.03993091314269425,0.0732436865763737,0.13146707093822213,0.23079582316125677,0.395653461121081,0.6591152728552694,1.053046184050116,1.5575385594881634,1.910827670360204,2.0824830562106325,2.0824830561472507,1.9108276704901936,1.5575385599682763,1.0530461840360141,0.6591152728723702,0.39565346114753025,0.23079582315565186,0.13146707094366242,0.07324368657823427,0.03993091314551166,0.021328992608516437,0.011236327100095353,0.00602149141424939,0.0037263723175249897,0.0,0.0,0.0,0.0,0.0,0.0,0.0,0.0,0.0,0.0,0.0,0.0
1.5213712124057525e-07,2.369378726203525e-07,5.753863146050144e-07,1.49222209800046e-06,3.823819918475871e-06,9.578158379469601e-06,2.341897961403886e-05,5.587931227729938e-05,0.00013011198160148946,0.0002957131905118357,0.0006565822536505446,0.0014272872380759905,0.0030513688579032845,0.005766242870893378,0.011081164894602428,0.021150652798378234,0.03963227793473801,0.0726881833821791,0.13042721006980257,0.2288989655657946,0.39233745663497704,0.6536351905761121,1.0446064291037336,1.5457296380241743,1.8970125721250313,2.067835807968922,2.0678358079270396,1.8970125719609536,1.5457296385464045,1.0446064292361144,0.6536351905397682,0.3923374566361141,0.22889896555299297,0.13042721007063618,0.07268818338191603,0.039632277935895764,0.021150652799333935,0.011081164895208771,0.0057662428715270974,0.003051368858464717,0.0014272872387494557,0.0006565822541363367,0.0002957131907496709,0.000130111981690942,5.587931229709192e-05,2.341897960795473e-05,9.57815836745113e-06,3.823819907904875e-06,1.4922220906141812e-06,5.75386310158255e-07,2.3693787014824882e-07,1.5213711948797088e-07
1.5178882167423142e-07,2.363270149597264e-07,5.735904993233195e-07,1.486545779072426e-06,3.8058663466598513e-06,9.521868836809981e-06,2.324413261955569e-05,5.533931801864147e-05,0.00012844006470394997,0.0002904518262399691,0.0006394367322472983,0.0013682333985099704,0.002833326407911656,0.0056063902309558405,0.01093540342275261,0.020947497305913103,0.03927649735787935,0.07202820516379824,0.1292108595540842,0.2267249005551658,0.38862261255986497,0.6476402745017942,1.035584521746454,1.5333601521881406,1.8827402598450653,2.052812184101059,2.052812184412885,1.8827402596791827,1.5333601522972062,1.0355845219118787,0.6476402744528561,0.3886226125429948,0.22672490053658864,0.12921085955060738,0.0720282051617872,0.03927649735761646,0.02094749730627083,0.010935403422840145,0.0056063902312263394,0.0028333264081523255,0.001368233398773204,0.0006394367324460291,0.00029045182635550003,0.00012844006475507813,5.5339318035102756e-05,2.3244132620915416e-05,9.521868833388971e-06,3.805866342811074e-06,1.4865457760673236e-06,5.735904974147338e-07,2.363270138269447e-07,1.5178882083829452e-07
1.5120590211770634e-07,2.353136479102218e-07,5.706496869508776e-07,1.47737760151993e-06,3.777369986703646e-06,9.434653818665766e-06,2.2982524111780452e-05,5.457238421397404e-05,0.00012624654736151532,0.00028434502791177405,0.0006230071014714861,0.0013265702987018736,0.0027421908324204852,0.005502942928134093,0.010799338016164312,0.020723366592588093,0.03886879728178619,0.07127546364147344,0.12784762515636758,0.2243424636036127,0.3846516699409693,0.64139404561658,1.0264127655892044,1.5210518231888928,1.868744544548967,2.0381916786622383,2.038191679411278,1.8687445448204996,1.5210518229056875,1.0264127655863033,0.641394045511928,0.3846516698943477,0.22434246357455725,0.1278476251460906,0.07127546363662494,0.03886879727951954,0.0207233665921078,0.010799338015692217,0.005502942928019036,0.0027421908323447064,0.0013265702986458541,0.0006230071014698128,0.00028434502792919436,0.00012624654737333586,5.457238421944203e-05,2.298252411279666e-05,9.434653817870949e-06,3.7773699856120875e-06,1.477377600504233e-06,5.706496862804866e-07,2.3531364746686005e-07,1.5120590176397085e-07
1.50549426380782e-07,2.341854821914824e-07,5.674266686345304e-07,1.4674776536146305e-06,3.7471261369600657e-06,9.344153380432796e-06,2.2719314335764192e-05,5.383327166089606e-05,0.00012425589842881004,0.000279244127371926,0.0006107292928501198,0.0012994813523659323,0.0026900850929022628,0.005422495619769363,0.010665362586895507,0.0204811527722907,0.03842043975313726,0.07045532334027549,0.12639041512079396,0.2218550861895958,0.38061137485644153,0.6352041659462246,1.0175496363701828,1.5094138399476533,1.8557079278089794,2.0246799807785076,2.024679981214356,1.855707928075431,1.5094138397669188,1.0175496363537997,0.635204165855188,0.38061137481574026,0.22185508616786676,0.12639041511220067,0.0704553233368315,0.038420439750838156,0.020481152771860505,0.010665362586487401,0.00542249561967943,0.0026900850928444848,0.0012994813523041504,0.0006107292928298384,0.0002792441273712265,0.00012425589843507212,5.3833271667023835e-05,2.2719314338847863e-05,9.344153381526571e-06,3.7471261372658954e-06,1.4674776534548076e-06,5.674266684693495e-07,2.3418548204516242e-07,1.5054942625211257e-07
1.499537137136802e-07,2.331732566797503e-07,5.645726182776896e-07,1.458792659503462e-06,3.7208351990557105e-06,9.266377550739052e-06,2.2496643800853218e-05,5.3221379459542493e-05,0.0001226543555327445,0.0002752821027330561,0.0006015434804288617,0.0012797200263264539,0.002650975579564615,0.005350424973806739,0.01053083174755149,0.020228033911755792,0.0379505616176024,0.06960655299930969,0.12491179057585423,0.21939005914123633,0.37670889646242023,0.629379875233164,1.0094151198986665,1.49895970803943,1.8441726772898923,2.012820000729024,2.012820000408497,1.8441726771663862,1.4989597081288257,1.0094151199277022,0.6293798751832548,0.3767088964401612,0.21939005913179993,0.12491179057096537,0.06960655299841967,0.03795056161604931,0.020228033911436065,0.010530831747104749,0.005350424973630172,0.0026509755794562433,0.0012797200262345755,0.0006015434803909965,0.00027528210272286,0.00012265435552944435,5.322137946208079e-05,2.2496643803347286e-05,9.266377552075987e-06,3.7208351997800978e-06,1.4587926596542619e-06,5.645726182999295e-07,2.331732566522897e-07,1.499537136824542e-07
1.4949056268306854e-07,2.323926306342137e-07,5.623825446119466e-07,1.4521113379645185e-06,3.70049613232041e-06,9.205854502563943e-06,2.2322549308366623e-05,5.274144377679746e-05,0.00012139508123438453,0.0002721537626069327,0.0005942109994364755,0.0012635216394688866,0.002617132829222678,0.005282739108683159,0.01039851612799907,0.019975736884107056,0.03748433601009603,0.06877600003913316,0.12349262549786957,0.2170773833066969,0.37313687249891236,0.6241813846867061,1.0023272181149012,1.4900387184361208,1.834476926993223,2.0029330496730915,2.002933049133656,1.8344769269589016,1.4900387186043018,1.0023272180890377,0.6241813846797105,0.37313687250434724,0.21707738331503018,0.12349262549945232,0.06877600004185644,0.03748433601060286,0.019975736884708117,0.010398516127997809,0.005282739108699157,0.002617132829196481,0.0012635216394077428,0.000594210999409769,0.0002721537626028383,0.00012139508123187526,5.2741443777942666e-05,2.232254931115635e-05,9.205854504358879e-06,3.700496133376648e-06,1.4521113383442063e-06,5.623825447438936e-07,2.3239263066019557e-07,1.494905626924478e-07
1.4917417130676613e-07,2.3186001032465423e-07,5.608730746531419e-07,1.4474073556357927e-06,3.6858069535891746e-06,9.161009684334507e-06,2.219039907526042e-05,5.2368773889368276e-05,0.00012039523759020564,0.0002696107702953461,0.0005880882798354503,0.0012495571037384994,0.002586873325811277,0.005220117543657933,0.010274019511761021,0.019737861117931684,0.037048054718876705,0.06800944736749726,0.12220641260667739,0.2150253581729766,0.3700397678020301,0.6197799674967499,0.9964626778550506,1.4828057321517056,1.826736760071833,1.9951087539985637,1.99510875374106,1.826736760342033,1.4828057321759698,0.9964626778277293,0.619779967581708,0.37003976784921255,0.2150253582069665,0.1222064126205773,0.06800944737547726,0.037048054721935744,0.019737861119470988,0.010274019512137312,0.005220117543875546,0.002586873325895842,0.0012495571037383604,0.0005880882798396911,0.0002696107703068563,0.00012039523759502018,5.236877389249195e-05,2.2190399077885077e-05,9.161009686073125e-06,3.685806954647947e-06,1.4474073560991944e-06,5.608730748443457e-07,2.3186001038126517e-07,1.491741713377568e-07
1.489848468394293e-07,2.3153745012703756e-07,5.599248849274219e-07,1.444304443174719e-06,3.675630621129058e-06,9.128553822865373e-06,2.209111212770482e-05,5.207966602865356e-05,0.00011959742596063849,0.0002675288888472594,0.0005829541592835185,0.0012375835409976412,0.0025604200225753733,0.005164609474648992,0.010163087431402205,0.01952640681288858,0.03666343059765564,0.06734232430333291,0.12110541194233493,0.21330246439779707,0.36749425356916815,0.6162426596999236,0.9918536695879251,1.4772356776603852,1.8208752890909046,1.9892416819215624,1.989241681849883,1.820875289256282,1.4772356774845363,0.9918536696384698,0.6162426598454458,0.36749425362782356,0.21330246444611625,0.12110541196762332,0.06734232431701118,0.0366634306039943,0.019526406815790095,0.010163087432247475,0.005164609475061356,0.0025604200227340185,0.0012375835410374642,0.0005829541593104722,0.0002675288888699393,0.00011959742597315386,5.2079666034648414e-05,2.2091112131142986e-05,9.12855382472621e-06,3.6756306222108595e-06,1.444304443685085e-06,5.599248851532467e-07,2.3153745020333215e-07,1.4898484688433628e-07
1.4889163710665877e-07,2.3137159344096386e-07,5.593905274245442e-07,1.4423832184141534e-06,3.668820950608484e-06,9.105513777996059e-06,2.201745127890789e-05,5.1857900898992656e-05,0.00011896936147280264,0.0002658555754781658,0.0005787576233334201,0.0012276652730937154,0.0025382942547505206,0.005117927889085065,0.010069736405939148,0.019349164602110787,0.03634361910974025,0.06679406166110217,0.120213921567408,0.2119317343053663,0.36550894839919634,0.613543270868245,0.9884157528202283,1.4731707255159385,1.8166819422854126,1.9850958404398658,1.9850958404288412,1.8166819423240288,1.4731707254777378,0.9884157529919722,0.61354327104093,0.3655089484740763,0.21193173436759613,0.12021392160003526,0.06679406167769122,0.036343619118155264,0.019349164606108252,0.010069736407313727,0.005117927889818105,0.002538294255062122,0.0012276652732135169,0.0005787576234020907,0.00026585557551712263,0.00011896936149549495,5.185790090911471e-05,2.2017451283615257e-05,9.105513780332338e-06,3.6688209516983187e-06,1.4423832189292913e-06,5.593905276687575e-07,2.3137159353304712e-07,1.4889163716268746e-07
1.4886575994823396e-07,2.3131493994261516e-07,5.591459262999128e-07,1.441306645610753e-06,3.664495225125342e-06,9.089694723145904e-06,2.1964302054895275e-05,5.1692529967684537e-05,0.00011849025640509218,0.0002645583654263925,0.0005754664244619151,0.0012198236764149736,0.0025207134404904123,0.005080761540861628,0.00999549895960067,0.019208820751997324,0.03609227118624241,0.06636768915464221,0.11952994442415901,0.21089725941506368,0.36403965296038737,0.6115904674941924,0.9859916426205316,1.470379250541528,1.8138788806794044,1.9823735016604997,1.9823735017184823,1.8138788807785746,1.4703792507711473,0.9859916428265024,0.6115904676757334,0.3640396530752455,0.2108972594970303,0.11952994446565081,0.06636768917606231,0.03609227119736828,0.01920882075714843,0.009995498961434457,0.005080761541838636,0.0025207134409029127,0.0012198236765833263,0.0005754664245608777,0.00026455836547575884,0.00011849025643503408,5.169252998200878e-05,2.1964302061134957e-05,9.089694725984655e-06,3.6644952263175396e-06,1.4413066461125671e-06,5.591459265477603e-07,2.3131494004950428e-07,1.4886576001712746e-07
1.4888546348605047e-07,2.31332493257127e-07,5.591022862121545e-07,1.4408369854298212e-06,3.6620314802978025e-06,9.079527642650403e-06,2.192787488289504e-05,5.1574862871293295e-05,0.0001181413688619903,0.00026359958718458215,0.0005730103226183465,0.0012139363971771242,0.0025074714672190905,0.005052746493050238,0.009939636022484705,0.019103663746322146,0.0359052542034003,0.06605357159088894,0.11903259763032505,0.2101575621485412,0.363011199537329,0.6102600616319646,0.9843944858124059,1.468608328835623,1.8121765257337263,1.9807709915323963,1.9807709916399612,1.8121765258804554,1.4686083292348326,0.9843944860364419,0.6102600618281637,0.36301119967371603,0.21015756223018495,0.11903259767411628,0.06605357161616364,0.03590525421675974,0.019103663752602532,0.009939636024894134,0.0050527464943374055,0.002507471467771077,0.0012139363974001996,0.0005730103227511947,0.0002635995872474155,0.00011814136889747113,5.1574862889270424e-05,2.1927874891147673e-05,9.079527646297249e-06,3.662031481781153e-06,1.440836986001263e-06,5.591022864505494e-07,2.313324933630737e-07,1.4888546355890533e-07
1.4893596486388388e-07,2.314007594687573e-07,5.592002499176986e-07,1.4408124252739151e-06,3.6609890894820243e-06,9.073828873202834e-06,2.190505113275568e-05,5.149689160772297e-05,0.00011790278401353837,0.0002629314962418248,0.0005712791613382544,0.0012097585047208923,0.002498041339415463,0.0050327790089312215,0.009899885090868012,0.01902914930569707,0.035773661358620104,0.06583481368431211,0.11869117812571504,0.20965971274292378,0.36233773229661215,0.6094218049555022,0.9834404641812511,1.4676202393980604,1.81131008376054,1.9800143098747756,1.9800143100351686,1.8113100839308796,1.4676202399260563,0.9834404645529891,0.6094218052391962,0.36233773246922635,0.20965971283282894,0.11869117817626455,0.06583481371275104,0.035773661372681655,0.01902914931249145,0.009899885093620045,0.005032779010412914,0.0024980413400887812,0.0012097585049855677,0.0005712791614956105,0.00026293149631999985,0.00011790278405390886,5.14968916274508e-05,2.1905051142120054e-05,9.073828877411783e-06,3.660989091254308e-06,1.4408124259644594e-06,5.592002501816821e-07,2.3140075957668443e-07,1.4893596493838604e-07
1.4900762919194353e-07,2.3150440640495755e-07,5.594002365944372e-07,1.4411198647283665e-06,3.6610388947152164e-06,9.071641821987291e-06,2.1893089911846047e-05,5.1450963930094466e-05,0.00011775389075930255,0.0002625009207815621,0.0005701421398469977,0.0012069837620662283,0.0024917405486576632,0.0050194083663904375,0.009873296931430908,0.0189795296858016,0.03568674630592786,0.06569216811384855,0.11847277387823461,0.20935022644467988,0.3619370403629406,0.6089566571900732,0.9829678802177996,1.4672118613654772,1.8110574569052709,1.9798757655139763,1.9798757658174684,1.8110574572386116,1.4672118619434336,0.982967880676546,0.608956657514181,0.3619370405548456,0.20935022654842222,0.11847277393767436,0.06569216814486058,0.03568674632085987,0.018979529693414012,0.009873296934557024,0.0050194083679976536,0.002491740549439026,0.001206983762369568,0.0005701421400155056,0.0002625009208723484,0.00011775389080658163,5.1450963952569266e-05,2.1893089922425095e-05,9.07164182670165e-06,3.661038896742782e-06,1.44111986553798e-06,5.594002369050147e-07,2.3150440652762815e-07,1.490076292700705e-07
1.490941038751497e-07,2.3163318620402507e-07,5.596746938206574e-07,1.441675785580297e-06,3.6619214611581354e-06,9.072164576828105e-06,2.1889568379714323e-05,5.1430017146813734e-05,0.00011767500598624507,0.0002622557270468426,0.0005694684709795386,0.0012053018549767125,0.002487872665954476,0.005011154174188826,0.009856884662683378,0.01894907262682398,0.035634030373507014,0.06560738648678431,0.11834714696780516,0.209181538687273,0.36173829281173703,0.6087650018018305,0.9828447889995646,1.467220734812028,1.8112433733788749,1.980176914724103,1.980176915152642,1.8112433739809186,1.4672207355769897,0.9828447895829743,0.6087650021641654,0.36173829301901667,0.2091815388016782,0.11834714703053203,0.06560738651845523,0.035634030389328754,0.01894907263510162,0.00985688466614725,0.005011154175945989,0.002487872666868402,0.00120530185535157,0.0005694684711658608,0.0002622557271444561,0.0001176750060371756,5.1430017171207375e-05,2.188956839127573e-05,9.072164581977138e-06,3.6619214633957402e-06,1.4416757864843586e-06,5.596746941728995e-07,2.3163318634446162e-07,1.4909410396199702e-07
1.4919098814823414e-07,2.3177985780271874e-07,5.600032905668634e-07,1.4424154550984644e-06,3.6634266284871612e-06,9.074724785640166e-06,2.1892404686410562e-05,5.142788110375652e-05,0.00011764874634845944,0.0002621495550240404,0.000569141386678982,0.0012044352764253616,0.002485815290428281,0.0050066976585023135,0.0098480041735448,0.018932752914772907,0.03560644820164552,0.06556493713934793,0.118289035236134,0.20911469340802913,0.3616846308623703,0.6087683949607304,0.9829690708508503,1.467522900360866,1.8117354308162292,1.980783676930227,1.9807836772461276,1.8117354313361504,1.467522901094003,0.9829690714837883,0.6087683953486903,0.3616846310849002,0.2091146935314534,0.1182890353016892,0.06556493717337661,0.035606448218789874,0.01893275292325924,0.009848004177280335,0.0050066976604265685,0.002485815291409085,0.0012044352768503495,0.000569141386888371,0.0002621495551288334,0.00011764874640120696,5.142788112897607e-05,2.1892404698473856e-05,9.07472479107899e-06,3.663426630878491e-06,1.4424154560745972e-06,5.600032909535728e-07,2.317798579603539e-07,1.4919098824727196e-07
1.4929504446692142e-07,2.3193900104819898e-07,5.603703295939331e-07,1.4432874617069656e-06,3.6653839997493897e-06,9.078770337249353e-06,2.18998781882067e-05,5.1439444379430714e-05,0.00011766071387331652,0.0002621440659639912,0.0005690645429089916,0.0012041556907006936,0.0024850579775864095,0.005004961617484826,0.009844506837507908,0.01892651414573873,0.03559674304469001,0.06555251101255205,0.11827864536025383,0.20911954404945238,0.3617326160759235,0.6089076648866445,0.983264600058487,1.4680268744469807,1.8124366385620327,1.9815982332547424,1.981598233527753,1.8124366392030322,1.4680268752467702,0.9832646006824909,0.6089076652598631,0.36173261629437525,0.20911954417327205,0.11827864542705215,0.06555251104919906,0.035596743063080916,0.018926514154428406,0.009844506841716678,0.0050049616197073744,0.0024850579786341977,0.0012041556911604832,0.0005690645431428386,0.0002621440660805346,0.00011766071393060861,5.143944440654338e-05,2.1899878201020956e-05,9.078770343004274e-06,3.6653840022642365e-06,1.4432874627308305e-06,5.603703300013491e-07,2.3193900121679877e-07,1.4929504457504404e-07
1.4940378052259638e-07,2.3210640177778848e-07,5.607634325275751e-07,1.4442508902671614e-06,3.667657462814099e-06,9.08386046218969e-06,2.1910619818708144e-05,5.146065948206522e-05,0.00011769956841311974,0.00026220922393560705,0.0005691628364619421,0.0012042859142304466,0.002485206299636424,0.0050051170610821965,0.009844746064293025,0.018927262107991692,0.03559940873465984,0.0655608248822454,0.11830115100606578,0.2091736765443484,0.3618502048144533,0.6091395086005739,0.9836760897553364,1.4686666559892851,1.8132773876550312,1.9825505888699466,1.9825505891159045,1.8132773884004967,1.4686666568021651,0.9836760903429749,0.6091395089593213,0.36185020503069165,0.20917367666909184,0.11830115107335125,0.06556082491948748,0.03559940875354327,0.01892726211691381,0.009844746068808858,0.005005117063517574,0.002485206300784613,0.0012042859147420202,0.0005691628367152143,0.0002622092240594533,0.00011769956847335013,5.1460659510583405e-05,2.1910619832137665e-05,9.08386046821507e-06,3.667657465432089e-06,1.4442508913312358e-06,5.607634329493587e-07,2.3210640195355359e-07,1.494037806366349e-07
1.495152366777842e-07,2.3227873733182623e-07,5.611728298145563e-07,1.4452735531994422e-06,3.670140585590867e-06,9.08965310970075e-06,2.1923575817137658e-05,5.148843641885348e-05,0.00011775671893588647,0.00026232243263541344,0.0005693801114040256,0.0012046941570756284,0.002485968180018273,0.00500655244249921,0.009847511241666447,0.018932729046066035,0.03561042255296818,0.06558311911897836,0.11834579491246984,0.20926089111562274,0.3620143328013292,0.6094328902662127,0.9841640795295927,1.469395309346387,1.8142083352202574,1.9835912225360708,1.9835912226654027,1.814208335797424,1.469395309986836,0.9841640800637077,0.6094328906130494,0.36201433301320174,0.2092608912412177,0.11834579498077984,0.06558311915600856,0.03561042257234113,0.018932729055489272,0.009847511246242627,0.005006552444937085,0.0024859681812345815,0.001204694157634048,0.0005693801116708456,0.00026232243276546805,0.00011775671899873574,5.148843644853038e-05,2.192357583113795e-05,9.089653115974225e-06,3.670140588299635e-06,1.445273554302858e-06,5.611728302495741e-07,2.3227873751465352e-07,1.4951523679727014e-07
1.496278706133849e-07,2.3245339762921256e-07,5.615908974283798e-07,1.4463305735250167e-06,3.672751990134352e-06,9.095889554276958e-06,2.193795728928462e-05,5.15204838205094e-05,0.00011782584932785703,0.00026246720431179237,0.0005696756564251271,0.0012052853864407468,0.002487133911879806,0.005008830163494816,0.009851938359000688,0.01894129971131018,0.03562692377542783,0.06561459299292459,0.11840494625064109,0.20936970944610228,0.3622086773080928,0.6097658727551375,0.9847007107110834,1.4701797303217072,1.815194724035172,1.984685282450735,1.984685282584691,1.8151947246380729,1.470179730977058,0.9847007112478485,0.6097658730910263,0.3622086775070879,0.20936970956784862,0.11840494631929545,0.06561459302942625,0.03562692379495403,0.018941299721274396,0.009851938363790192,0.005008830166019223,0.0024871339131642494,0.0012052853870265065,0.0005696756567012129,0.0002624672044494497,0.0001178258493934538,5.152048385114974e-05,2.1937957303851194e-05,9.095889560802324e-06,3.6727519929275317e-06,1.4463305746635535e-06,5.615908978730695e-07,2.3245339781816377e-07,1.4962787073761485e-07
1.4974048237857536e-07,2.326283605139944e-07,5.620117868855505e-07,1.447403098738792e-06,3.675430767761658e-06,9.102378419287893e-06,2.1953186995029488e-05,5.155514141876893e-05,0.00011790242267613969,0.00026263178456117106,0.000570020631367264,0.001205992626771783,0.002488556291181361,0.005011643942126031,0.009857423839950249,0.018951846929764357,0.03564691679612915,0.06565189685035275,0.11847327725007017,0.20949210985298888,0.3624218180568348,0.6101230884726618,0.9852664416332733,1.4709966653553797,1.8162121295934093,1.9858082765271918,1.9858082766619374,1.8162121301308087,1.4709966658979385,0.985266442113683,0.6101230887930195,0.3624218182520646,0.2094921099734539,0.11847327731950756,0.06565189688676448,0.03564691681527115,0.01895184693971319,0.009857423844942481,0.005011643944818745,0.002488556292530818,0.0012059926273755147,0.0005700206316512106,0.00026263178470326763,0.00011790242274237936,5.155514144968704e-05,2.1953187009958844e-05,9.10237842599777e-06,3.675430770616553e-06,1.4474030999029456e-06,5.620117873341907e-07,2.3262836070660075e-07,1.4974048250554666e-07
1.4985215528270674e-07,2.3280208877208871e-07,5.624310991493121e-07,1.4484771230032694e-06,3.67813222303383e-06,9.108980879742447e-06,2.19688505715776e-05,5.159122856187677e-05,0.0001179832392938497,0.00026280794245409956,0.0005703949610253401,0.0012067694783844368,0.0024901336988125532,0.005014782847634761,0.00986355254755259,0.018963595653637533,0.03566902858457822,0.06569272282610013,0.11854710963949215,0.20962253997393407,0.36264582688926916,0.610493834568301,0.9858476162854416,1.4718298091768083,1.8172433954800715,1.986942987842876,1.9869429879554241,1.817243395919817,1.4718298096153049,0.9858476166930153,0.6104938348651352,0.36264582708015347,0.20962254008914633,0.11854710970686941,0.06569272286296153,0.03566902860407787,0.018963595663579903,0.00986355255264456,0.005014782850416882,0.002490133700195421,0.00120676947901492,0.0005703949613215944,0.0002628079425984337,0.00011798323936054875,5.1591228593287306e-05,2.196885058674725e-05,9.108980886544058e-06,3.678132225918361e-06,1.4484771241828194e-06,5.624310995981166e-07,2.3280208896679713e-07,1.4985215541105817e-07
1.4996220430550178e-07,2.329734390983938e-07,5.628455943420844e-07,1.4495424462491258e-06,3.6808241665980597e-06,9.115597992700091e-06,2.1984655491158438e-05,5.1627918826765695e-05,0.00011806607626746858,0.0002629899965600414,0.000570784862390935,0.0012075842181962543,0.0024917968682640497,0.005018103369236834,0.00987004223562244,0.018976018741129513,0.0356923240000788,0.06573549549140585,0.11862392475900932,0.20975718359864587,0.36287523130707006,0.6108706887607213,0.9864347178005487,1.4726677423147294,1.818276473439722,1.988077310557633,1.988077310650273,1.8182764738586845,1.472667742818121,0.9864347181869793,0.6108706890321249,0.36287523148860856,0.20975718370650817,0.11862392482219657,0.06573549552768093,0.035692324019934794,0.018976018751202618,0.009870042240833831,0.005018103372085318,0.002491796869683633,0.0012075842188621977,0.0005707848626988243,0.00026298999670560443,0.0001180660763353226,5.1627918858660125e-05,2.1984655506311423e-05,9.115597999500934e-06,3.6808241694804793e-06,1.4495424474304918e-06,5.628455947859451e-07,2.329734392927081e-07,1.4996220443333187e-07
1.5007013029954287e-07,2.3314158173255893e-07,5.632529400217626e-07,1.4505917924237907e-06,3.6834838468938845e-06,9.122160430982016e-06,2.2000398424845507e-05,5.1664641949596906e-05,0.00011814940955940872,0.00026317407321274866,0.0005711809808703846,0.0012084153912084344,0.0024934990661384165,0.005021508806445077,0.009876702752753923,0.018988760724096658,0.03571617120827262,0.06577914727384761,0.11870200936565348,0.20989343301396668,0.3631062724549707,0.6112485242594862,0.9870211335139537,1.4735024822953735,1.8193029149520885,1.98920274377135,1.989202743797607,1.8193029152073783,1.4735024827351024,0.9870211338674676,0.6112485245100061,0.3631062726322798,0.20989343312192785,0.11870200942760385,0.0657791473085294,0.03571617122732235,0.018988760733910204,0.009876702757983103,0.005021508809337441,0.0024934990675880065,0.0012084153918929409,0.0005711809811820627,0.0002631740733595433,0.00011814940962833242,5.16646419814184e-05,2.2000398439786247e-05,9.122160437750008e-06,3.6834838497493808e-06,1.4505917935962541e-06,5.632529404584577e-07,2.33141581925279e-07,1.500701304257732e-07
1.5017558017237797e-07,2.3330593139285637e-07,5.636515001449361e-07,1.451620089993037e-06,3.686095507772425e-06,9.12862048538926e-06,2.2015940284134095e-05,5.170101000791894e-05,0.0001182322076511417,0.0002633575620150965,0.0005715770350923478,0.0012092486296537426,0.0024952090502501,0.00502493455784616,0.009883407021436141,0.019001583710186256,0.03574014633684296,0.06582295955616152,0.11878020530038519,0.21002951652119,0.3633363820853797,0.6116238166592002,0.9876022878198295,1.4743284682276387,1.8203168160953687,1.9903133395174835,1.9903133396072403,1.820316816363351,1.4743284686470457,0.9876022881692722,0.611623816897929,0.363336382249681,0.2100295166237083,0.11878020536028697,0.06582295958930946,0.03574014635513788,0.0190015837197436,0.00988340702658167,0.005024934560715449,0.0024952090517048895,0.0012092486303393656,0.0005715770354045067,0.00026335756216346485,0.00011823220772012286,5.1701010039274654e-05,2.2015940298871828e-05,9.128620492085982e-06,3.6860955105653926e-06,1.4516200911483315e-06,5.636515005740352e-07,2.3330593158374213e-07,1.5017558029690426e-07
1.5027831331055755e-07,2.334660897536159e-07,5.640401636041697e-07,1.452623902489621e-06,3.688648500868196e-06,9.134946009187924e-06,2.20311876527777e-05,5.173676331825913e-05,0.00011831378220640353,0.00026353872597870403,0.0005719688550770408,0.0012100744111505023,0.002496906132832288,0.005028337846712386,0.009890070819027015,0.019014329739459965,0.035763967147003826,0.06586645206833848,0.11885773502923125,0.21016423844831686,0.363563816878975,0.6119941586023544,0.9881750342311787,1.4751418484660783,1.8213140767966234,1.9914049636149258,1.9914049637963227,1.8213140771089535,1.4751418488284453,0.9881750345742409,0.6119941588401114,0.36356381702966173,0.21016423854019517,0.11885773508449356,0.06586645209961804,0.035763967164592306,0.019014329748702076,0.009890070823953179,0.005028337849474914,0.002496906134266087,0.0012100744118270902,0.0005719688553863441,0.0002635387261259046,0.00011831378227394037,5.1736763349080114e-05,2.2031187667292056e-05,9.134946015716688e-06,3.688648503564437e-06,1.4526239036148848e-06,5.640401640181169e-07,2.3346608993891984e-07,1.5027831343121234e-07
1.5037817409069557e-07,2.3362179888077287e-07,5.64418208516713e-07,1.4536009885080005e-06,3.6911358588753526e-06,9.141115927824273e-06,2.2046079241803605e-05,5.1771731517791785e-05,0.00011839368190704211,0.00026371642708411844,0.0005723537105922843,0.0012108865031199229,0.0024985767709098175,0.005031690646708891,0.009896638878577604,0.019026894914745508,0.03578744741133949,0.06590930666646087,0.11893408108752167,0.21029679885146416,0.3637874037856347,0.6123579202153785,0.9887372279540734,1.4759399774061255,1.8222918761300277,1.992474771850123,1.992474771996897,1.8222918763231888,1.4759399776157394,0.988737228234564,0.612357920438457,0.3637874039294841,0.21029679893738673,0.1189340811387032,0.06590930669528512,0.03578744742756015,0.019026894923393437,0.009896638883244843,0.005031690649345051,0.0024985767722968417,0.001210886503771609,0.0005723537108918654,0.00026371642722697,0.00011839368197237469,5.177173154785519e-05,2.204607925578944e-05,9.141115934051014e-06,3.6911358614519925e-06,1.4536009895876018e-06,5.644182089076913e-07,2.3362179905771824e-07,1.5037817420599295e-07
1.5047506995455487e-07,2.3377290445661517e-07,5.647851971284686e-07,1.454549968167115e-06,3.6935532355442445e-06,9.147116961040946e-06,2.2060576149997573e-05,5.1805805939999155e-05,0.00011847161791959876,0.0002638899353480264,0.0005727298472768834,0.0012116808944693407,0.0025002122342097136,0.005034974855451852,0.009903075415633272,0.019039211761923257,0.035810465750236414,0.0659513151142833,0.11900890316048553,0.2104266688987944,0.36400636301598044,0.6127140116063103,0.9892874249740763,1.476721058858355,1.823248297926404,1.9935208345807178,1.9935208347076818,1.8232482981981346,1.4767210591951032,0.9892874252354006,0.612714011795041,0.36400636314328766,0.2104266689768039,0.11900890320726942,0.06595131514077186,0.03581046576506221,0.01903921176993475,0.009903075420062147,0.005034974857955278,0.0025002122355294617,0.0012116808950900612,0.000572729847566826,0.00026388993548674683,0.00011847161798274493,5.180580596887105e-05,2.2060576163178384e-05,9.147116966913476e-06,3.6935532379819447e-06,1.454549969182473e-06,5.647851974920175e-07,2.3377290462380092e-07,1.5047507006339601e-07
1.5056895430070431e-07,2.3391932732845395e-07,5.651408958905945e-07,1.455470074198768e-06,3.6958981287489982e-06,9.152941258752831e-06,2.207465493612516e-05,5.183892019595995e-05,0.0001185474120258073,0.00026405879705804886,0.0005730961686478451,0.001212455066927914,0.0025018070200176403,0.005038179020404129,0.009909357705468507,0.019051237260096436,0.03583294443722114,0.0659923434399755,0.11908198120716608,0.21055350487912963,0.3642201850427682,0.6130617165618703,0.9898246697477079,1.4774838930636205,1.8241820641113526,1.9945418682218983,1.994541868263764,1.8241820643286226,1.4774838934489343,0.9898246700043074,0.613061716733477,0.36422018515937243,0.21055350495025996,0.11908198124969216,0.06599234346459057,0.035832944450969934,0.01905123726744892,0.009909357709568639,0.005038179022731439,0.0025018070212577638,0.0012124550675176298,0.0005730961689272826,0.0002640587971915889,0.00011854741208643248,5.183892022346111e-05,2.2074654948570112e-05,9.1529412643185e-06,3.6958981310385397e-06,1.4554700751453554e-06,5.651408962286453e-07,2.3391932748530738e-07,1.5056895440210263e-07
1.5065981337771074e-07,2.340610418690085e-07,5.654852155708923e-07,1.4563609685249008e-06,3.698169317105991e-06,9.158584711699382e-06,2.2088302731742655e-05,5.1871036623581445e-05,0.00011862096075449877,0.0002642227443421678,0.0005734520191879626,0.0012132075002835505,0.0025033577801418646,0.005041296125850026,0.009915471742023264,0.019062944740875536,0.03585483501830553,0.06603230765880595,0.11915317652222109,0.21067708895659928,0.3644285452228347,0.6134005761088779,0.9903483450297904,1.4782276956202438,1.8250923427873131,1.9955370420792429,1.995537042074731,1.8250923428965826,1.4782276958906584,0.9903483452634866,0.613400576282636,0.3644285453378342,0.2106770890237774,0.11915317656086143,0.06603230768128344,0.03585483503100523,0.01906294474766305,0.009915471745846853,0.005041296128035824,0.0025033577813107165,0.0012132075008369817,0.0005734520194503297,0.0002642227444679623,0.00011862096081214077,5.187103664956415e-05,2.2088302743432153e-05,9.158584716911463e-06,3.698169319231233e-06,1.4563609694106074e-06,5.654852158877632e-07,2.3406104201601524e-07,1.5065981347247695e-07
1.5074765640719806e-07,2.3419805976777707e-07,5.658181669637827e-07,1.4572226086039473e-06,3.700366455305227e-06,9.164045753644013e-06,2.2101513816054107e-05,5.1902136886187165e-05,0.00011869221070535522,0.0002643816333765625,0.0005737970369158907,0.0012139373374524167,0.0025048625964990334,0.005044322100870257,0.00992140931074079,0.01907431841732285,0.03587610857073775,0.06607115725843653,0.11922240510462935,0.21079728838766837,0.36463124460111745,0.6137303072012609,0.9908580663187974,1.478951969348396,1.825978610877292,1.996505838834064,1.9965058389647052,1.8259786111865808,1.4789519696604885,0.9908580665458182,0.6137303073606364,0.36463124470226865,0.21079728844906834,0.11922240514034037,0.06607115727895975,0.03587610858238867,0.01907431842360515,0.009921409314312306,0.005044322102911955,0.0025048625975842296,0.0012139373379621734,0.0005737970371590321,0.0002643816334943995,0.0001186922107597997,5.1902136910393815e-05,2.2101513826880005e-05,9.164045758452605e-06,3.7003664572645817e-06,1.4572226094293823e-06,5.658181672569095e-07,2.3419805990380514e-07,1.5074765649572586e-07
1.5083250824659104e-07,2.3433041805359685e-07,5.661398285153989e-07,1.4580551509935885e-06,3.7024897859482456e-06,9.169324518396669e-06,2.211428722974067e-05,5.193221548091491e-05,0.00011876114164071459,0.0002645354023136685,0.0005741310534942214,0.0012146441583123185,0.002506320492963987,0.005047254814890939,0.009927166017580268,0.019085349694709715,0.035896749116075405,0.06610886398620602,0.11928961947892382,0.21091402749399335,0.3648281688938924,0.6140507458576658,0.991353607437668,1.4796564136762937,1.8268405572072204,1.9974479562000063,1.9974479563255372,1.826840557459583,1.4796564139062038,0.9913536076463692,0.6140507460016447,0.3648281689819613,0.21091402755084707,0.1192896195128097,0.06610886400519177,0.03589674912669957,0.019085349700431267,0.009927166020833834,0.005047254816748581,0.0025063204939514546,0.0012146441587767452,0.0005741310537176222,0.00026453540242193983,0.00011876114169065493,5.193221550290353e-05,2.2114287239626838e-05,9.169324522789214e-06,3.7024897877380694e-06,1.4580551517485737e-06,5.661398287824864e-07,2.3433041817885502e-07,1.50832508329044e-07
1.5091440401022248e-07,2.3445817035659378e-07,5.664503229273276e-07,1.4588588823988156e-06,3.7045399358469796e-06,9.174422250431496e-06,2.212662512240786e-05,5.1961275278183555e-05,0.00011882775494345343,0.00026468404272109674,0.000574454026725525,0.0012153278273755877,0.0025077311072164796,0.0050500934028027515,0.009932739963832989,0.01909603468571504,0.035916749171245425,0.06614541424692993,0.11935479631298075,0.211027268472901,0.36501926023655173,0.6143618076862046,0.9918348482778576,1.4803408598652492,1.8276780124840486,1.9983632361626869,1.9983632362095474,1.8276780126077428,1.4803408600589683,0.9918348484908984,0.6143618078281966,0.3650192603184407,0.21102726852342016,0.11935479634267233,0.06614541426378982,0.03591674918084753,0.019096034690941118,0.00993273996681076,0.0050500934045033296,0.002507731108117898,0.0012153278277949227,0.0005744540269258847,0.0002646840428171567,0.000118827754987608,5.1961275297536604e-05,2.2126625131145573e-05,9.17442225431265e-06,3.704539937437915e-06,1.4588588830716138e-06,5.664503231687121e-07,2.344581704719003e-07,1.5091440408627714e-07
1.5099338517685484e-07,2.345813806121305e-07,5.667498004507015e-07,1.4596341709086195e-06,3.7065177732603047e-06,9.179340895463897e-06,2.2138531614300938e-05,5.19893244721067e-05,0.00011889206577320691,0.00026482758026093753,0.0005747659950499605,0.001215988391398771,0.0025090944705986125,0.0050528378125927155,0.00993813085747681,0.019106372541362694,0.03593610675141649,0.06618080395967715,0.11941792799415084,0.2111369982615211,0.3652044977399902,0.6146634606351716,0.9923017387859493,1.4810052267525133,1.8284909008106753,1.9992516146563806,1.9992516147484307,1.8284909010573183,1.4810052270358838,0.992301738967448,0.6146634607491361,0.3652044978121743,0.2111369983056545,0.11941792802008605,0.06618080397489154,0.03593610676009432,0.019106372546057973,0.009938130860152126,0.005052837814135473,0.0025090944714172064,0.001215988391772851,0.0005747659952272539,0.00026482758034513304,0.0001188920658115631,5.198932448869125e-05,2.2138531621730352e-05,9.17934089877896e-06,3.7065177746527785e-06,1.4596341714984242e-06,5.667498006648618e-07,2.3458138071664795e-07,1.509933852458883e-07
1.510694968098255e-07,2.3470011857633364e-07,5.670384270697152e-07,1.4603814318303283e-06,3.708424308778302e-06,9.184082818373232e-06,2.215001201726449e-05,5.201637450625815e-05,0.00011895409776158341,0.0002649660616832676,0.0005750670470097891,0.0012166260107986748,0.0025104108607996423,0.005055488502695317,0.009943339418300785,0.01911636433221654,0.0359548233570316,0.0662150350945023,0.11947901693492224,0.21124321960187006,0.3653838841457527,0.6149557060664613,0.992754273588728,1.4816494893414682,1.8292792063186238,2.0001130876757136,2.0001130877510866,1.8292792065182601,1.4816494895831802,0.9927542737257614,0.6149557061597516,0.3653838842137577,0.21124321964284493,0.11947901695859915,0.0662150351082272,0.035954823364647316,0.019116364336364787,0.009943339420693403,0.005055488504093475,0.0025104108615411455,0.0012166260111295829,0.0005750670471648589,0.0002649660617555651,0.00011895409779372017,5.201637451990443e-05,2.2150012023349187e-05,9.184082821116117e-06,3.7084243099715243e-06,1.4603814323371818e-06,5.670384272554865e-07,2.3470011867020887e-07,1.5106949687302512e-07
1.5114278560466813e-07,2.348144566848148e-07,5.673163762618724e-07,1.4611011040106297e-06,3.710260627163694e-06,9.1886506107253e-06,2.2161072306427146e-05,5.204243867338561e-05,0.00011901387944468946,0.00026509954611156935,0.0005753573008572706,0.001217240913956945,0.002511680703820239,0.005058046240611657,0.009948366981689003,0.019126012301495486,0.03597290262542808,0.06624811334446486,0.11953807173647443,0.211345945016776,0.3655574368327781,0.6152385660035963,0.9931924747550164,1.4822736566648302,1.8300429488728893,2.000947686965216,2.0009476870074896,1.830042948976025,1.4822736568974235,0.9931924749191768,0.6152385661013635,0.3655574368932046,0.21134594505014215,0.11953807175619377,0.06624811335612535,0.035972902632001015,0.01912601230522702,0.009948366983841663,0.005058046241862155,0.0025116807044776846,0.0012172409142423048,0.0005753573009890597,0.00026509954617157187,0.00011901387947055074,5.204243868417749e-05,2.216107231123261e-05,9.188650612882844e-06,3.7102606281285997e-06,1.4611011044301871e-06,5.673163764195215e-07,2.3481445676775587e-07,1.511427856620618e-07
1.5121329853862538e-07,2.3492446788977602e-07,5.675838233628428e-07,1.4617936337173653e-06,3.7120278411335948e-06,9.193046960875179e-06,2.2171718765624088e-05,5.20675311800083e-05,0.00011907144188716019,0.0002652280992490264,0.0005756368910158182,0.001217833366915364,0.0025129045090011887,0.0050605119695024525,0.009953215236239488,0.01913531937045641,0.03599034943631583,0.0662800465739323,0.11959510461279624,0.21144519273231654,0.36572518169451307,0.6155120744856017,0.9936163804308521,1.4828777580198238,1.8307821686431431,2.001755463643895,2.0017554637502806,1.8307821687779569,1.4828777582051644,0.9936163805674876,0.6155120745631621,0.36572518173995205,0.21144519275887502,0.11959510463007972,0.06628004658409081,0.03599034944189891,0.01913531937359329,0.009953215238013706,0.005060511970557519,0.0025129045095669536,0.0012178333671574448,0.000575636891125129,0.0002652280992972936,0.00011907144190716803,5.206753118797204e-05,2.217171876913751e-05,9.193046962451743e-06,3.7120278418593512e-06,1.4617936340484455e-06,5.675838234925033e-07,2.3492446796104837e-07,1.5121329858902747e-07
1.5128108195206042e-07,2.3503022419118733e-07,5.678409417592812e-07,1.46245946382326e-06,3.7137270604918378e-06,9.19727456741797e-06,2.218195775169887e-05,5.2091666526853316e-05,0.00011912681711463565,0.0002653517895676662,0.000575905959190912,0.001218403653495878,0.002514082826383717,0.0050628867204554825,0.009957886050696895,0.019144288811495026,0.036007169320896315,0.06631084379601591,0.11965012969615267,0.2115409839889201,0.3658871490510762,0.6157762716281298,0.9940260366976296,1.4834618327922073,1.8314969155994043,2.0025364776498287,2.002536477812848,1.8314969157845917,1.483461832927502,0.9940260367954298,0.61577627169221,0.3658871490906802,0.21154098401206636,0.11965012971043118,0.0663108438038287,0.03600716932512645,0.019144288813875636,0.009957886052074942,0.005062886721330926,0.0025140828268616585,0.0012184036536947958,0.0005759059592758526,0.0002653517896033782,0.00011912681712870278,5.209166653182199e-05,2.2181957753828296e-05,9.197274568425955e-06,3.713727060983054e-06,1.4624594640615095e-06,5.678409418580817e-07,2.3503022425090484e-07,1.5128108199567367e-07
1.5134618094591997e-07,2.3513179567349312e-07,5.680879003908001e-07,1.463099026719223e-06,3.7153593719923467e-06,9.201336082924759e-06,2.2191795541357462e-05,5.211485910588162e-05,0.00011918003709369039,0.0002654706858289121,0.0005761646485893468,0.0012189520623886079,0.0025152162190828203,0.005065171555782988,0.00996238136205388,0.019152924035723672,0.036023368074836346,0.06634051449804014,0.11970316191795831,0.21163334128361577,0.36604337103876944,0.6160311999310787,0.994421492529541,1.4840259237970612,1.832187242134285,2.003290790516732,2.0032907906166826,1.832187242277342,1.4840259239680325,0.9944214926323347,0.6160311999885908,0.36604337106859397,0.21163334129840794,0.11970316192647831,0.06634051450298582,0.036023368077808614,0.019152924037403617,0.009962381363054742,0.00506517155646123,0.0025152162194550572,0.0012189520625415647,0.0005761646486512118,0.00026547068585325344,0.00011918003710255807,5.21148591082692e-05,2.21917955422294e-05,9.201336083402892e-06,3.715359372265144e-06,1.4630990268673942e-06,5.680879004567618e-07,2.351317957211156e-07,1.5134618098219895e-07
1.5140863900155604e-07,2.352292499015056e-07,5.683248621904421e-07,1.4637127398764104e-06,3.716925826674901e-06,9.20523407852691e-06,2.2201238234856094e-05,5.2137122946794305e-05,0.00011923113308926876,0.0002655848555189739,0.0005764131002597933,0.0012194788789348628,0.0025163052456062098,0.005067367532658759,0.009966703104078708,0.01916122845826065,0.036038951514017606,0.06636906821433293,0.11975421628834902,0.2117222872102121,0.36619387985701074,0.6162769018312267,0.9948027966789681,1.4845700736967014,1.8328531990331534,2.004018461118187,2.004018461115395,1.8328531990815282,1.4845700738568073,0.9948027967538415,0.616276901863817,0.3661938798719571,0.21172228721773287,0.11975421629293367,0.06636906821715284,0.03603895151558557,0.01916122845901411,0.009966703104609242,0.005067367533111505,0.002516305245871177,0.0012194788790448224,0.000576413100300508,0.00026558485553237256,0.00011923113309284145,5.2137122946859954e-05,2.220123823463166e-05,9.205234078502577e-06,3.7169258267448154e-06,1.4637127399465557e-06,5.683248622262165e-07,2.3522924993728714e-07,1.514086390298273e-07
1.5146849775216305e-07,2.3532265155770185e-07,5.685519831513738e-07,1.464301003191241e-06,3.718427432235004e-06,9.208971022360218e-06,2.22102916969377e-05,5.215847156080461e-05,0.00011928013526726752,0.00026569436388084567,0.0005766514508373817,0.001219984380087002,0.00251735044900256,0.005069475680580213,0.009970853162383428,0.01916920541268737,0.03605392531981475,0.06639651426101108,0.11980330746171679,0.21180784377066353,0.3663387067088768,0.6165134181328557,0.9951699954842255,1.485094322228356,1.8334948327118474,2.004719542736482,2.004719542751742,1.8334948328145237,1.4850943223838142,0.9951699955319542,0.6165134181504839,0.3663387067144704,0.21180784377200734,0.11980330746158989,0.06639651426075906,0.03605392531952957,0.019169205412512814,0.009970853162497944,0.005069475680824148,0.0025173504491584173,0.0012199843801436292,0.0005766514508529368,0.00026569436388332497,0.00011928013526567949,5.2158471558793e-05,2.221029169579325e-05,9.20897102187693e-06,3.7184274321080253e-06,1.4643010031857042e-06,5.68551983156694e-07,2.353226515816674e-07,1.5146849777222836e-07
1.5152579686280177e-07,2.3541206225124088e-07,5.687694118301415e-07,1.4648641975569932e-06,3.7198651488787157e-06,9.212549267692967e-06,2.2218961523818804e-05,5.217891785213354e-05,0.00011932707246571675,0.00026579927334532526,0.0005768798311915487,0.0012204688313591765,0.0025183523503470528,0.005071496988064715,0.009974833348192148,0.01917685810074087,0.036068294945332056,0.06642286156942995,0.11985044946122625,0.21189003195463602,0.36647788120691244,0.6167407872166787,0.9955231318430723,1.485598704967346,1.834112184113875,2.0053940820745013,2.0053940821274323,1.834112184224702,1.4855987050232198,0.9955231318472033,0.6167407872157821,0.366477881197547,0.21189003194551473,0.11985044945472485,0.06642286156603079,0.03606829494351648,0.019176858099824032,0.009974833347865777,0.005071496988055271,0.0025183523503844335,0.0012204688313628765,0.0005768798311860467,0.00026579927334052626,0.00011932707246040907,5.217891784839024e-05,2.221896152189224e-05,9.212549266835395e-06,3.719865148583781e-06,1.464864197482312e-06,5.68769411805575e-07,2.3541206226323098e-07,1.5152579687422927e-07
1.5158057398317518e-07,2.3549754044401232e-07,5.689772891511421e-07,1.4654026842692669e-06,3.721239887492757e-06,9.215971047396962e-06,2.2227253027102386e-05,5.2198474073768344e-05,0.0001193719720798507,0.00026589964324574475,0.0005770983657397686,0.001220932485219878,0.0025193114451356933,0.00507343239504151,0.009978645383386376,0.019184189564858223,0.036082065566909106,0.06644811860102809,0.11989565553110479,0.21196887149595153,0.3666114310069385,0.6169590445536998,0.9958622446177297,1.4860832525164576,1.8347052879399,2.006042118915245,2.00604211894195,1.8347052879717238,1.4860832524985415,0.9958622446055554,0.6169590445344428,0.3666114309820079,0.21196887147794874,0.1198956555197197,0.06644811859492995,0.03608206556338063,0.019184189562965272,0.009978645382510861,0.005073432394773564,0.002519311445074084,0.0012209324851792593,0.0005770983657124211,0.0002658996432315632,0.00011937197207022949,5.21984740681344e-05,2.222725302436671e-05,9.215971046208004e-06,3.7212398870523043e-06,1.4654026841350587e-06,5.689772891010337e-07,2.3549754044550453e-07,1.5158057398668089e-07
1.5163286474668988e-07,2.3557914144984176e-07,5.691757483982148e-07,1.4659168049542665e-06,3.7225525092757013e-06,9.219238472450423e-06,2.2235171228347893e-05,5.2217151809611436e-05,0.00011941486000938843,0.0002659955296792064,0.000577307172119871,0.0012213755803689318,0.002520228201716529,0.0050752827894167615,0.009982290893070062,0.0191912026732293,0.03609524205752111,0.06647229330534252,0.11993893807533226,0.21204438078506627,0.36673938168423664,0.6171682225493331,0.996187368509822,1.486547990397077,1.83527417227839,2.0066636855734488,2.0066636855614797,1.8352741722748658,1.4865479904051924,0.9961873684922371,0.6171682225033656,0.3667393816421484,0.2120443807578391,0.11993893805832338,0.06647229329582323,0.03609524205196781,0.019191202670376994,0.009982290891758727,0.005075282788943188,0.002520228201553138,0.0012213755802781463,0.0005773071720684186,0.00026599552965490277,0.00011941485999620614,5.221715180262629e-05,2.2235171224969194e-05,9.219238470981505e-06,3.7225525086988427e-06,1.465916804763552e-06,5.691757483242073e-07,2.3557914144096514e-07,1.516328647423826e-07
1.5168270280109986e-07,2.3565691748378651e-07,5.693649153351731e-07,1.4664068818585898e-06,3.723803826369408e-06,9.222353533217452e-06,2.224272086150384e-05,5.223496197843515e-05,0.00011945576066145197,0.0002660869854925896,0.0005775063611100357,0.0012217983414923646,0.00252110306074591,0.005077049006097588,0.009985771403835612,0.019197900116070886,0.036107828978147155,0.06649539310253845,0.11998030862982026,0.2121165768359283,0.3668617567056387,0.617368350531245,0.9964985341329838,1.4869929395459567,1.8358188594693587,2.00725880769825,2.0072588076537046,1.835818859413058,1.4869929394817867,0.9964985340445017,0.6173683504429202,0.3668617566444975,0.21211657679781803,0.11998030860637351,0.06649539308967314,0.03610782897089854,0.01919790011242306,0.009985771402149252,0.005077049005430061,0.002521103060476566,0.0012217983413609908,0.0005775063610443295,0.00026608698546174407,0.00011945576064559978,5.2234961970275066e-05,2.2242720857577604e-05,9.222353531541977e-06,3.7238038256923427e-06,1.4664068816262986e-06,5.693649152423431e-07,2.356569174657251e-07,1.5168270278971674e-07
1.5173011985663727e-07,2.3573091773851315e-07,5.695449083940873e-07,1.4668732183343785e-06,3.7249946030422745e-06,9.225318102119128e-06,2.2249906378565114e-05,5.225191484579958e-05,0.0001194946969773585,0.00026617406034437467,0.0005776960367592948,0.001222200979487533,0.002521936435484061,0.005078731827340805,0.009989088344452494,0.019204284407655797,0.03611983058287728,0.06651742489326554,0.12001977787862747,0.21218547531483462,0.3669785774874872,0.6175594548392769,0.9967957680397012,1.487418116111731,1.8363393661737877,2.007827504602606,2.0078275045570266,1.8363393661039777,1.4874181159862192,0.996795767902198,0.6175594547286876,0.3669785774130968,0.21218547526670314,0.12001977784935654,0.0665174248773631,0.03611983057405175,0.019204284403170648,0.009989088342364661,0.005078731826496281,0.0025219364351189927,0.0012222009793145371,0.0005776960366749107,0.00026617406030428537,0.00011949469695773894,5.22519148361851e-05,2.224990637411268e-05,9.225318100265406e-06,3.724994602280934e-06,1.4668732180694168e-06,5.695449082878892e-07,2.3573091771411246e-07,1.5173011984077777e-07
1.5177514574532885e-07,2.3580118847780051e-07,5.69715838902136e-07,1.4673160994214205e-06,3.7261255571756713e-06,9.228133937338073e-06,2.225673195827943e-05,5.226802004258778e-05,0.0001195316904687409,0.0002662568007739802,0.0005778762965343273,0.001222583691804787,0.002522728712543201,0.005080331984166431,0.009992243048233587,0.019210357890214393,0.03613125082616208,0.06653839507369966,0.12005735568405006,0.21225109059722103,0.36708986351073397,0.617741559077105,0.997079093199134,1.487823532097528,1.8368357039987062,2.008369789939925,2.0083697898591653,1.8368357038414207,1.4878235318616626,0.9970790929950044,0.6177415589274103,0.3670898634114512,0.21225109053631258,0.12005735564919302,0.06653839505491205,0.03613125081600663,0.01921035788508292,0.009992243045830285,0.005080331983186119,0.002522728712102431,0.001222583691595346,0.0005778762964339917,0.00026625680072867296,0.0001195316904475843,5.226802003231455e-05,2.225673195352831e-05,9.228133935346773e-06,3.7261255563490302e-06,1.467316099132324e-06,5.697158387864015e-07,2.3580118844795563e-07,1.5177514572567387e-07
1.5181780848548065e-07,2.3586777314043703e-07,5.698778113431144e-07,1.467735792526047e-06,3.7271973619587157e-06,9.230802686967651e-06,2.2263201516485184e-05,5.228328659076017e-05,0.00011956676127850044,0.0002663352503327059,0.0005780472315725558,0.0012229466629220065,0.0025234802528290856,0.0050818501583085535,0.009995236756991589,0.019216122741447763,0.03614209337607411,0.06655830955838024,0.1200930511261645,0.2123134358308653,0.3671956324100732,0.6179146842500932,0.9973485292774711,1.4882091958933028,1.8373078802003193,2.0088856725963535,2.0088856724841104,1.8373078799896794,1.4882091956133419,0.9973485290322459,0.6179146840692925,0.3671956322918767,0.212313435761688,0.12009305108724543,0.06655830953682529,0.03614209336463133,0.019216122735726242,0.00999523675430249,0.0050818501572022475,0.0025234802523343247,0.0012229466626936503,0.0005780472314634471,0.00026633525028387986,0.00011956676125532545,5.2283286579539234e-05,2.2263201511452798e-05,9.230802684918626e-06,3.7271973611284192e-06,1.4677357922369521e-06,5.698778112275453e-07,2.358677731087448e-07,1.5181780846435268e-07
1.5185813434355555e-07,2.3593071243755531e-07,5.700309235992721e-07,1.4681325480697416e-06,3.7282106475786445e-06,9.233325893076208e-06,2.226931871516456e-05,5.22977229231903e-05,0.00011959992822677128,0.00026640944969729704,0.0005782089269527125,0.0012232900649239249,0.002524191392676027,0.005083286984349805,0.009998070625037964,0.0192215809821525,0.03615236162889086,0.06657717380737642,0.12012687255406429,0.21237252303323287,0.3672959001395558,0.6180788490003658,0.9976040929362312,1.488575112636666,1.8377558980631454,2.009375156927316,2.009375156794794,1.8377558978181467,1.488575112323147,0.9976040926595005,0.6180788488039649,0.367295900012688,0.21237252295840403,0.12012687251126318,0.06657717378339272,0.036152361616403894,0.0192215809759806,0.009998070622165794,0.005083286983140935,0.0025241913921303545,0.0012232900646740694,0.0005782089268298049,0.00026640944964179434,0.00011959992820071062,5.229772291125784e-05,2.2269318710057253e-05,9.233325891038511e-06,3.7282106467591245e-06,1.4681325477818919e-06,5.700309234878303e-07,2.3593071240694884e-07,1.518581343240723e-07
1.5189614789885832e-07,2.3599004445425274e-07,5.701752671966054e-07,1.468506600116744e-06,3.7291660028755584e-06,9.235704996131937e-06,2.227508697370789e-05,5.2311336909667564e-05,0.00011963120886448751,0.00026647943677456895,0.0005783614619093679,0.0012236140579684148,0.0025248624448552756,0.005084643051813054,0.010000745723285649,0.019226734483756745,0.03616205872239043,0.06659499284870252,0.12015882762220742,0.21242836315651653,0.3673906811029733,0.618234069848608,0.9978457982193927,1.4889212848444295,1.8381797578590002,2.009838243918735,2.0098382437604223,1.8381797575399916,1.48892128443037,0.9978457978765787,0.6182340696228704,0.367390680960987,0.21242836307275512,0.12015882757542688,0.0665949928233768,0.03616205870935522,0.01922673447725742,0.01000074572029716,0.005084643050539023,0.002524862444288664,0.00122361405771623,0.0005783614617850803,0.0002664794367198253,0.00011963120883930752,5.231133689849097e-05,2.2275086968888013e-05,9.235704994202162e-06,3.729166002103433e-06,1.468506599844808e-06,5.701752670938114e-07,2.3599004442374211e-07,1.5189614787973546e-07
1.5193187210356238e-07,2.3604580474744366e-07,5.703109275574035e-07,1.4688581670332996e-06,3.730063976944706e-06,9.237941338820593e-06,2.2280509478447098e-05,5.232413588192293e-05,0.0001196606195371696,0.00026654524684897163,0.0005785049101432315,0.001223918790903821,0.002525493699771933,0.005085918907462781,0.010003263043760518,0.019231584977232263,0.036171187553103175,0.06661177131041929,0.1201889233443694,0.21248096616826612,0.36747998827377937,0.6183803613854997,0.998073656825614,1.4892477126311967,1.8385794570375054,2.010274931443057,2.010274931298946,1.8385794567440281,1.4892477122520527,0.9980736564834936,0.6183803611527847,0.36747998812544885,0.21248096608028144,0.12018892329563652,0.06661177128420298,0.03617118753937282,0.019231584970257672,0.0100032630405973,0.005085918906118961,0.002525493699183784,0.001223918790639196,0.0005785049100105497,0.0002665452467908721,0.00011966061951087732,5.232413587074588e-05,2.2280509473719716e-05,9.237941337038418e-06,3.730063976263422e-06,1.4688581667979928e-06,5.703109274720312e-07,2.3604580472029842e-07,1.5193187208732333e-07
1.519653283342128e-07,2.3609802642464876e-07,5.704379841933891e-07,1.46918745202616e-06,3.7309050806039992e-06,9.240036169641983e-06,2.2285589190427564e-05,5.233612664934091e-05,0.00011968817541830454,0.00026660691266107336,0.0005786393400119427,0.0012242044017165207,0.0025260854264475127,0.005087115057260545,0.010005623503130457,0.01923613405918408,0.03617975078701944,0.06662751344142244,0.12021716613623684,0.2125303411309581,0.3675638333270386,0.6185177364894457,0.9982876785023721,1.4895543944317866,1.8389549910958773,2.010685215097542,2.010685214913481,1.8389549906788782,1.4895543939320557,0.9982876781006966,0.6185177362241799,0.3675638331638814,0.21253034103653318,0.12021716608385687,0.06662751341324274,0.03617975077251865,0.019236134051977345,0.010005623499914008,0.005087115055885029,0.002526085425839367,0.0012242044014353804,0.0005786393398744308,0.0002666069126033411,0.0001196881753931313,5.2336126639084705e-05,2.2285589186029945e-05,9.240036168028961e-06,3.730905079972479e-06,1.4691874518019064e-06,5.704379841174119e-07,2.36098026399162e-07,1.5196532832121678e-07
1.5199653644788738e-07,2.3614674023214694e-07,5.705565109136499e-07,1.46949464365681e-06,3.7316897877444802e-06,9.241990646687188e-06,2.229032885574815e-05,5.2347315524821045e-05,0.00011971389056725046,0.0002666644645249316,0.0005787648147534291,0.0012244710179544133,0.0025266378733761873,0.005088231968211498,0.010007827946610277,0.019240383199406803,0.03618775087244326,0.06664222313128493,0.12024356184745454,0.21257649625851424,0.3676422267320249,0.618646206445118,0.998487871129341,1.4898413268979842,1.8393063535595944,2.0110690884346516,2.0110690882876248,1.8393063531958893,1.4898413264593608,0.9984878707432792,0.6186462061732871,0.3676422265625929,0.21257649616073038,0.12024356179259427,0.06664222310173842,0.036187750857512406,0.019240383192017527,0.01000782794324861,0.005088231966756742,0.0025266378727446383,0.0012244710176714747,0.0005787648146257415,0.0002666644644733529,0.00011971389054485788,5.2347315515902344e-05,2.229032885184861e-05,9.241990645359286e-06,3.7316897872267085e-06,1.469494643472642e-06,5.705565108544602e-07,2.3614674020818422e-07,1.519965364361208e-07
1.5202551482828414e-07,2.3619197463190104e-07,5.706665760305507e-07,1.469779916387463e-06,3.732418536612589e-06,9.243805840422841e-06,2.2294731011753107e-05,5.235770834008654e-05,0.00011973777797073305,0.00026671793043897606,0.0005788813927522122,0.0012247187572847508,0.002527151269573565,0.005089270070259146,0.01000987715155677,0.019244333748354294,0.03619519005557485,0.06665590393943607,0.12026811581096174,0.2126194389997865,0.3677151779032266,0.6187657812284865,0.9986742412636366,1.490108505905751,1.8396335369596042,2.011426543601943,2.0114265434641876,1.839633536571825,1.490108505420534,0.9986742408472956,0.6187657809361334,0.36771517772264833,0.21261943889673082,0.12026811575356233,0.06665590390861732,0.03619519003992899,0.019244333740545193,0.010009877147993736,0.005089270068745252,0.002527151268929333,0.0012247187569967763,0.0005788813926243416,0.00026671793038433124,0.00011973777794722226,5.235770833143298e-05,2.2294731008183548e-05,9.243805839365978e-06,3.732418536214688e-06,1.4697799162499896e-06,5.706665759927683e-07,2.36191974615206e-07,1.5202551482277056e-07
1.5205228042522213e-07,2.362337558588258e-07,5.707682424914695e-07,1.4700434309605848e-06,3.733091730946215e-06,9.245482736761494e-06,2.2298797994154035e-05,5.236731045937627e-05,0.0001197598495648714,0.0002667673361232169,0.0005789891276315905,0.0012249477277558702,0.002527625825230598,0.0050902297576395006,0.010011771829724065,0.019247986940387343,0.0362020703858673,0.06666855910590667,0.12029083286255124,0.2126591760665125,0.36778269522952833,0.6188764695150835,0.9988467940745294,1.490355926374608,1.839936533089158,2.0117575721413106,2.011757571976949,1.8399365326232904,1.4903559258092067,0.998846793614357,0.6188764692026165,0.36778269503884825,0.21265917595695216,0.1202908328014021,0.06666855907298865,0.036202070369013725,0.0192479869320749,0.010011771825999924,0.005090229756073834,0.0025276258245684837,0.0012249477274658954,0.0005789891275096186,0.00026676733607258377,0.00011975984954540335,5.236731045296214e-05,2.2298797991425115e-05,9.245482736003744e-06,3.7330917306348094e-06,1.4700434308504832e-06,5.707682424664228e-07,2.362337558476424e-07,1.5205228042586381e-07
1.5207684880172955e-07,2.3627210799623026e-07,5.708615680546138e-07,1.4702853347964834e-06,3.7337097409029334e-06,9.247022239552215e-06,2.230253194455057e-05,5.237612680175843e-05,0.00011978011629214155,0.00026681270513788006,0.0005790880684699417,0.0012251580281895662,0.002528061732486086,0.005091111390583681,0.010013512631026495,0.019251343901048212,0.03620839372847263,0.06668019157282339,0.12031171738088657,0.21269571350867422,0.36784478620898703,0.618978278897204,0.9990055336087216,1.4905835823002334,1.8402153325259207,2.0120621641717977,2.0120621640329692,1.8402153321415282,1.4905835818371167,0.9990055331658725,0.6189782785820158,0.36784478601437726,0.2126957133951553,0.12031171731757133,0.06668019153895664,0.036208393711081144,0.01925134389248332,0.010013512627110898,0.005091111388883943,0.002528061731771315,0.001225158027889329,0.0005790880683510857,0.00026681270509067335,0.00011978011627537326,5.2376126796331547e-05,2.2302531942400543e-05,9.247022239158372e-06,3.7337097407821427e-06,1.4702853347723141e-06,5.708615680607131e-07,2.3627210799305428e-07,1.5207684880627883e-07
1.520992341614289e-07,2.363070530252971e-07,5.70946605441836e-07,1.4705057624489746e-06,3.7342729041938125e-06,9.248425172855534e-06,2.230593481410424e-05,5.238416184741798e-05,0.0001197985881205007,0.0002668540589472508,0.0005791782599664269,0.0012253497485334869,0.0025284591660626496,0.00509191529637781,0.010015100145604423,0.019254405651689305,0.03621416177357033,0.06669080400018594,0.12033077331159617,0.2127290567521648,0.36790145751919245,0.6190712160563613,0.9991504633003662,1.4907914682544183,1.8404699267466238,2.0123403105817794,2.0123403103893702,1.840469926234743,1.4907914676514795,0.9991504627717818,0.6190712156949847,0.3679014573027784,0.21272905662788968,0.12033077324340495,0.06669080396413665,0.036214161755038596,0.019254405642566634,0.010015100141394858,0.005091915294572716,0.002528459165340788,0.001225349748240294,0.0005791782598529498,0.0002668540589033014,0.0001197985881058148,5.238416184303932e-05,2.230593481277644e-05,9.24842517280533e-06,3.7342729041982294e-06,1.4705057624753768e-06,5.709466054716165e-07,2.3630705303328046e-07,1.5209923417381322e-07
1.521194493743464e-07,2.3633861085701772e-07,5.710234023920869e-07,1.470704835754218e-06,3.7347815266908963e-06,9.249692283212298e-06,2.2309008370000262e-05,5.239141965057406e-05,0.00011981527406240855,0.00026689141694964235,0.0005792597425107949,0.0012255229700594394,0.0025288182837785787,0.005092641770357944,0.010016534905307356,0.019257173111719234,0.036219376040825084,0.06670039877537746,0.12034800418479338,0.21275921062250033,0.3679527150241879,0.619155286658458,0.9992815854445537,1.4909795776587347,1.8407003061504168,2.0125920013558454,2.012592001193299,1.8407003057205829,1.4909795771881735,0.9992815849798271,0.6191552863140529,0.36795271480732344,0.21275921049367122,0.12034800411266502,0.0667003987366701,0.03621937602073056,0.019257173101861216,0.010016534900789097,0.005092641768466294,0.002528818283042333,0.001225522969765226,0.0005792597424053872,0.0002668914169146834,0.00011981527405383113,5.239141964933236e-05,2.2309008370080293e-05,9.249692283556941e-06,3.7347815268214656e-06,1.470704835818596e-06,5.710234024335055e-07,2.363386108692344e-07,1.521194493893353e-07
1.5213750601713774e-07,2.3636679940049142e-07,5.710920018282231e-07,1.4708826641738175e-06,3.7352358830002334e-06,9.250824240734282e-06,2.2311754199297e-05,5.239790385384689e-05,0.00011983018221426005,0.00026692479656207437,0.0005793325523396082,0.0012256777656379616,0.0025291392271137364,0.00509329107722711,0.010017817386429831,0.019259647103402083,0.036224037887217946,0.06670897802684816,0.1203634131429506,0.21278617940902983,0.3679985639302721,0.6192304957358398,0.9993989021161628,1.491147904843847,1.8409064621040527,2.01281722713871,2.012817226955913,1.840906461577231,1.4911479042344629,0.9993989015804486,0.6192304953519027,0.36799856369209166,0.2127861792704085,0.1203634130670823,0.06670897798695397,0.03622403786693874,0.019259647093658874,0.01001781738202358,0.005093291075414279,0.0025291392264168255,0.0012256777653688853,0.0005793325522535354,0.0002669247965367482,0.00011983018220976199,5.2397903854225765e-05,2.2311754200029225e-05,9.250824241389726e-06,3.7352358833717633e-06,1.4708826643415465e-06,5.710920019000805e-07,2.3636679942028642e-07,1.5213750603460968e-07
1.5215341438174183e-07,2.363916345818879e-07,5.711524419477618e-07,1.4710393451783177e-06,3.735636217615368e-06,9.251821641515359e-06,2.2314173712569848e-05,5.240361769400015e-05,0.00011984331977117942,0.00026695421326594664,0.0005793967216583376,0.0012258141999854344,0.002529422121614027,0.00509386345179729,0.010018948011443018,0.019261828355773194,0.03622814851436438,0.06671654363462476,0.1203770029497869,0.2128099668561228,0.36803900871831613,0.6192968474709597,0.9995024146388913,1.4912964439594152,1.8410883862423542,2.0130159791573443,2.0130159790247464,1.8410883858151978,1.4912964434506626,0.9995024141520248,0.6192968471099901,0.3680390084913118,0.21280996672344907,0.12037700287697228,0.06671654359612228,0.036228148494777866,0.019261828346402474,0.010018948007270004,0.005093863450158005,0.0025294221210241975,0.0012258141997788376,0.000579396721602671,0.00026695421325169,0.00011984331977120542,5.240361769624685e-05,2.231417371379844e-05,9.25182164220124e-06,3.7356362179597585e-06,1.4710393452969036e-06,5.711524419977486e-07,2.363916345973979e-07,1.5215341439823857e-07
1.521671834966205e-07,2.364131303607473e-07,5.712047561972836e-07,1.4711749641141343e-06,3.7359827447916408e-06,9.252685008204457e-06,2.2316268146319186e-05,5.240856400660854e-05,0.00011985469303222152,0.00026697968061105166,0.0005794522786658909,0.0012259323297901302,0.002529667077217718,0.005094359099512799,0.010019927149648972,0.019263717505761224,0.036231708971966016,0.0667230972414946,0.1203887760214186,0.21283057623825102,0.36807405330323517,0.6193543454955923,0.9995921240678626,1.4914251895459978,1.841246070528886,2.013188248704226,2.0131882485505637,1.8412460700541555,1.49142518898367,0.9995921235667572,0.6193543451341541,0.3680740530776801,0.21283057610688877,0.12038877594966794,0.06672309720377642,0.036231708953016785,0.01926371749680314,0.010019927145715684,0.005094359097998194,0.002529667076669459,0.0012259323295947728,0.0005794522786128161,0.0002669796805989834,0.00011985469303501015,5.2408564010796424e-05,2.231626814856994e-05,9.252685009300682e-06,3.735982745256611e-06,1.4711749642542154e-06,5.712047562655441e-07,2.3641313038921064e-07,1.5216718352209032e-07
1.521788211679875e-07,2.3643129880876024e-07,5.712489734839755e-07,1.471289594642132e-06,3.73627564929177e-06,9.253414791513929e-06,2.231803856716992e-05,5.241274523835667e-05,0.0001198643074314329,0.00026700121027474683,0.0005794992476387481,0.001226032203839289,0.0025298741885561513,0.0050947781972076785,0.010020755118680861,0.019265315100287037,0.036234720159182554,0.06672864025009798,0.120398734412458,0.212848010326314,0.3681037009758086,0.6194029928233902,0.9996680312057769,1.4915341370276756,1.8413795084741813,2.01333402900852,2.0133340288641755,1.841379508060925,1.4915341365633457,0.9996680307754716,0.6194029925081554,0.36810370077877314,0.2128480102128665,0.12039873435184681,0.06672864021882884,0.03623472014379408,0.019265315093146388,0.010020755115620122,0.005094778196080805,0.0025298741881671005,0.0012260322037115003,0.0005794992476128577,0.000267001210272835,0.00011986430743563275,5.241274524139985e-05,2.2318038568688776e-05,9.253414792372578e-06,3.736275649738717e-06,1.471289594822863e-06,5.712489735968156e-07,2.3643129886354575e-07,1.521788212138558e-07
1.5218833396235066e-07,2.3644615009183593e-07,5.712851181984534e-07,1.4713832989759897e-06,3.7365150871527797e-06,9.254011371973e-06,2.2319485875408803e-05,5.2416163454599933e-05,0.00011987216755956387,0.0002670188121282678,0.0005795376490906584,0.0012261138633158665,0.002530043535442931,0.00509512089401026,0.010021432186588684,0.019266621601440725,0.03623718283671364,0.06673317384818515,0.12040687986220779,0.21286227145988795,0.3681279544944734,0.61944279191506,0.9997301364435243,1.4916232816224444,1.8414886931646997,2.0134533125909684,2.013453312506191,1.8414886929247654,1.4916232813574675,0.999730136120462,0.6194427916575364,0.3681279543273959,0.21286227136172647,0.12040687980884378,0.06673317381997468,0.036237182822603846,0.019266621594821478,0.010021432183748567,0.005095120892961788,0.002530043535081536,0.0012261138631977917,0.0005795376490627847,0.0002670188121246642,0.0001198721675621523,5.2416163456685844e-05,2.2319485876579616e-05,9.254011372647763e-06,3.736515087585758e-06,1.471383299209967e-06,5.712851183683678e-07,2.364461501872765e-07,1.521883340438591e-07
1.521957272108649e-07,2.3645769245803887e-07,5.713132101281398e-07,1.4714561276293144e-06,3.736701185130695e-06,9.25447505876305e-06,2.232061080234268e-05,5.2418820331474955e-05,0.00011987827714001045,0.00026703249418296403,0.0005795674996919781,0.0012261773417164509,0.002530175182786042,0.0050953873110687565,0.010021958570792236,0.019267637383426833,0.03623909761989306,0.06673669899668282,0.12041321378078208,0.21287336154521094,0.36814681613505296,0.6194737449005973,0.9997784405456753,1.4916926208368562,1.8415736208209905,2.0135460952618827,2.013546095097494,1.8415736203576571,1.4916926202740646,0.9997784400871779,0.6194737445930448,0.3681468159497076,0.2128733614403364,0.1204132137246003,0.06673669896728415,0.036239097605314935,0.019267637376484133,0.01002195856767715,0.0050953873097678215,0.002530175182240139,0.0012261773414788723,0.0005795674995858942,0.0002670324941381832,0.00011987827712428932,5.2418820327312086e-05,2.232061080202495e-05,9.254475059333465e-06,3.736701185902307e-06,1.4714561282090154e-06,5.713132105470565e-07,2.3645769271602028e-07,1.5219572742478915e-07
1.5220100503596657e-07,2.3646593228540824e-07,5.713332645835539e-07,1.4715081197354676e-06,3.7368340415379062e-06,9.254806091951806e-06,2.232141391662461e-05,5.2420717173184625e-05,0.00011988263906698647,0.00026704226265429284,0.0005795888123571192,0.001226222664979402,0.002530269180864224,0.005095577542272637,0.01002233443980654,0.01926836273597017,0.03624046498361705,0.06673921643273087,0.12041773723948833,0.21288128200618478,0.36816028753274177,0.6194958531142102,0.9998129433013083,1.4917421507965154,1.841634286356829,2.0136123718742787,2.0136123717844945,1.8416342860969666,1.4917421504905142,0.999812942970401,0.6194958528642319,0.3681602873730383,0.21288128191330927,0.1204177371884266,0.06673921640535502,0.03624046496952779,0.01926836272875802,0.010022334436303107,0.005095577540637082,0.002530269180105436,0.0012262226646345632,0.0005795888121958952,0.0002670422625828443,0.0001198826390375744,5.242071716339706e-05,2.23214139150707e-05,9.254806093032573e-06,3.736834043316192e-06,1.471508121163462e-06,5.713332655766208e-07,2.364659329033802e-07,1.5220100553163445e-07
1.5220417030545473e-07,2.3647087398268227e-07,5.713452921787646e-07,1.471539302686685e-06,3.736913725765632e-06,9.255004641896744e-06,2.2321895623455436e-05,5.242185491323354e-05,0.0001198852554205878,0.00026704812201993683,0.0005796015963917896,0.0012262498517717083,0.002530325565797165,0.005095691654964648,0.010022559914428126,0.01926879786698596,0.03624128526962734,0.06674072668869856,0.12042045101575694,0.21288603388581204,0.36816836991526003,0.6195091176559057,0.9998336449134327,1.491771869467524,1.841670686581943,2.013652138707063,2.0136521385688506,1.8416706861972902,1.4917718690063329,0.9998336444864964,0.619509117350683,0.368168369726136,0.21288603377739074,0.12042045095469987,0.06674072665426463,0.0362412852502338,0.019268797855804196,0.010022559908247934,0.0050956916515956,0.0025303255639714368,0.0012262498508276562,0.0005796015959254084,0.0002670481218134633,0.00011988525533918371,5.242185488877585e-05,2.2321895621768777e-05,9.255004646874877e-06,3.7369137315556008e-06,1.4715393070249426e-06,5.713452949600815e-07,2.3647087557875733e-07,1.5220417147222996e-07
1.5220522478377067e-07,2.364725203096464e-07,5.713492995001458e-07,1.4715496931374465e-06,3.736940279426009e-06,9.255070809791509e-06,2.2322056161663618e-05,5.2422234098617567e-05,0.00011988612741651638,0.0002670500748999122,0.0005796058572612365,0.0012262589131107901,0.0025303443590046298,0.005095729689210236,0.010022635066585454,0.019268942900111028,0.03624155868074695,0.06674123007971232,0.12042135556731397,0.212887617791578,0.36817106398263577,0.6195135391310842,0.9998405455021725,1.4917817759685559,1.8416828203830469,2.0136653947518317,2.013665394588768,1.8416828199373863,1.4917817754215057,0.9998405449967273,0.6195135387624736,0.3681710637459144,0.21288761764855146,0.12042135548097262,0.06674123002760571,0.036241558649465454,0.019268942881219636,0.010022635055733663,0.005095729683166279,0.0025303443557245153,0.0012262589114181927,0.0005796058564349413,0.0002670500745425336,0.00011988612728449892,5.242223406596966e-05,2.2322056166269377e-05,9.255070823522579e-06,3.736940292462284e-06,1.4715497023536137e-06,5.713493051286611e-07,2.3647252341285717e-07,1.5220522698982092e-07
