Run: _005_20_26_CPC_metacentric_relaxed_MCF10A_chr19_PMP1_compare
SimID: 1105102268_0
Sim time range (0.0 500.0) (saved timepoints 51)
2D Slice for variable CPCa_total at time 350.0 in plane XY at Z = 0
X in rows, Y in columns
2.3602533579709193,2.360335490131047,2.3605956080631603,2.3610775920315787,2.361863979798061,2.3630912647150732,2.364973833241281,2.3678392570135203,2.372178877520124,2.378719237373165,2.388522296790373,2.4031258151075243,2.4247402884872993,2.456525514754292,2.502977599692461,2.57046282696523,2.667928921572074,2.8077834402403212,3.0067995809203962,3.2865768877178496,3.6723244525254253,4.187181185783475,4.836622681907556,5.574828154271432,6.251216995892414,6.594830105790737,6.594830106146068,6.251216995928855,5.574828154618094,4.836622682185993,4.187181185944208,3.6723244529514827,3.2865768880095834,3.006799581038547,2.807783440743016,2.6679289218987696,2.570462826958746,2.5029775996497725,2.456525514980614,2.4247402885909985,2.4031258150427566,2.388522296785994,2.3787192375966044,2.372178877293809,2.3678392571134497,2.364973833330802,2.36309126514357,2.361863980238287,2.3610775927066663,2.3605956076756547,2.3603354901990605,2.360253357961817
2.360255926906372,2.360338055811941,2.360598163188505,2.361080131069612,2.361866493474387,2.36309374424895,2.364976266816199,2.3678416306369923,2.3721811719437635,2.378721428272314,2.3885243490651398,2.4031276816467555,2.4247419055431467,2.456526793797768,2.5029784201572913,2.5704630271121154,2.6679282856510906,2.8077816824693764,3.0067963304284175,3.286571677380558,3.672316718619191,4.1871703059400485,4.836608088933039,5.574809590558192,6.251194952532788,6.594806245813254,6.594806245813975,6.251194952596653,5.5748095908147866,4.836608089324662,4.187170306217462,3.6723167188496455,3.286571677638344,3.0067963308576897,2.80778168304094,2.6679282862263887,2.5704630274776865,2.502978420130019,2.456526793698393,2.4247419055776147,2.403127681810612,2.3885243490677883,2.378721428225139,2.3721811721593142,2.3678416307652577,2.364976266875834,2.363093744248464,2.361866493807433,2.3610801314300325,2.360598163585445,2.3603380558494393,2.360255926821519
2.360263645193782,2.3603457648002455,2.3606058422253473,2.361087758614437,2.3618740459641305,2.3631011934026764,2.364983578884213,2.3678487629228537,2.372188068168876,2.378728012451784,2.388530518442574,2.403133295124443,2.424746769232318,2.4565306431819223,2.502980895652874,2.5704636433753425,2.667926393610204,2.8077764259773206,3.0067865982706192,3.2865560675438394,3.672293542212504,4.187137697467155,4.836564347484642,5.57475394351533,6.251128873591479,6.594734720103943,6.594734720029542,6.251128873782819,5.574753943701131,4.836564347884512,4.187137697909843,3.6722935426652703,3.2865560680365578,3.006786598908549,2.8077764265275884,2.6679263943243168,2.570463643804393,2.5029808958325663,2.4565306432044522,2.424746769246218,2.4031332948891175,2.388530518323132,2.3787280125595136,2.372188068405977,2.3678487631801977,2.36498357929312,2.3631011935696487,2.3618740460422574,2.36108775865234,2.3606058422535763,2.3603457644683594,2.360263645269285
2.3602765486798267,2.3603586508626786,2.3606186786170382,2.3611005095744533,2.3618866716641045,2.3631136474587247,2.3649958054751234,2.3678606900736714,2.372199602070906,2.378739027160536,2.3885408420625,2.4031426925137342,2.424754918420334,2.4565371035381345,2.5029850677842127,2.5704647190837973,2.667923292772496,2.8077677217378523,3.0067704415430923,3.286530124483892,3.672255001235557,4.187083453272502,4.836491570212258,5.574661347023021,6.251018913055434,6.594615692231706,6.59461569216412,6.251018913026723,5.574661347295854,4.836491570692762,4.187083453897231,3.672255001775569,3.2865301251129595,3.0067704422897794,2.807767722551887,2.6679232933619503,2.570464719686583,2.5029850681398305,2.456537103566471,2.4247549183743136,2.403142692430111,2.388540841758469,2.3787390269207616,2.372199602162739,2.367860690487025,2.3649958059495524,2.363113647828039,2.361886671565858,2.361100509466143,2.360618678497048,2.3603586505586858,2.360276547882612
2.360294692155089,2.3603767717804947,2.3606367299205653,2.3611184415572626,2.3619044288477267,2.3631311654938365,2.3650130050845255,2.367877471527982,2.3722158338997614,2.378754532680206,2.3885553814571154,2.4031559373477602,2.424766417942695,2.456546241133201,2.5029910061398137,2.5704663275601525,2.667919060599786,2.8077556555857845,3.00674795615005,3.286493957944464,3.6722012248946183,4.1870077287349545,4.836389944208949,5.5745320248730055,6.2508653263795235,6.594449435019183,6.594449435014046,6.250865326501844,5.574532025161673,4.836389944622032,4.187007729406789,3.6722012253897938,3.28649395863471,3.006747956910172,2.8077556564159956,2.6679190612905166,2.570466328093962,2.502991006442845,2.4565462414158263,2.424766417898981,2.403155937256943,2.3885553812308786,2.378754532498716,2.372215833764314,2.3678774717188285,2.3650130054428056,2.363131165577484,2.3619044287164033,2.3611184414671382,2.360636729832971,2.3603767714777404,2.3602946917246452
2.3603181571671548,2.360400207212299,2.3606600765017234,2.361141635350042,2.3619273986614453,2.363153828292974,2.36503526019125,2.3678991900272988,2.3722368469737476,2.378774614306176,2.388574223619106,2.403173117902689,2.4247813580437994,2.4565581497611735,2.5029988072846856,2.5704685707745227,2.667913806909549,2.807740346825689,3.0067192756004353,3.2864477217157,3.6721323941655326,4.186910741281813,4.836259731533858,5.574366289688807,6.250668472071993,6.594236330449392,6.594236330653856,6.25066847221721,5.57436628989929,4.8362597319380365,4.186910741605439,3.6721323948622295,3.2864477223498714,3.006719276368499,2.807740347602272,2.6679138075336604,2.5704685711980426,2.502998807852795,2.4565581498678997,2.4247813579530737,2.403173117784669,2.388574223583856,2.3787746142329165,2.372236846945265,2.3678991900316864,2.3650352602693743,2.3631538283191857,2.361927398432632,2.3611416351148953,2.3606600762819854,2.360400207170366,2.3603181566994738
2.360347045290231,2.360429060155727,2.3606888209428862,2.361170193726504,2.361955684302086,2.363181740571568,2.3650626755581508,2.3679259517667726,2.372262749655102,2.3787993814898503,2.3885974794076748,2.4031943475301287,2.42479985482235,2.456572948341145,2.503008596153089,2.5704715797218047,2.667907671924455,2.8077219490365417,3.006684571991317,3.2863916133373032,3.672048742138108,4.186792769685874,4.836101269873617,5.574164543474202,6.250428811294709,6.593976869409435,6.593976869472056,6.2504288112882875,5.574164543512919,4.836101270022546,4.186792769970252,3.672048742753839,3.28639161391392,3.006684572682956,2.8077219496772123,2.667907672570949,2.570471580270079,2.5030085965925566,2.456572948624136,2.424799854823808,2.403194347238249,2.3885974793138316,2.3787993813588355,2.3722627496245705,2.3679259519088522,2.3650626756032676,2.3631817405365525,2.3619556841852436,2.361170193321665,2.360688820634431,2.3604290600197793,2.3603470451676376
2.3603814816152178,2.360463454714997,2.3607230880421146,2.361204241815235,2.361989412036746,2.363215029173491,2.365095379663846,2.367957886738588,2.3722936726767823,2.3788289671382343,2.388625284346243,2.4032197635498362,2.4248220495345794,2.456590783351305,2.503020524275743,2.570475514666914,2.6679008273549565,2.8077006496166685,3.0066440553219924,3.286325874104484,3.6719505533237675,4.186654155654753,4.8359149713554865,5.573927277867249,6.25014690690716,6.593671652011346,6.593671651870048,6.2501469069507785,5.573927277738448,4.835914971086729,4.186654155854788,3.671950553727174,3.286325874875071,3.0066440558294656,2.8077006502288278,2.667900827906204,2.5704755152540772,2.503020524670902,2.456590783638127,2.4248220495171484,2.403219763369437,2.3886252839768716,2.3788289671054534,2.372293672749696,2.367957886766158,2.36509537961438,2.363215029068926,2.361989412075881,2.361204241560025,2.3607230877362837,2.360463454536562,2.360381481590987
2.3604216123034467,2.3605035370905583,2.360763024234103,2.3612439273107126,2.362028730230255,2.363253843357877,2.3651335229943826,2.3679951468892426,2.372329770591159,2.378863527643836,2.388657796981999,2.4032495291562364,2.424848108947298,2.4566118266668657,2.5030347709091414,2.5704805643810946,2.6678934752637398,2.807676669910409,3.006597973396553,3.286250789944734,3.6718381636529043,4.186495302760294,4.8357013228760595,5.573655073814179,6.249823425206093,6.593321387519511,6.593321387502156,6.249823425104688,5.5736550735545585,4.8357013226719445,4.186495302831851,3.6718381639615645,3.28625079051579,3.0065979740397313,2.807676670530111,2.6678934758661725,2.570480564803258,2.5030347710131284,2.4566118267018373,2.4248481090348317,2.4032495289374256,2.388657796765904,2.3788635276659282,2.372329770589216,2.3679951467586537,2.36513352293616,2.363253843379854,2.362028730196546,2.36124392722026,2.3607630241388775,2.3605035370309455,2.3604216121159975
2.3604676040541093,2.360549475162824,2.3608087977538315,2.36128941889256,2.362073808340288,2.363298354183492,2.3651772786363163,2.3680379070386373,2.3723712198599203,2.378903242884296,2.388695200595831,2.403283830593128,2.4248782248663847,2.4566362759368543,2.503051542033495,2.5704869461990065,2.667885848809381,2.807650265259886,3.0065466125530675,3.286166689569643,3.671711961189301,4.186316676354651,4.83546088710409,5.573348602042039,6.2494591345089825,6.592926894900564,6.592926894827728,6.24945913430618,5.573348601943033,4.83546088702856,4.186316676471964,3.671711961536163,3.2861666899516626,3.0065466132810688,2.8076502656110636,2.6678858492862187,2.5704869463774696,2.503051542101544,2.4566362759205242,2.424878224843946,2.4032838304992903,2.3886952004926605,2.378903242707958,2.3723712199105083,2.3680379068000486,2.3651772784350955,2.363298354475468,2.362073808399026,2.3612894190050397,2.3608087978577563,2.360549475050077,2.3604676040991626
2.3605196457653714,2.3606014567311444,2.3608605974517105,2.361340906265954,2.3621248374448176,2.3633487546260628,2.3652268405323182,2.3680863635977296,2.3724182203055078,2.378948314797095,2.3887377012318884,2.4033228788519456,2.4249126132327468,2.4566643545899707,2.503071070643,2.5704949060315694,2.6678782121379805,2.8076217240976336,3.006490296950703,3.2860739456056116,3.671572385667329,4.186118804427638,4.835194301397137,5.573008622955187,6.249054905717327,6.592489102244232,6.592489102323651,6.249054905767404,5.573008622998254,4.835194301592245,4.186118804618352,3.6715723860080653,3.2860739460447093,3.0064902971917142,2.8076217243502146,2.6678782122644646,2.5704949062211773,2.5030710706764068,2.4566643545230984,2.4249126130925114,2.40332287885237,2.3887377011183926,2.3789483147467845,2.3724182202131474,2.3680863634580507,2.3652268404893095,2.3633487546996697,2.3621248377131674,2.361340906537927,2.3608605977215484,2.3606014568364,2.360519645658097
2.3605779450338775,2.360659690517899,2.3609186324327283,2.361398599536317,2.3621820292446043,2.363405257361334,2.3652824243033566,2.368140734771958,2.372470992823659,2.378998968549731,2.388785527767331,2.403366908043943,2.4249515146193463,2.456696311376737,2.5030936163144992,2.5705047180628604,2.6678708590390556,2.8075913690387244,3.0064293880144852,3.285972975102022,3.6714199284652667,4.185902277124073,4.834902278596997,5.572635986149569,6.248611713149918,6.592009047168053,6.592009047190392,6.248611713228725,5.57263598635351,4.83490227895426,4.185902277353774,3.6714199286432025,3.2859729752798743,3.006429388187216,2.807591369423193,2.6678708589800544,2.5705047180849525,2.5030936161611868,2.4566963112329097,2.4249515144448153,2.403366908079578,2.3887855278684613,2.3789989684336876,2.3724709926252916,2.368140734864717,2.365282424368343,2.3634052574307485,2.3621820294930225,2.361398599841765,2.3609186327452165,2.3606596907769473,2.360577945031293
2.3606427294310612,2.3607244045980718,2.3609831312995397,2.3614627281491094,2.3622456148322173,2.3634680961283676,2.365344265770251,2.368201259869276,2.3725297797753107,2.3790554504308314,2.388838931938326,2.4034161753082395,2.424995193593737,2.45673242007393,2.5031194644776837,2.570516684263287,2.6678641138313597,2.807559556230738,3.0063642855120745,3.28586423833061,3.6712551329548218,4.1856677465676375,4.834585606888313,5.572231631508599,6.248130633211326,6.591487876417604,6.591487876301173,6.248130633239556,5.572231631737223,4.834585607134078,4.1856677467955175,3.671255133048703,3.285864238528882,3.006364285736988,2.807559556264413,2.667864113936485,2.57051668403446,2.503119464357656,2.456732419765837,2.4249951934811134,2.4034161753768526,2.388838932074069,2.3790554503591608,2.3725297795660243,2.36820125991729,2.365344265958211,2.3634680960712684,2.3622456150183573,2.361462728624761,2.3609831314381076,2.360724404774932,2.3606427298466266
2.3607142457612245,2.36079584522877,2.3610543408236264,2.36153354120982,2.362315844669482,2.363537523478447,2.365412620968357,2.368268197564717,2.3725948444572857,2.3791180285043274,2.388898186941367,2.4034709606282174,2.425043937958245,2.4567729785765287,2.503148927133781,2.570531134204383,2.6678583317228197,2.8075266743074896,3.0062954268647486,3.2857482393425714,3.671078593897836,4.1854159280162815,4.834245149536607,5.571796588475758,6.247612845376656,6.5909268465557185,6.5909268465221285,6.24761284540739,5.571796588518168,4.834245149621429,4.1854159282910235,3.67107859416382,3.2857482394758017,3.0062954268936353,2.80752667427365,2.66785833167644,2.5705311339281014,2.5031489270151366,2.4567729784559114,2.425043937972454,2.4034709606871694,2.3888981869558013,2.379118028348939,2.3725948442785056,2.3682681975981037,2.36541262105818,2.3635375234093154,2.362315844743027,2.361533541470306,2.3610543410533373,2.3607958453154505,2.3607142461249304
2.360792757541894,2.3608742764332913,2.3611325265543646,2.361611304695831,2.362392987424755,2.3636138107871885,2.3654877645464834,2.3683418267182765,2.3726664699327347,2.3791869911285364,2.388963587222008,2.4035315658060488,2.425098058935201,2.4568183095530953,2.503182341621265,2.570548425036804,2.6678538969112497,2.8074931457555388,3.0062232867161924,3.2856255261106146,3.670890958445631,4.1851475984411035,4.833881845436643,5.571331976545801,6.247059632323643,6.590327324236157,6.590327324287305,6.247059632387734,5.571331976733739,4.833881845576591,4.185147598524206,3.670890958520632,3.2856255260225438,3.006223286742511,2.807493145714512,2.6678538967651773,2.5705484250435147,2.503182341352925,2.4568183096531064,2.4250980589923197,2.4035315659068903,2.3889635871673045,2.3791869909170984,2.3726664698295883,2.368341826511233,2.3654877643932615,2.3636138108333835,2.362392987370513,2.3616113048883345,2.361132526615564,2.3608742764607094,2.360792757776743
2.3608785453038443,2.3609599788123883,2.3612179700962623,2.361696302523489,2.3624773288011043,2.3636972476332647,2.3655699891295523,2.3684224442710633,2.372744958560503,2.3792626465619926,2.3890354482641896,2.403598314572303,2.425157889883883,2.4568687593548884,2.5032200699374996,2.5705689415557536,2.6678512233219234,2.8074594258437444,3.0061483780411566,3.285496689759139,3.6706929253195355,4.184863597428173,4.83349670909914,5.57083900563695,6.246472380119567,6.589690786060183,6.589690786261988,6.2464723803861695,5.570839005817073,4.833496709202319,4.184863597339332,3.6706929251732965,3.2854966895733737,3.006148377830603,2.8074594258225143,2.6678512232924554,2.5705689415949484,2.5032200700245597,2.4568687594344487,2.425157890061865,2.4035983145787,2.3890354480469616,2.3792626464308215,2.372744958473117,2.3684224439582855,2.3655699887657406,2.3636972474341826,2.36247732881025,2.361696302405847,2.361217970102579,2.3609599789745697,2.360878545340897
2.360971904546046,2.3610532491790077,2.3613109690315417,2.3617888340724362,2.362569171445025,2.363788139274788,2.365659604601989,2.368510365278103,2.3728306312233203,2.3793453223073513,2.389114105050633,2.4036715512771445,2.4252237864349695,2.4569246972254706,2.503262499940594,2.5705930947620463,2.667850754941348,2.80742600279694,3.006071250299716,3.2853623655481554,3.6704852449058962,4.184564827349896,4.833090831189667,5.570318976031726,6.2458525784145715,6.589018818929861,6.589018818934176,6.245852578516672,5.570318976114646,4.83309083132497,4.1845648273054525,3.6704852447561804,3.285362365317228,3.006071249916227,2.8074260025717983,2.667850754849581,2.570593094857041,2.503262500228103,2.456924697394871,2.425223786711069,2.40367155119814,2.389114104915719,2.37934532223904,2.372830630954186,2.368510364925442,2.3656596041099456,2.3637881389084745,2.36256917133336,2.3617888336971715,2.3613109689881475,2.361053249266833,2.3609719047554707
2.361073145906455,2.361154398027452,2.3614118355838865,2.3618892133635994,2.3626688326008254,2.363886806966079,2.3657569370401705,2.368605921606726,2.372923825945015,2.379435364032171,2.3891999122343734,2.403751640345791,2.4252961258746795,2.456986515342685,2.5033100437118394,2.570621322503559,2.6678529641674142,2.8073933974712397,3.0059924905556317,3.285223232101539,3.6702687200657538,4.184252253756197,4.832665378478285,5.569773278824517,6.245201820339238,6.588313119697956,6.58831311970361,6.245201820408678,5.569773278824887,4.8326653784906375,4.184252253834228,3.670268720012473,3.2852232319850208,3.0059924902416206,2.8073933970245966,2.667852964022945,2.5706213225504055,2.503310043918792,2.456986515701977,2.425296126015639,2.4037516404138954,2.3891999121935177,2.3794353639053027,2.3729238255567546,2.3686059211035206,2.3657569365612323,2.3638868066153047,2.3626688322511904,2.3618892130680287,2.361411835250018,2.3611543979987197,2.361073146081091
2.3611825925871104,2.361263748967041,2.361520894330361,2.361997768316788,2.3627766432898065,2.363993586523639,2.3658623275708694,2.3687094603827537,2.373024897518167,2.3795331347053668,2.389293242471485,2.403838966330131,2.4253753056482705,2.4570546285971293,2.5033631368392584,2.5706540885871516,2.6678583527635182,2.807362162720268,3.0059127237259275,3.285080012295893,3.6700442060592624,4.1839269054011226,4.832221593731169,5.569203395606537,6.244521803393106,6.587575496973842,6.587575497073544,6.2445218035653935,5.569203395918295,4.832221593739007,4.183926905358652,3.6700442060350267,3.285080012277708,3.005912723611536,2.8073621624567324,2.6678583526399136,2.5706540885206377,2.5033631370087672,2.457054628831376,2.425375305676542,2.403838966406852,2.389293242503332,2.379533134573958,2.373024897067582,2.3687094599347844,2.3658623271270818,2.3639935860255337,2.362776642846794,2.3619977680681026,2.361520893983212,2.361263748677989,2.361182592315849
2.361300578518463,2.361381636829989,2.361638482248869,2.3621148385962867,2.36289294718091,2.364108826099417,2.3659761307232943,2.3688213434665926,2.373134215825025,2.379639014210615,2.3893944860707044,2.4039339322596156,2.4254617436637895,2.4571294730169684,2.503422238741603,2.570691882469686,2.6678674510753106,2.8073328848287256,3.005832612293374,3.284933472854412,3.66981261038131,4.183589873773945,4.831760796773522,5.5686109004901345,6.243814329765913,6.586807870421063,6.586807870519356,6.243814330034663,5.5686109007800475,4.831760796999483,4.183589873946799,3.669812610474111,3.28493347268296,3.0058326122473527,2.8073328848367822,2.66786745109929,2.5706918826388168,2.503422238789885,2.4571294730321434,2.425461743492175,2.403933932079481,2.3893944861283236,2.3796390139276897,2.3731342155865947,2.368821343146938,2.3659761304589706,2.3641088257642244,2.362892946626858,2.362114838154356,2.361638481876257,2.361381636273603,2.361300578130841
2.3614274481871393,2.3615084062476526,2.361764946094721,2.362240773717469,2.3630180981965743,2.3642328861922173,2.3660987135707274,2.3689419460182353,2.373252165466778,2.379753397148466,2.389504050270249,2.40403695846582,2.425555877278881,2.457211505780851,2.5034878318397213,2.570735220082899,2.6678808184256715,2.8073061825716814,3.005752855813907,3.2847844240753457,3.669574893372644,4.183242315304202,4.831284385200878,5.567997458890765,6.243081306725318,6.5860122715644716,6.586012271605963,6.243081306956536,5.5679974591544745,4.831284385545272,4.1832423155394745,3.669574893660682,3.2847844241802866,3.005752855776156,2.8073061826211094,2.6678808184917524,2.5707352202408558,2.503487831957762,2.4572115056981754,2.4255558770358645,2.4040369582761016,2.3895040500633686,2.3797533967841265,2.3732521653072727,2.368941945828765,2.3660987134085025,2.3642328859261226,2.363018097831355,2.3622407732217736,2.361764945633412,2.3615084056118354,2.361427447459747
2.3615635530618397,2.3616444097428944,2.361900640434297,2.36237593235723,2.3631524603363276,2.364366136674926,2.366230454013685,2.369071654797403,2.3733791437924343,2.3798766924514982,2.389622357287468,2.4041484830365674,2.425658162443963,2.457301205350417,2.5035604221787913,2.570784642401923,2.6678990425882487,2.8072827066784742,3.0056741915161527,3.2846337219030333,3.6693320694622247,4.182885450402591,4.830793834329629,5.567364829309941,6.242324747587531,6.585190844742117,6.585190844878248,6.242324747733274,5.567364829536009,4.830793834666065,4.182885450715477,3.6693320695692777,3.2846337221845463,3.0056741918091796,2.80728270686125,2.6678990426449807,2.5707846423347105,2.503560422257117,2.457301205229562,2.4256581625408464,2.404148482895035,2.3896223568685584,2.3798766922411527,2.37337914345326,2.3690716547025894,2.3662304537112457,2.3643661364661686,2.363152460037309,2.362375931832272,2.3619006400245457,2.361644409183166,2.361563552205978
2.3617092506788953,2.361790005986071,2.3620459265184106,2.362520679443705,2.3632964044866074,2.3645089559220525,2.3663717389737497,2.369210867314503,2.3735155592281343,2.380009322659968,2.389749844171309,2.4042689605716867,2.425769074314552,2.4573990703400455,2.5036405382283844,2.5708407156357707,2.6679227401732453,2.807263141689138,3.00559739614359,3.2844822672833245,3.6690852065251027,4.182520565476257,4.830290698744093,5.566714864379964,6.241546773039483,6.584345848824107,6.584345848843394,6.241546773098634,5.566714864626798,4.830290699025918,4.18252056567118,3.669085206615412,3.284482267486823,3.0055973963870093,2.807263141943023,2.6679227404193187,2.5708407157333397,2.503640538162864,2.4573990703129827,2.425769074381975,2.4042689605428333,2.389749843958921,2.3800093224735064,2.373515559032201,2.3692108669583503,2.366371738562254,2.364508955691198,2.36329640420447,2.362520679052641,2.3620459259953095,2.361790005489963,2.361709250101012
2.361864902389663,2.3619455571884385,2.362201169171693,2.362675385173305,2.363450307015997,2.3646617285867135,2.3665229629598077,2.36935998959847,2.3736618316235543,2.3801517221779274,2.3898869629236983,2.4043988619662247,2.425889105477446,2.45750561996309,2.5037287312615883,2.570904032781946,2.6679525582921118,2.8072482062368915,3.0055232851922096,3.2843310077745747,3.668835428924887,4.182149014176848,4.829776614311363,5.566049513016042,6.240749613193077,6.583479658580162,6.583479658548395,6.240749613198716,5.566049513034165,4.829776614442986,4.182149014220619,3.668835428941834,3.28433100784339,3.005523285414553,2.807248206474243,2.6679525585368915,2.5709040330955397,2.503728731312454,2.457505620096158,2.4258891054580975,2.4043988619265004,2.389886962761044,2.3801517221227444,2.3736618316630276,2.3693599891469463,2.366522962735989,2.3646617282766274,2.3634503066284807,2.3626753847276327,2.362201168630021,2.361945556819268,2.3618649020014635
2.3620308709251225,2.36211142706993,2.3623667354588074,2.362840421783689,2.363614547737714,2.364824843719528,2.366684527226932,2.369519435803037,2.3738183907995203,2.380304337638276,2.390034178599975,2.4045386740194767,2.4260187672430904,2.4576213948988253,2.5038255776902245,2.570975214561857,2.667989174669074,2.8072386547412864,3.0054527166307636,3.284180940365639,3.66858391965419,4.181772220666864,4.829253301243118,5.565370823159979,6.239935610871439,6.582594768606544,6.582594768485326,6.239935610731736,5.565370822987729,4.829253301005146,4.181772220520285,3.668583919613651,3.2841809404402986,3.0054527168263894,2.8072386550510653,2.667989174981633,2.570975214753699,2.5038255777819343,2.4576213950793186,2.426018767345697,2.4045386740243555,2.3900341786388037,2.3803043376425252,2.373818390713806,2.369519435647624,2.3666845271408548,2.3648248435885235,2.363614547370789,2.362840421253659,2.362366734904899,2.362111426577033,2.3620308705073185
2.3622075179270245,2.3622879781689323,2.3625429920151975,2.363016161935524,2.363789508312103,2.3649986945458914,2.3668568376927523,2.369689627837523,2.373985675177544,2.3804676269579197,2.3901919713492377,2.4046889008765775,2.4261585920368582,2.45774695941642,2.5039316801003184,2.571054911694818,2.668033302346719,2.8072352820020074,3.005386594337147,3.284033116093214,3.668331925256379,4.181391684394563,4.828722569095538,5.564680947844282,6.23910722712101,6.581693798625069,6.581693798600403,6.239107226835944,5.564680947410445,4.828722568632361,4.181391684127366,3.66833192519322,3.2840331161526812,3.005386594477879,2.8072352823339024,2.6680333026841487,2.571054911857461,2.503931680271561,2.4577469594360926,2.426158592095888,2.4046889010359194,2.390191971659491,2.3804676272019307,2.373985675106134,2.369689627857299,2.366856837666224,2.364998694524318,2.3637895081239932,2.3630161615140772,2.3625429914463787,2.362287977612427,2.362207517580067
2.3623952013569727,2.36247557022863,2.362730302922316,2.3632029777708947,2.3639755709348056,2.365183676389358,2.3670403049031083,2.369870994066454,2.374164133839116,2.3806420620703075,2.3903608382555124,2.404850067406963,2.4263091355725166,2.457882905297043,2.5040476735595885,2.57114381187676,2.6680856957630303,2.8072389297767764,3.005325876047736,3.283888647810072,3.6680807640295083,4.18100898915404,4.828186326199292,5.5639821540378325,6.238267050859085,6.580779503647295,6.58077950358338,6.238267050622925,5.563982153585814,4.828186325712782,4.181008988797548,3.668080763909701,3.28388864780277,3.0053258761186834,2.8072389300392557,2.6680856959995474,2.571143812037808,2.504047673794362,2.4578829053754196,2.4263091357184523,2.4048500675355244,2.3903608385700426,2.3806420625226705,2.374164133964176,2.3698709943538643,2.3670403050105575,2.365183676200214,2.363975570803943,2.363202977492296,2.3627303026781816,2.3624755699702034,2.362395200769827
2.3625942740922667,2.3626745584703985,2.362929028896656,2.363401238728074,2.364173117684764,2.365380186095247,2.367235345303173,2.370063972619805,2.374354229273539,2.3808281326509575,2.3905412978576437,2.4050227249096094,2.4264709856846207,2.4580298616427574,2.5041742349968548,2.5712426501755044,2.6681471627539843,2.807250499485382,3.005271586687635,3.283748724399998,3.6678318412023705,4.180625818167552,4.827646595331422,5.563276839419951,6.2374178155263,6.579854789993858,6.5798547899352515,6.237417815375385,5.563276839041357,4.827646594936684,4.180625817813095,3.6678318409976556,3.283748724330074,3.0052715867590423,2.8072504995490637,2.6681471628559197,2.571242650365312,2.504174235263635,2.458029861812007,2.426470985774906,2.4050227251954674,2.3905412982006435,2.3808281328628533,2.3743542296057303,2.370063973018709,2.3672353456050437,2.365380186100392,2.3641731175749285,2.3634012386965173,2.362929028788963,2.362674558210562,2.3625942736183307
2.362805083678643,2.362885292047362,2.3631395260458414,2.363611311662771,2.3643825308784594,2.3655886262751027,2.3674423846540606,2.3702690159129,2.374556443739761,2.3810263536010714,2.39073390167268,2.4052074644498638,2.426644776219352,2.4581885104685863,2.504312101540158,2.5713522286946437,2.6682185854729985,2.8072709748814266,3.005224842376034,3.283614635676927,3.667586674482673,4.1802439810273775,4.827105541428563,5.562567559762772,6.236562427140458,6.5789227439965945,6.578922743899801,6.236562426839228,5.562567559393389,4.827105541082764,4.180243980699728,3.6675866742452303,3.2836146356194384,3.005224842476935,2.80727097488998,2.668218585508983,2.5713522289002952,2.504312101636162,2.4581885106668673,2.426644776345957,2.405207464772699,2.3907339020064935,2.381026353828897,2.374556444240509,2.370269016158608,2.367442384942426,2.3655886265558697,2.3643825310642543,2.363611311884163,2.36313952585917,2.36288529167553,2.36280508343861
2.3630279713305593,2.3631081151198585,2.363362146812602,2.363833564564312,2.3646041981511545,2.365809409748419,2.367661865337151,2.3704866004554965,2.374771292854021,2.3812372829615596,2.3909392534582876,2.4054049386456886,2.426831213129509,2.458359615614692,2.5044621017423894,2.5714734511985817,2.66830095750392,2.8073014612941454,3.0051868910497825,3.2834878152976232,3.6673469384791186,4.179865459124166,4.826565517578461,5.561857076678677,6.2357040120021425,6.5779866803064895,6.577986680123566,6.235704011568962,5.561857076216322,4.826565517155717,4.1798654588154776,3.667346938263249,3.283487815441177,3.00518689130877,2.807301461365651,2.6683009574933014,2.571473451295044,2.504462101821148,2.458359615739652,2.4268312132692387,2.4054049388628695,2.39093925369512,2.3812372832639483,2.3747712933838603,2.3704866009593375,2.367661865588823,2.365809409967666,2.364604198381345,2.363833564764041,2.3633621468581016,2.363108115013712,2.3630279711246867
2.363263275528713,2.3633433708648237,2.363597246684987,2.3640683715262636,2.3648385205640254,2.3660429709352826,2.367894262299907,2.3707172483284147,2.3749993498738533,2.3814615500709717,2.3911580430681716,2.4056159016159304,2.4270311186103597,2.4585440723743446,2.504625210498522,2.5716073817304697,2.668395446448549,2.8073432518560972,3.0051591824620094,3.283369912765792,3.667114538976204,4.179492482084649,4.826029143329934,5.561148436698778,6.23484599771705,6.577050223100118,6.577050222915449,6.234845997274212,5.561148436201836,4.826029142875116,4.179492481797225,3.667114538915647,3.2833699129936975,3.005159182740437,2.807343251971628,2.668395446577926,2.5716073817787994,2.5046252105645794,2.4585440723969194,2.4270311188132534,2.4056159016945884,2.3911580432182102,2.3814615504188335,2.3749993502311404,2.3707172488916006,2.3678942627057067,2.3660429712161712,2.364838520734564,2.3640683715864714,2.363597246805045,2.3633433710290643,2.363263275519784
2.363511342458177,2.363591409910401,2.363845192617115,2.3643161264685624,2.3650859295984166,2.3662897893002937,2.3681401115521465,2.3709615600277103,2.3752412872487554,2.381699906043668,2.391391104734851,2.4058412753669365,2.427245506717147,2.458742990754767,2.5048026397617233,2.571755342641473,2.668503498950814,2.8073979376287115,3.005143482991615,3.283262912751061,3.666891736159542,4.179127653638939,4.825499433780514,5.560445102721748,6.233992245830783,6.5761174393687005,6.5761174391857,6.233992245475322,5.560445102391815,4.825499433525352,4.179127653488281,3.6668917362520035,3.2832629127709376,3.0051434830561075,2.807397937831063,2.668503499124107,2.5717553427767132,2.504802639832079,2.4587429909013685,2.4272455069499927,2.4058412754691223,2.39139110478215,2.3816999061874764,2.3752412875426736,2.3709615605318684,2.3681401119177794,2.3662897895751196,2.3650859299715363,2.3643161265888453,2.3638451927026103,2.363591409925801,2.363511342198121
2.363772538479626,2.363852607158403,2.364106382949327,2.3645772677035306,2.365346918314468,2.3665504260699564,2.3684000566479724,2.3712202730823058,2.3754979470764397,2.381953305747195,2.391639513300658,2.4060822599102067,2.427475706107679,2.458957831707605,2.5049959871063447,2.5719190746991893,2.66862701002152,2.807467586720294,3.0051420623429426,3.2831693286433254,3.666681344093146,4.178774156575124,4.824980008065297,5.559751165871129,6.233147265464757,6.575193054143757,6.575193054077533,6.233147265349364,5.5597511657638385,4.824980008007479,4.178774156634239,3.6666813442011463,3.283169328590497,3.005142062191433,2.807467586833625,2.6686270102213396,2.5719190748425804,2.5049959873029524,2.458957832083602,2.427475706318512,2.4060822600344305,2.3916395134184274,2.3819533058184974,2.3754979472439532,2.3712202732449073,2.368400056970217,2.366550426406507,2.3653469185432643,2.3645772678514003,2.364106383063886,2.363852607171209,2.363772538422801
2.364047279947532,2.3641273910885032,2.364381281944355,2.364852317737624,2.365622089982579,2.3668255873157276,2.3686749259801765,2.371494355882578,2.375770453519716,2.3822230414866095,2.391904738406299,2.406340508394809,2.4277235570708013,2.459190624694466,2.50520747211846,2.572100991083461,2.668768593714133,2.8075550284251567,3.005157990404152,3.283092510481536,3.6664870468221302,4.178436076261612,4.824475418924246,5.559071679910081,6.2323165519095705,6.574282790555114,6.574282790572849,6.232316551886836,5.559071679952042,4.824475419001388,4.17843607641402,3.666487046870449,3.2830925103682644,3.005157990304562,2.8075550284626964,2.6687685938814947,2.572100991234106,2.505207472412494,2.459190624955089,2.4277235572978166,2.4063405087793055,2.3919047386553975,2.3822230414115557,2.375770453580137,2.3714943559049186,2.3686749262301863,2.3668255874727775,2.3656220899826828,2.364852317917219,2.364381282046215,2.364127391361334,2.3640472798911776
2.364336079069497,2.3644162912776565,2.3646704722607566,2.3651419481209834,2.3659122386464917,2.3671162223337925,2.3689658541513174,2.37178515603852,2.3760603899501525,2.3825109508176148,2.392188885251462,2.406618401331298,2.427991718258014,2.4594443053697517,2.5054403047949863,2.5723045729585063,2.668932002929574,2.8076642952571564,3.005195597909308,3.2830371203792046,3.6663138877027075,4.178118900759654,4.823991662790293,5.5584131784643995,6.231507108824585,6.573393894725247,6.573393894742249,6.231507108801077,5.558413178479281,4.8239916629023325,4.178118900912781,3.666313887665747,3.283037120285761,3.005195597951837,2.8076642953324935,2.6689320030906423,2.5723045730906096,2.5054403050176997,2.459444305624117,2.4279917186006585,2.406618401629964,2.392188885273381,2.3825109509125806,2.376060389974032,2.371785156241048,2.368965854195547,2.367116222337244,2.365912238659767,2.365141948224616,2.3646704724008796,2.364416291306737,2.3643360792828165
2.36463961268557,2.364720011851113,2.3649747396910556,2.3654470789537108,2.3662184714254773,2.367423675093122,2.3692744682550773,2.3720946254082422,2.3763700682645634,2.3828197336393724,2.3924950606932573,2.406919462627483,2.428284132727659,2.4597232302650434,2.505699244235312,2.5725349696834243,2.6691227668000845,2.8078012915666397,3.005261172548809,3.2830098521824516,3.666169008807343,4.177830276938476,4.823536948688734,5.557784454937838,6.230728235821351,6.572535927581676,6.572535927572739,6.230728235860321,5.557784454960126,4.823536948755358,4.177830277018903,3.6661690087000958,3.2830098522136564,3.005261172639624,2.807801291668843,2.669122766826728,2.572534969949294,2.505699244675432,2.459723230496633,2.428284132929037,2.4069194626373336,2.392495060662596,2.3828197338344754,2.376370068443485,2.372094625539275,2.3692744682307683,2.3674236752005173,2.366218471523918,2.3654470788422666,2.3649747397990013,2.364720011953367,2.3646396126615103
2.3649588286862033,2.365039541712344,2.3652951966200777,2.365769027699612,2.366542390455376,2.3677499081844395,2.369603162903245,2.372425654126757,2.3767029281986316,2.3831534212419796,2.3928279158958166,2.407248977480751,2.4286067189445606,2.460033938107125,2.5059914268327477,2.5727998866937782,2.66934913119015,2.8079747817055143,3.005363986217378,3.2830204929015934,3.6660627396362666,4.17758112242243,4.823122829595623,5.557197709195876,6.229992685881201,6.571721927423873,6.5717219275078,6.229992686034525,5.557197709367882,4.823122829718316,4.1775811223665995,3.6660627395610113,3.2830204928066093,3.005363986197171,2.807974781769524,2.669349131298415,2.572799887190275,2.505991427198739,2.4600339383283854,2.428606719047511,2.407248977379382,2.3928279159886334,2.383153421395353,2.3767029283570045,2.372425654093643,2.369603163073804,2.367749908281167,2.3665423905168836,2.36576902781048,2.365295196702189,2.365039541729967,2.364958828504761
2.3652950954793446,2.365376312144095,2.365633460851438,2.3661097217803806,2.366886353250367,2.3680978250742473,2.369955495731567,2.3727825510989686,2.3770641122234073,2.383518053470353,2.3931944300014703,2.4076148832779625,2.428968368269899,2.460386249112789,2.5063275592639904,2.5731108647114946,2.669623414460704,2.808197810532702,3.0055177716153776,3.283083445092951,3.6660101588290357,4.177387219009405,4.822765822230014,5.556670187567719,6.2293183199159605,6.570970072155443,6.570970072360608,6.2293183203130456,5.556670187915893,4.8227658223372,4.177387218863147,3.666010158729211,3.2830834448981676,3.00551777151914,2.8081978105290726,2.6696234147102493,2.5731108650529433,2.5063275594748027,2.4603862493774677,2.428968368334375,2.4076148833969966,2.393194430091958,2.383518053652037,2.3770641122335867,2.3727825510583767,2.3699554957990716,2.3680978251227667,2.3668863534761773,2.3661097219835177,2.3656334609753746,2.3653763122808944,2.365295095463524
2.365650410940701,2.3657324138128373,2.3659919012768524,2.366471992786162,2.367253834168304,2.3684717173457925,2.370336738644298,2.3731717154822154,2.3774612710718266,2.3839226278475767,2.3936050097125334,2.4080290214391704,2.42938234615198,2.460794808419222,2.5067235949304507,2.5734850745412925,2.6699639067567116,2.8084896916183633,3.0057427858605883,3.2832198529442125,3.6660332709663357,4.177271431525608,4.822489659737691,5.5562264628923215,6.228730405863451,6.5703059880284975,6.57030598821444,6.228730406381219,5.556226463312246,4.822489659802016,4.1772714313903165,3.666033270808767,3.283219852818609,3.0057427857640575,2.808489691566618,2.6699639069094627,2.5734850745595446,2.5067235951162012,2.4607948086226163,2.429382346354991,2.4080290216032623,2.3936050098625876,2.383922627941037,2.37746127113746,2.37317171551314,2.3703367386270773,2.3684717174917345,2.367253834173231,2.366471993033448,2.3659919014924813,2.3657324139868003,2.3656504110241405
2.3660276754473144,2.3661108836103777,2.3663739644817277,2.36685996784428,2.3676499082516504,2.3688778664275105,2.370754622578065,2.3736025465642703,2.377905657622956,2.384380392703368,2.3940749896564397,2.408508847630527,2.4298682078888736,2.4612811968532697,2.507203023111902,2.573947766436813,2.6703974571102007,2.808878712607521,3.0060686122142344,3.283460483212203,3.666163951780116,4.177266705544834,4.822328332341553,5.55590150854919,6.228264716632867,6.569765859375524,6.569765859498651,6.228264716989879,5.555901508854935,4.822328332475075,4.177266705464354,3.66616395162773,3.283460483140604,3.006068612063299,2.808878712573641,2.670397457096546,2.573947766437842,2.5072030231305136,2.4612811969657375,2.429868208040438,2.4085088478103565,2.394074989936544,2.384380392787864,2.3779056577026347,2.3736025466320188,2.3707546226460456,2.3688778664424714,2.3676499083526408,2.3668599679245035,2.3663739645796986,2.3661108837279072,2.366027675699855
2.3664310380220575,2.36651606771601,2.3667845890855213,2.367279571381824,2.368081874892905,2.369325324410945,2.371220308613434,2.3740886369566434,2.378413568293609,2.384910556967291,2.3946266223427495,2.409079704305495,2.4304543455928833,2.4618767366075627,2.507799909814826,2.5745355181054426,2.670962898123599,2.8094057056570576,3.006537849648332,3.283849509847133,3.666447809307027,4.177419989638729,4.822330058947711,5.555744709088948,6.227971568197974,6.569400481705884,6.569400481748145,6.2279715683435874,5.555744709212053,4.822330059002189,4.177419989613838,3.6664478092484103,3.2838495097242713,3.0065378495039137,2.8094057056940867,2.670962898071992,2.5745355180869316,2.507799909728264,2.4618767365680316,2.430454345673399,2.409079704553538,2.3946266224844,2.3849105570823426,2.3784135684346817,2.374088637056723,2.371220308568793,2.369325324538644,2.368081874931807,2.3672795713654833,2.366784589209673,2.3665160677606303,2.3664310380414184
2.3668663096566815,2.366954057820912,2.3672307079901733,2.367739138467054,2.3685600278605783,2.3698268870692543,2.3717496101157587,2.374649285057353,2.379008183435266,2.385540484622854,2.3952916421535595,2.4097777555705227,2.4311812824243777,2.4626261191972176,2.50856282494669,2.5753004181513015,2.671715443768452,2.8101286174554208,3.007210818376622,3.2844493246706605,3.6669490756519543,4.1777971914793115,4.822562294460652,5.55582490880772,6.227920897793073,6.5692803545658816,6.569280354544214,6.22792089765688,5.555824908750761,4.822562294488751,4.1777971915663,3.666949075589169,3.2844493244664448,3.0072108184267585,2.810128617477047,2.671715443764395,2.575300417898055,2.5085628247408516,2.4626261192033683,2.4311812826090096,2.409777755524838,2.3952916422373707,2.3855404849838435,2.379008183497941,2.3746492849799172,2.371749610118179,2.3698268869469747,2.3685600280270465,2.3677391384737874,2.3672307079518937,2.3669540580185062,2.3668663097334774
2.3673414288108336,2.3674331825251436,2.3677218211412256,2.3682501246013015,2.3690985610609796,2.370400255637833,2.3723644707202047,2.375311346782203,2.379721840678819,2.3863084270443506,2.396114476864068,2.4106536775807488,2.4321058213080926,2.4635919725893958,2.5095597743998717,2.5763153033604453,2.6727321689918546,2.811128174533866,3.0081713618898633,3.2853464386310343,3.667756580557894,4.1784892058459615,4.823117801902998,5.55623651866309,6.228208396676711,6.5695018276191695,6.569501827549077,6.228208396480183,5.556236518544315,4.82311780191193,4.178489205922087,3.6677565805443555,3.285346438618946,3.008171361933659,2.811128174503069,2.6727321687292007,2.57631530312598,2.509559774326402,2.463591972672293,2.4321058211591122,2.4106536775850693,2.3961144772238967,2.3863084271559125,2.3797218406117326,2.375311346639332,2.3723644705426077,2.3704002556666164,2.3690985609456203,2.3682501245609093,2.3677218212953735,2.367433182773975,2.3673414290761814
2.367866938107101,2.367964515423893,2.3682705996442763,2.36882787402028,2.369716573167125,2.371069356205205,2.373094676319886,2.376111416813128,2.38059875371975,2.3872668294772255,2.397156167065078,2.411777187519208,2.4333061469790387,2.4648604749912626,2.510884242593378,2.577680139134358,2.674118638175324,2.8125146812961335,3.0095337523715187,3.2866584499781912,3.668990755581422,4.17961894065503,4.824121695184245,5.557106575224169,6.228962582448042,6.570194180799,6.570194180750505,6.228962582429889,5.557106575046391,4.824121695208183,4.17961894076379,3.668990755676595,3.286658450096149,3.0095337522624437,2.8125146810673445,2.674118638069011,2.5776801390338875,2.5108842425716724,2.464860474779035,2.433306146852268,2.411777187700662,2.3971561670922585,2.3872668295471295,2.38059875365532,2.3761114167357555,2.373094676154747,2.371069355924752,2.369716572996419,2.3688278739923923,2.368270599710061,2.3679645157137177,2.36786693829102
2.36845640802624,2.3685623347530367,2.368893454125871,2.369492376216197,2.3704391016771775,2.371865747561779,2.3739797431192415,2.3770983016658502,2.3816981637699066,2.3884862322038503,2.3984990511224833,2.413242500602064,2.434887995800553,2.4665481339015627,2.512662450881039,2.5795296159378336,2.6760167090518188,2.8144359221624877,3.011450612685491,3.288541938741591,3.6708114791481186,4.181349112122117,4.825739194280727,5.558602470342189,6.230352515758193,6.571527334807881,6.571527334713948,6.230352515554312,5.558602470297955,4.825739194405852,4.1813491122966315,3.6708114793568933,3.2885419388539496,3.011450612479382,2.814435921989014,2.6760167089733686,2.579529615863381,2.5126624507927158,2.4665481336982187,2.434887995669502,2.413242500560234,2.398499051180357,2.3884862321453446,2.381698163831317,2.3770983015259946,2.373979742909549,2.3718657473160034,2.370439101329467,2.3694923761316278,2.368893454354087,2.3685623347571125,2.3684564082270865
2.3691267144464914,2.3692444384377844,2.369610966269932,2.370268903425762,2.3712980729327895,2.3728300101355324,2.3750708856194427,2.378335713473055,2.383097896756793,2.3900597944152597,2.4002523060054073,2.4151748618531568,2.43699207535314,2.4688099216188713,2.5150619948472466,2.5820420660491945,2.6786135299871354,2.817086087538458,3.0141216744727126,3.2912010135043164,3.673426411111189,4.1838903931455445,4.828183629011372,5.560939853453272,6.23259564010041,6.573719662430327,6.57371966228335,6.232595639861211,5.560939853517097,4.828183629114475,4.183890393365543,3.6734264114286694,3.291201013725737,3.0141216743632886,2.817086087394421,2.6786135297630635,2.5820420660382397,2.515061994701794,2.4688099213558212,2.43699207522076,2.4151748618779116,2.400252305952438,2.390059794292786,2.3830978966475005,2.3783357134760608,2.3750708854419966,2.3728300096839834,2.3712980728440938,2.3702689033292805,2.369610966279205,2.369244438479514,2.369126714836257
2.3698980442938056,2.370032186047328,2.3704480455943946,2.371188381856692,2.372333014680179,2.374012961532533,2.3764329307312524,2.379905097113327,2.3848983111724897,2.392108526877555,2.4025585392086106,2.4177384534360864,2.439803106390377,2.47184915839687,2.51830220663856,2.5854499415779917,2.682151824293814,2.820715647803548,3.0178031285686537,3.294896115213184,3.677099294398767,4.187509295352148,4.831723998196538,5.5643899647325235,6.235964974676394,6.577045114560611,6.577045114513231,6.235964974611798,5.564389964725725,4.83172399829768,4.187509295518772,3.6770992948276007,3.294896115509055,3.017803128747925,2.8207156476353523,2.6821518241925952,2.585449941297942,2.5183022063054774,2.471849158315676,2.439803106374418,2.417738453368903,2.402558539153939,2.3921085267584803,2.3848983110325674,2.379905096876819,2.3764329304740617,2.3740129614495395,2.372333014377026,2.3711883818450397,2.3704480456356096,2.3700321863193134,2.369898044580066
2.3707934774751602,2.3709501110808864,2.371433644194118,2.3722873106147726,2.373591331468075,2.375476504386198,2.3781460160695898,2.381908505724318,2.3872266813931455,2.3947874551939887,2.405601864611661,2.4211463079303077,2.443561263026909,2.47592996476724,2.5226669964211137,2.5900524310582584,2.686941787607976,2.8256422178635496,3.0228173323684033,3.2999526011480724,3.6821575514638916,4.192534966321234,4.836691166081296,5.56928541209408,6.240794630226479,6.581838611077749,6.581838611174045,6.240794630203546,5.569285412246216,4.836691166216076,4.192534966573397,3.6821575517338823,3.2999526013541987,3.022817332593221,2.825642218038899,2.686941787408213,2.5900524307144646,2.522666996300085,2.475929964642744,2.4435612629291863,2.4211463078579043,2.405601864538667,2.394787455042714,2.3872266810398255,2.381908505527121,2.37814601593603,2.375476504112547,2.3735913314141723,2.3722873107320535,2.3714336442096613,2.3709501113562337,2.3707934779696047
2.371837980575939,2.372024931560075,2.372599835529686,2.373607009565955,2.3751279050433727,2.377293869660169,2.3803068873225426,2.3844714630855885,2.390242176840369,2.398293189787423,2.409618317878738,2.425673459769559,2.448577524827067,2.4813939077391947,2.5285216942052844,2.596231442411214,2.6933754031589574,2.832262747287089,3.0295627646971477,3.3067686216935535,3.688998400169646,4.199363919427357,4.843481571335903,5.57602318051411,6.247482386106763,6.588498414540223,6.588498414567485,6.247482386314593,5.576023180643018,4.843481571662286,4.199363919693697,3.688998400134443,3.3067686218791605,3.029562765081355,2.832262747443089,2.6933754030507404,2.5962314423514865,2.5285216940128765,2.481393907547921,2.4485775246733725,2.4256734595562635,2.409618317620188,2.398293189563516,2.3902421767880004,2.3844714628557955,2.3803068871761948,2.377293869677589,2.3751279049703515,2.373607009465623,2.372599835661191,2.3720249319198694,2.3718379810634898
2.3730566502742603,2.3732837871260712,2.3739800566248856,2.3751919536534185,2.377003737450578,2.379548965936555,2.3830295678801288,2.3877457722575706,2.394141743603737,2.4028737415227788,2.4149101145740177,2.4316755230292317,2.4552556615398853,2.4886837876698786,2.536336687279187,2.604473258206677,2.7019447816760094,2.8410678826292504,3.038524377609266,3.315821875618322,3.6980926576410207,4.2084615858313175,4.85255716552235,5.585063487888225,6.256487890502876,6.5974840235059515,6.597484023540167,6.256487890804293,5.585063488098816,4.8525571656842015,4.208461585949573,3.698092657747616,3.3158218758211686,3.038524377821903,2.841067882716267,2.7019447817987046,2.6044732581475283,2.536336687114536,2.4886837874347867,2.455255661321571,2.431675522775166,2.414910114317899,2.402873741393152,2.394141743527267,2.387745772231788,2.3830295677790168,2.3795489658623956,2.377003737402922,2.37519195368769,2.3739800569142213,2.373283787448707,2.3730566505353794
2.374472080097834,2.3747515596295745,2.3756063229546838,2.377086931510677,2.3792832962639214,2.3823344464892355,2.3864450551282093,2.391912147513532,2.3991672639402974,2.4088417810586673,2.4218660522042335,2.43961617832951,2.4641252898100645,2.498379433873859,2.5467224939446202,2.6153997042273116,2.7132672354568723,2.852660023495821,3.0502848214339906,3.327674918453572,3.7099853612083975,4.220359477780522,4.864440179344953,5.596922991071951,6.268324941156325,6.609308028391849,6.60930802873631,6.2683249413797695,5.596922991207221,4.864440179283845,4.220359477823382,3.7099853613717113,3.3276749185523324,3.050284821447772,2.8526600235907162,2.713267235681978,2.615399704286038,2.5467224936546273,2.4983794337062846,2.4641252896494787,2.439616178226046,2.4218660520074526,2.40884178091307,2.399167263984679,2.3919121474524165,2.3864450549973903,2.3823344464730845,2.3792832964521264,2.3770869318996,2.375606323290653,2.3747515597137574,2.374472080205773
2.3761007931084364,2.3764471944684886,2.377505259676869,2.3793327486318576,2.382030122233583,2.3857478931347216,2.390699372404035,2.3971821570849507,2.405614054080016,2.416592531879685,2.4309909162449785,2.4501083448644447,2.475892387854745,2.511252646215055,2.560483061859371,2.6298143561860394,2.72812088015259,2.867777127046916,3.065537164759662,3.34297862991094,3.7252921833487487,4.2356466080677375,4.879701215579394,5.612160790567968,6.283546290534666,6.624520377707549,6.624520377665228,6.283546290814778,5.612160790559152,4.879701215557496,4.235646607969327,3.725292183403243,3.3429786298369937,3.065537164836991,2.867777127132011,2.7281208802352754,2.6298143561151237,2.560483061897711,2.511252646159709,2.4758923878790715,2.4501083448445597,2.4309909161924224,2.416592531920795,2.4056140539961675,2.397182157075613,2.3906993723839403,2.385747893303245,2.3820301226022336,2.379332749017386,2.3775052599054294,2.37644719433481,2.376100793219726
2.3779487964754225,2.3783790446201425,2.379692859035115,2.3819601770090784,2.3853000871546186,2.38988510258366,2.3959485599230868,2.403797866263737,2.4138394195600146,2.4266262115682764,2.4429459816715426,2.4639739143320236,2.4915146173539386,2.5283497960144,2.5786952885093672,2.6487699558167552,2.7474945690994317,2.887323866342154,3.085099071411363,3.362472796211434,3.7446901120275324,4.25495348877258,4.898939016138164,5.631355671268246,6.3027194980214905,6.64368362212044,6.643683622180897,6.302719498071099,5.63135567139727,4.898939016014918,4.254953488763993,3.7446901118343474,3.3624727960780434,3.085099071289417,2.8873238664390772,2.7474945691435098,2.6487699560362117,2.5786952886366787,2.528349796247061,2.491514617613793,2.4639739144191304,2.442945981847925,2.42662621153427,2.413839419475891,2.4037978662593495,2.3959485601251473,2.3898851027327837,2.3853000874826003,2.381960177157296,2.3796928590548605,2.378379044462767,2.377948796197757
2.380006487427947,2.380539420323275,2.382167988745444,2.3849818571752306,2.389131445797378,2.394828759291871,2.4023477550173573,2.4120251414439813,2.42426646391427,2.4395705502475313,2.458598069105311,2.482322745659409,2.5123053346983975,2.5511074331213632,2.602819426878866,2.673659586746178,2.772652299664774,2.912408412235657,3.1099256859645688,3.386980793838522,3.7688995996475247,4.278926342002887,4.922749988940805,5.655073034327903,6.326392529968022,6.667337968665097,6.66733796867166,6.326392529828991,5.655073034335477,4.922749988907421,4.2789263418788375,3.768899599520179,3.3869807938034295,3.1099256859702553,2.912408412273763,2.772652299891212,2.6736595870932147,2.602819427285423,2.551107433483383,2.5123053348906117,2.4823227459813575,2.458598069279379,2.4395705502577547,2.424266463937158,2.4120251414483493,2.4023477550458137,2.394828759511243,2.3891314459329,2.384981857237069,2.3821679884740017,2.3805394198872523,2.3800064875276794
2.382243379985533,2.3828987662304026,2.3849048904191217,2.3883819551740273,2.3935306044244555,2.4006298407905016,2.4100292312014893,2.422132127970996,2.4373709474053507,2.456188224409899,2.4790611127698834,2.506636458438312,2.540054272793542,2.5814897461836765,2.6348286030373944,2.7063189892000543,2.805199477648648,2.9443733506513463,3.1411116537995114,3.4173910012990656,3.7986528843134093,4.308187935474495,4.9516851738807635,5.683820049098958,6.35504814733682,6.695955407111767,6.695955406800755,6.355048147266652,5.683820049061988,4.9516851740497545,4.3081879353462815,3.7986528843650853,3.417391001504994,3.1411116540243924,2.9443733508139274,2.805199477960713,2.7063189895667255,2.634828603432953,2.5814897465903526,2.5400542731166262,2.50663645867574,2.479061112930436,2.456188224722001,2.4373709474426573,2.4221321279105372,2.4100292312838856,2.40062984088323,2.393530604348562,2.3883819548151126,2.3849048900492495,2.3828987662911696,2.3822433793968565
2.384603444437048,2.385400228410935,2.3878452905896466,2.3921037478628904,2.3984526458494937,2.4072783757840135,2.4190615401697726,2.434337843462795,2.45362619945777,2.477332869749573,2.505683866039788,2.538804391729567,2.577109170233432,2.622089279783423,2.6772992296506257,2.7490871814025897,2.8471075280249063,2.9847878834339427,3.179859246801694,3.4546098456161376,3.834639231119768,4.343279789055874,4.986191945348345,5.717987842778834,6.389046722927868,6.729882914549428,6.729882914671933,6.389046722849644,5.7179878428593085,4.986191945621722,4.343279789412275,3.834639231293916,3.454609845973378,3.1798592469662625,2.9847878837821313,2.847107528298601,2.749087181658525,2.677299230041504,2.6220892801568705,2.5771091707144596,2.5388043920804972,2.5056838663005245,2.4773328698221926,2.453626199565698,2.434337843570667,2.419061540282017,2.4072783757147427,2.3984526452848094,2.3921037476535485,2.3878452905250707,2.3854002280020614,2.384603443655445
2.387002229590724,2.3879558269484082,2.3908914031971653,2.3960362556046815,2.403776774120483,2.4146608884702965,2.429380614345472,2.448709328360771,2.473364219448717,2.5037838178910947,2.539882463541056,2.580983006729639,2.6262702627021333,2.676028171925842,2.733303378467713,2.8046898039333046,2.9005946331705497,3.0353316266898354,3.2273688026050995,3.499460915455642,3.877413335680609,4.38457915266275,5.026537938460252,5.757780410816617,6.428558249248812,6.769275935607799,6.769275935617276,6.428558249291342,5.75778041107897,5.0265379388063804,4.384579152993553,3.8774133362079084,3.49946091561524,3.227368802935071,3.0353316269025847,2.9005946335142214,2.8046898043653123,2.7333033787434973,2.676028172420605,2.626270263196628,2.580983007049269,2.539882463761569,2.503783817997688,2.4733642194818004,2.4487093284911157,2.4293806142782173,2.4146608880386538,2.403776774217675,2.3960362554699906,2.390891403050246,2.387955826193804,2.387002229845433
2.3893273009055096,2.3904459562192595,2.3939020777478315,2.4000028806657756,2.4092799641522586,2.4225063434984957,2.4406884284511223,2.464986993657428,2.4965005583232807,2.535854691967162,2.582644358230309,2.6350380716238955,2.6902092711089436,2.7463299627470494,2.8057836228786863,2.8756854555880755,2.9676807220704187,3.0974566162955797,3.284587088434411,3.552496763060942,3.9272515648802506,4.432185228827969,5.072716630819054,5.803131992530856,6.4734862774559705,6.814025215493928,6.814025215710211,6.4734862776623,5.803131992784933,5.072716631142901,4.4321852293651895,3.9272515651867814,3.552496763306625,3.284587088614817,3.097456616654634,2.9676807223045434,2.875685455869784,2.8057836234872764,2.746329963329896,2.6902092715592523,2.6350380719707154,2.5826443584124292,2.5358546919112914,2.496500558261528,2.4649869934633863,2.440688428032491,2.422506343708339,2.4092799641605565,2.4000028808920915,2.3939020774587707,2.3904459564391707,2.38932730052264
2.3914436746734467,2.392724285960076,2.3966954430689897,2.4037577563820984,2.4146180000967776,2.4303335543899798,2.452333157561001,2.482342851415192,2.5220953414405347,2.5726787021067907,2.6335000484866566,2.7012626139393117,2.7700657730095037,2.8343329199113296,2.895989452857388,2.9631479052128977,3.0492057505744063,3.1717096476097604,3.3517557578784336,3.613699618108931,3.983949724439355,4.485776349593015,5.1243394291257225,5.85361869249836,6.523389664597325,6.863682809960546,6.8636828099761775,6.523389665072885,5.853618692639568,5.124339429338168,4.485776350058832,3.983949724715631,3.6136996183414687,3.3517557581590984,3.1717096478927362,3.0492057506896577,2.963147905468582,2.895989453381866,2.8343329205081322,2.7700657736037564,2.7012626143205494,2.6335000484404776,2.5726787018401307,2.522095341222128,2.4823428509768957,2.4523331576948166,2.430333554403883,2.4146180003979287,2.403757756431743,2.396695443267535,2.392724285954124,2.391443674899338
2.393205510547433,2.394629908736282,2.3990619387223364,2.406998168899054,2.4193307844288428,2.4374314366859533,2.4632232101069174,2.4991465528471526,2.5478331588302328,2.6112188326269594,2.6889242851259034,2.7762958747360607,2.863416640925592,2.9372388651457424,3.0009914751767193,3.0645906150758373,3.1433293777991764,3.256741479659004,3.4277888555415394,3.6820984191770183,4.046586017878034,4.544457301441762,5.180529406528181,5.90837645540891,6.577412324053813,6.917396544603453,6.917396544732954,6.577412324076796,5.908376455621661,5.180529406561488,4.544457301335876,4.046586018271641,3.6820984194439883,3.4277888557993115,3.256741479762167,3.143329378088725,3.0645906154091676,3.0009914756757365,2.9372388656581503,2.8634166413392887,2.776295874892307,2.688924284898968,2.611218832521546,2.547833158644667,2.499146552826865,2.463223210239169,2.437431436745861,2.4193307846096594,2.406998168807512,2.3990619389375096,2.394629909100337,2.393205511008954
2.3944739806480184,2.3960071982008078,2.400790346075248,2.409401235723048,2.422893111180295,2.4429211612720025,2.4718780970356353,2.512933030520758,2.569739698847334,2.645436448990516,2.740644248859387,2.85090362340038,2.9641105343461036,3.0470736607868907,3.112095593253073,3.1724060702666,3.244286518474619,3.348437863610664,3.509719209284976,3.755437023801394,4.1133272667973335,4.606643397343241,5.239845785924864,5.966045000564411,6.634235776097655,6.973865745683016,6.9738657456027315,6.634235776049334,5.9660450006986885,5.239845785681809,4.60664339740345,4.113327266818088,3.7554370239448573,3.5097192093670175,3.3484378637990053,3.2442865187130203,3.1724060705473156,3.112095593613086,3.047073661281987,2.964110534601111,2.850903623458651,2.740644248995392,2.645436449243596,2.569739698705959,2.51293303073784,2.4718780970039433,2.442921161553893,2.422893110795121,2.409401236011006,2.4007903463516542,2.3960071985982663,2.3944739811023497
2.3951388812707592,2.3967309835300172,2.4017049910610413,2.4106859542805226,2.424822508661825,2.445942568191934,2.476736757176972,2.5208652979761066,2.582745498116881,2.6666379337498904,2.7749453195562515,2.90773665606648,3.071460922460995,3.1559302171421297,3.218081086277648,3.275628711824387,3.3430896234653624,3.440093394510625,3.5926983287205077,3.8301473369576233,4.181411595082888,4.6700522373256845,5.3002787831063065,6.024762217370587,6.6920721509254975,7.031333283213927,7.031333283093667,6.692072150941485,6.024762217173344,5.300278783363159,4.670052237101174,4.18141159477144,3.830147336792703,3.5926983287980603,3.4400933945937404,3.343089623513862,3.2756287120623737,3.2180810865183926,3.155930217243755,3.071460922710926,2.907736656505581,2.7749453200454854,2.6666379337395143,2.5827454986165788,2.520865298356317,2.4767367574860017,2.445942567641654,2.4248225087878073,2.4106859544271937,2.4017049911774087,2.3967309838165707,2.3951388817337
0.0,0.0,0.0,0.0,0.0,0.0,0.0,0.0,0.0,0.0,0.0,0.0,3.2252091817704636,3.2636604670401237,3.3117130212729395,3.3652946441038667,3.4309411358292015,3.5242845592921186,3.6709768896467625,3.901867720890842,4.2474316923822295,4.731865568279543,5.3593481031289345,6.082229804089562,6.748713523774464,7.087628189645148,7.087628189676821,6.748713523645241,6.082229804120261,5.359348103056558,4.731865567929667,4.247431692018942,3.90186772068741,3.670976889388867,3.524284559055139,3.430941135888744,3.3652946442294223,3.311713021195,3.2636604668208653,3.225209182052543,0.0,0.0,0.0,0.0,0.0,0.0,0.0,0.0,0.0,0.0,0.0,0.0
0.0,0.0,0.0,0.0,0.0,0.0,0.0,0.0,0.0,0.0,0.0,0.0,3.322861297024374,3.3468313902591516,3.386250362104068,3.437085385079293,3.5028063714193287,3.595645792597822,3.7396583867436917,3.966450180259424,4.307897191046975,4.789052166956498,5.41430394563698,6.135854572042517,6.801645400723762,7.1402682422314365,7.140268242329589,6.801645400698306,6.135854571846618,5.414303945202185,4.789052166897744,4.307897190617282,3.9664501797949936,3.739658386327641,3.5956457922219807,3.502806371041173,3.4370853849480323,3.3862503619506312,3.3468313902884477,3.3228612968894016,0.0,0.0,0.0,0.0,0.0,0.0,0.0,0.0,0.0,0.0,0.0,0.0
0.0,0.0,0.0,0.0,0.0,0.0,0.0,0.0,0.0,0.0,0.0,0.0,3.3900318030259475,3.408889805650078,3.443927006743048,3.4930132919657773,3.5591324021562296,3.652704500055998,3.7961024827762593,4.020869148695907,4.359795622673177,4.838726407276576,5.462378527169221,6.182946675195928,6.848220091133829,7.186623633245423,7.186623632975281,6.848220090900922,6.182946674849614,5.4623785268453595,4.838726406776816,4.359795622261233,4.020869148209658,3.796102482234434,3.652704499373395,3.559132401748069,3.493013291646573,3.4439270066795697,3.408889805139341,3.390031802699406,0.0,0.0,0.0,0.0,0.0,0.0,0.0,0.0,0.0,0.0,0.0,0.0
0.0,0.0,0.0,0.0,0.0,0.0,0.0,0.0,0.0,0.0,0.0,0.0,3.4367170684392834,3.453562288564419,3.486464273637855,3.53455204502786,3.601007937703354,3.6954783583931397,3.8391452227109646,4.063163167313643,4.400771100350008,4.878380125845712,5.5010188261940165,6.220944480016651,6.885875673906845,7.224133190468703,7.224133190557585,6.885875673606376,6.2209444795887325,5.501018825675101,4.87838012528322,4.400771099895327,4.063163166726139,3.839145222076089,3.6954783579807686,3.6010079372810617,3.534552044451905,3.4864642729477935,3.4535622881793895,3.436717068030213,0.0,0.0,0.0,0.0,0.0,0.0,0.0,0.0,0.0,0.0,0.0,0.0
0.0,0.0,0.0,0.0,0.0,0.0,0.0,0.0,0.0,0.0,0.0,0.0,3.466760254234174,3.482761049625411,3.514653352648976,3.562228998471046,3.62891618301941,3.724070173537337,3.868186044100899,4.092052967580067,4.429078204502598,4.9060054877228625,5.528085368379594,6.247645799174367,6.912380749456245,7.250554052287741,7.250554052152462,6.912380749148002,6.247645798752137,5.528085368164838,4.906005487261564,4.429078203961387,4.092052966952688,3.8681860437323268,3.7240701733129264,3.6289161820639175,3.5622289978083974,3.514653352045884,3.4827610492276744,3.4667602536692317,0.0,0.0,0.0,0.0,0.0,0.0,0.0,0.0,0.0,0.0,0.0,0.0
0.0,0.0,0.0,0.0,0.0,0.0,0.0,0.0,0.0,0.0,0.0,0.0,3.4815642628669794,3.4972456421376625,3.5287330948701583,3.576097671728018,3.6429040866739553,3.738414946155002,3.882821174719634,4.1067100686279625,4.443534806178017,4.920186637537714,5.542027476954509,6.261427965471367,6.926076537140603,7.264212635313186,7.264212635165645,6.926076536839331,6.2614279651220786,5.542027476647409,4.920186637365898,4.443534805777118,4.106710068382118,3.882821174143572,3.7384149452775106,3.642904086529738,3.576097671024465,3.528733094289544,3.4972456417745637,3.4815642627167263,0.0,0.0,0.0,0.0,0.0,0.0,0.0,0.0,0.0,0.0,0.0,0.0
0.0,0.0,0.0,0.0,0.0,0.0,0.0,0.0,0.0,0.0,0.0,0.0,3.4815642629515535,3.4972456421382274,3.528733094902132,3.5760976716846082,3.6429040864117956,3.7384149465566963,3.882821174506715,4.1067100685427365,4.4435348059458395,4.920186637573566,5.542027476875261,6.261427965363271,6.926076537122149,7.2642126352133864,7.26421263514259,6.926076536925453,6.261427965277659,5.542027476575978,4.920186637410699,4.443534805900723,4.10671006809586,3.8828211738947616,3.7384149462127323,3.6429040860691715,3.576097671246247,3.5287330945552635,3.497245641861467,3.4815642626982006,0.0,0.0,0.0,0.0,0.0,0.0,0.0,0.0,0.0,0.0,0.0,0.0
0.0,0.0,0.0,0.0,0.0,0.0,0.0,0.0,0.0,0.0,0.0,0.0,3.4667602542823897,3.482761049913423,3.5146533525824992,3.5622289982034387,3.628916183039616,3.7240701734840234,3.868186043891499,4.092052967259444,4.429078204027277,4.906005487518627,5.528085368345776,6.247645799011501,6.91238074924437,7.250554052132521,7.250554052171708,6.9123807493429394,6.247645798745392,5.528085368219962,4.906005487204145,4.42907820380656,4.092052967178274,3.8681860437371727,3.724070173253902,3.6289161826197414,3.562228998202362,3.5146533524295696,3.4827610494065167,3.466760254042956,0.0,0.0,0.0,0.0,0.0,0.0,0.0,0.0,0.0,0.0,0.0,0.0
0.0,0.0,0.0,0.0,0.0,0.0,0.0,0.0,0.0,0.0,0.0,0.0,3.4367170688074773,3.453562288795111,3.4864642736436124,3.534552044675346,3.601007937441706,3.6954783582159303,3.8391452225318403,4.063163166828203,4.400771100192623,4.878380125448504,5.501018825839378,6.220944479590705,6.88587567354864,7.22413319045112,7.224133190348281,6.885875673457813,6.220944479707958,5.501018825510996,4.878380125134396,4.4007711000292495,4.063163166743693,3.8391452224859015,3.69547835815752,3.60100793750042,3.53455204492779,3.4864642733918694,3.4535622885582966,3.4367170682877775,0.0,0.0,0.0,0.0,0.0,0.0,0.0,0.0,0.0,0.0,0.0,0.0
0.0,0.0,0.0,0.0,0.0,0.0,0.0,0.0,0.0,0.0,0.0,0.0,3.390031803375558,3.4088898058503556,3.443927006638235,3.4930132919063075,3.5591324020116106,3.652704499787997,3.7961024824824845,4.020869148471504,4.359795622438159,4.838726406844108,5.4623785267500695,6.182946674690057,6.848220090639202,7.1866236326527115,7.18662363266338,6.8482200907548965,6.182946674597572,5.462378526526116,4.838726406773348,4.3597956222086065,4.020869148338989,3.7961024826004897,3.6527044998206812,3.559132402128008,3.4930132919192967,3.443927006715408,3.4088898056182937,3.390031802896491,0.0,0.0,0.0,0.0,0.0,0.0,0.0,0.0,0.0,0.0,0.0,0.0
0.0,0.0,0.0,0.0,0.0,0.0,0.0,0.0,0.0,0.0,0.0,0.0,3.3228612974013045,3.3468313904090174,3.3862503622716846,3.437085385270904,3.502806371343301,3.595645792496062,3.739658386471265,3.9664501799516607,4.307897190695899,4.789052166829245,5.4143039449986725,6.135854571313091,6.801645400062431,7.140268241669774,7.140268241916001,6.801645400167264,6.135854571328494,5.41430394516581,4.789052166694412,4.307897190612275,3.966450179959516,3.7396583865461057,3.595645792521222,3.502806371553357,3.437085385133406,3.386250362042844,3.3468313903368965,3.322861297289665,0.0,0.0,0.0,0.0,0.0,0.0,0.0,0.0,0.0,0.0,0.0,0.0
0.0,0.0,0.0,0.0,0.0,0.0,0.0,0.0,0.0,0.0,0.0,0.0,3.2252091823235083,3.2636604671571754,3.311713021598781,3.3652946444973977,3.4309411360458593,3.524284559162747,3.670976889544063,3.901867720762743,4.247431691946604,4.731865567636121,5.359348102352547,6.082229803390833,6.748713523223218,7.087628189285349,7.087628188953058,6.7487135230566295,6.082229803888901,5.359348102735062,4.731865568002169,4.247431692044517,3.9018677207893435,3.6709768894588275,3.5242845595165946,3.4309411359034847,3.3652946441152927,3.311713021536361,3.263660467177643,3.22520918201322,0.0,0.0,0.0,0.0,0.0,0.0,0.0,0.0,0.0,0.0,0.0,0.0
2.39513888164338,2.396730983768414,2.4017049911653046,2.410685953987214,2.4248225087145006,2.4459425675873905,2.4767367576704467,2.5208652983858575,2.582745498445465,2.6666379344343243,2.774945319925238,2.9077366563289924,3.071460922877729,3.1559302175433017,3.218081086768099,3.2756287121914553,3.343089623671438,3.440093394737904,3.592698328782469,3.8301473366780865,4.181411594411808,4.670052236475703,5.300278782780811,6.024762217044887,6.692072150316602,7.031333282347819,7.031333282674171,6.6920721506874585,6.02476221685574,5.3002787831312155,4.670052237012871,4.181411594982198,3.830147336916122,3.592698328844594,3.440093394577955,3.343089623688909,3.275628711959784,3.218081086404064,3.1559302173501456,3.0714609227734697,2.907736656210442,2.774945319614058,2.6666379337431314,2.5827454982190656,2.5208652979902095,2.4767367570235304,2.4459425680270863,2.4248225086309696,2.410685954351847,2.401704991241727,2.3967309838412834,2.3951388815475205
2.394473980905207,2.396007198461898,2.400790346184068,2.40940123590936,2.4228931109856173,2.442921161597615,2.4718780972272985,2.5129330306217863,2.5697396992094186,2.645436449142049,2.740644248931882,2.850903623585328,2.9641105347054144,3.0470736613744793,3.1120955937695736,3.17240607065932,3.244286518786004,3.3484378637403913,3.5097192091795844,3.7554370235105234,4.113327266334037,4.6066433970170655,5.23984578572212,5.966044999982507,6.634235775455526,6.973865745238203,6.9738657452188075,6.6342357758544885,5.966045000571523,5.239845785733752,4.606643397266177,4.113327266980085,3.755437023836868,3.5097192094986402,3.348437863870266,3.2442865184778453,3.1724060704196675,3.112095593466846,3.0470736610438314,2.9641105344192074,2.850903623426907,2.740644248877582,2.6454364491021507,2.569739698863226,2.51293303044707,2.471878096955009,2.4429211612873596,2.4228931112295093,2.4094012358166217,2.4007903462525935,2.3960071984058664,2.3944739807768802
2.393205510939575,2.3946299092591197,2.3990619389651924,2.406998169138945,2.41933078449163,2.437431436822484,2.463223210194838,2.4991465529636794,2.54783315882298,2.611218832554596,2.6889242851230715,2.7762958750102724,2.8634166412253896,2.937238865775049,3.000991475686199,3.0645906153236093,3.1433293779580724,3.256741479456549,3.427788855360637,3.682098419099926,4.0465860181308795,4.544457301372183,5.180529405884383,5.908376455233602,6.577412323824507,6.917396544193782,6.9173965446558885,6.577412323921002,5.908376455570334,5.180529406485446,4.544457301732906,4.0465860180989335,3.6820984194056376,3.427788855773773,3.2567414796375735,3.143329377986953,3.064590615114742,3.000991475319088,2.937238865210365,2.863416640992105,2.776295874859089,2.6889242852164235,2.6112188326450374,2.5478331588505596,2.4991465529057066,2.4632232102175813,2.4374314367434895,2.419330784457707,2.4069981689588733,2.399061938844839,2.3946299088341587,2.3932055106328423
2.391443675294283,2.3927242861917395,2.396695443523031,2.403757756283004,2.414618000139352,2.430333554417659,2.4523331576374567,2.4823428514000225,2.5220953412712963,2.572678701941012,2.633500048638602,2.7012626142167204,2.7700657737551118,2.834332920531431,2.895989453140738,2.9631479051987126,3.04920575038319,3.171709647585692,3.351755757888726,3.6136996183027836,3.9839497245620294,4.4857763495481064,5.124339429060136,5.853618692455984,6.5233896646830445,6.863682810259011,6.863682809942789,6.523389664969228,5.853618692631565,5.124339429445461,4.485776349961271,3.9839497245654703,3.6136996182288335,3.3517557579379353,3.171709647711035,3.0492057505460055,2.963147905150264,2.8959894530310915,2.8343329201003624,2.7700657732599643,2.7012626140673017,2.633500048545768,2.5726787021696857,2.5220953415395004,2.4823428515252948,2.452333157655602,2.430333554458665,2.414618000159607,2.4037577564681896,2.3966954431356036,2.392724285899983,2.3914436747286416
2.389327300982237,2.3904459564669756,2.3939020774193045,2.400002880509136,2.4092799643102936,2.4225063437139296,2.4406884284259087,2.464986993445193,2.4965005581898425,2.5358546920571805,2.5826443585028396,2.635038072170648,2.690209271702867,2.746329963065478,2.805783623149297,2.8756854556366536,2.967680722082089,3.09745661642231,3.284587088580909,3.5524967630368938,3.9272515648607267,4.4321852289961265,5.072716631061706,5.803131992703265,6.473486277990841,6.8140252158669705,6.8140252158733645,6.473486277860106,5.803131992721226,5.0727166311825505,4.4321852289007,3.9272515649147026,3.5524967632528206,3.28458708835406,3.0974566164085258,2.9676807219608263,2.8756854558355576,2.8057836231606177,2.7463299629856692,2.690209271244052,2.63503807176741,2.5826443583452323,2.5358546920709655,2.4965005583670017,2.4649869937509337,2.440688428556894,2.4225063435920213,2.4092799642405645,2.400002880733573,2.393902077636444,2.3904459560882074,2.389327300682213
2.3870022296535667,2.3879558264588336,2.3908914028041517,2.3960362556780272,2.4037767742561447,2.414660888504627,2.4293806141356153,2.448709328409632,2.4733642195209784,2.5037838181702514,2.539882463899646,2.580983007271102,2.6262702629923864,2.676028172121264,2.733303378589107,2.804689804173297,2.900594633443924,3.0353316268947483,3.2273688025847767,3.4994609153526954,3.8774133357956857,4.384579153032139,5.026537938784356,5.757780411260451,6.428558249648012,6.769275935885096,6.769275936031589,6.4285582494238955,5.75778041099757,5.0265379386158,4.384579152784297,3.877413335824006,3.49946091533196,3.2273688027884586,3.0353316267000148,2.900594633363015,2.804689804186209,2.7333033786523204,2.676028172017622,2.6262702629037022,2.580983006905243,2.539882463658028,2.5037838178972036,2.473364219508828,2.4487093284371495,2.4293806143981307,2.4146608885550154,2.4037767741401934,2.3960362555303765,2.3908914029837907,2.387955826699747,2.387002229425222
2.3846034439921184,2.3854002280503503,2.387845290591901,2.3921037477933647,2.3984526457773345,2.4072783754815537,2.4190615403072835,2.4343378435292626,2.453626199692209,2.477332869986712,2.505683866386486,2.538804391937367,2.5771091705046874,2.622089280057311,2.6772992298323857,2.7490871817305442,2.847107528244926,2.9847878833926518,3.1798592468452993,3.4546098456902814,3.8346392312845725,4.343279789300205,4.986191945856956,5.7179878431647655,6.389046722947952,6.729882915012368,6.729882914749188,6.389046722851132,5.717987843024809,4.986191945496943,4.343279789085148,3.834639231118745,3.454609845664187,3.179859246961127,2.9847878835551995,2.8471075281531846,2.7490871815714657,2.6772992297758167,2.6220892799983915,2.5771091704393676,2.538804391796973,2.5056838660269274,2.4773328697855392,2.4536261995128323,2.434337843437648,2.4190615401267443,2.40727837571574,2.398452645858323,2.392103747650093,2.3878452904467875,2.385400228166779,2.3846034442271726
2.382243379734487,2.382898766112164,2.3849048902967906,2.388381955153552,2.3935306041688587,2.4006298409300633,2.4100292312058444,2.4221321280034642,2.437370947679387,2.4561882245979785,2.4790611128725475,2.506636458532987,2.5400542729334297,2.581489746379729,2.6348286034588146,2.706318989380559,2.8051994776600884,2.944373350871584,3.14111165389238,3.417391001512704,3.798652884373144,4.308187935615394,4.951685174152514,5.683820049137573,6.3550481473959355,6.695955406918838,6.6959554069684515,6.355048147425769,5.683820049143879,4.951685173916749,4.308187935523699,3.7986528843022933,3.41739100151988,3.141111653877213,2.944373350778725,2.8051994777857177,2.7063189893966713,2.6348286032306225,2.581489746320876,2.540054272766447,2.506636458391319,2.4790611127993727,2.4561882244513296,2.4373709473054284,2.4221321277828123,2.410029231055316,2.400629840770525,2.3935306043275246,2.3883819550928935,2.384904890192426,2.382898765997945,2.3822433794866043
2.380006487259323,2.3805394201944092,2.3821679886947456,2.3849818571111507,2.3891314458990704,2.394828759292733,2.4023477550948726,2.4120251416396505,2.4242664638438116,2.4395705502470166,2.4585980691311473,2.4823227457385912,2.5123053347506983,2.551107433289061,2.6028194269258265,2.673659586987371,2.7726523000416203,2.9124084123345426,3.1099256861276383,3.3869807940060914,3.7688995997092367,4.2789263419978285,4.922749988866134,5.655073034296571,6.326392529861038,6.667337968529341,6.66733796849695,6.326392529904461,5.655073034412644,4.922749988962362,4.278926342048438,3.768899599775922,3.386980793975608,3.1099256861280975,2.9124084123259277,2.772652299805672,2.673659586904853,2.602819426963372,2.5511074330568597,2.5123053346093913,2.482322745618936,2.458598069068887,2.4395705501337264,2.4242664636816924,2.4120251412691878,2.4023477549345515,2.3948287592645054,2.389131445644702,2.3849818570179595,2.3821679884504556,2.380539420011018,2.3800064870789988
2.377948796606593,2.378379044501979,2.3796928589860284,2.3819601769748493,2.385300087044633,2.3898851027523618,2.395948560157028,2.403797866283594,2.4138394194141872,2.4266262113798316,2.4429459816980637,2.463973914353966,2.491514617299467,2.528349795904745,2.5786952887972583,2.648769956150759,2.7474945693694295,2.8873238666445276,3.0850990715376803,3.362472796192771,3.7446901119672718,4.254953488617869,4.898939015989421,5.631355671328709,6.302719497987292,6.6436836219108875,6.643683622016078,6.30271949807593,5.631355671285412,4.898939016141792,4.2549534888185985,3.7446901120800025,3.3624727964133823,3.0850990715144273,2.8873238664770233,2.7474945692043438,2.648769955892564,2.5786952884295555,2.5283497958464984,2.491514617194892,2.4639739142018957,2.442945981544552,2.426626211363216,2.4138394194389674,2.4037978661627872,2.395948559854082,2.3898851023660757,2.3853000869464607,2.381960176707656,2.379692858878345,2.378379044350636,2.3779487964106365
2.3761007930075184,2.376447194332156,2.3775052595815893,2.379332748524216,2.3820301224982727,2.3857478931517258,2.390699372449219,2.397182156984822,2.4056140538848845,2.416592531868491,2.4309909162420786,2.450108344692676,2.475892387768849,2.51125264642984,2.5604830618933514,2.629814356464277,2.7281208803349863,2.8677771271743047,3.065537164885025,3.342978629924371,3.7252921833109545,4.235646607923361,4.879701215537177,5.612160790562822,6.283546290610477,6.6245203775480945,6.624520377678024,6.283546290598185,5.612160790556392,4.879701215558599,4.235646608039217,3.725292183518628,3.342978630072638,3.065537164903888,2.8677771270749868,2.7281208801863213,2.6298143561473704,2.5604830616725907,2.511252645937156,2.4758923876123564,2.4501083446958485,2.4309909161015324,2.416592531766631,2.405614053978501,2.397182156976718,2.390699372251956,2.3857478928753877,2.3820301220122024,2.37933274846475,2.377505259515894,2.376447194285665,2.3761007930662075
2.3744720800968584,2.3747515594352238,2.3756063228703073,2.3770869315710508,2.379283296312667,2.382334446502516,2.3864450549075813,2.39191214734388,2.399167263938951,2.408841781075554,2.421866052064563,2.4396161782966184,2.4641252898511725,2.4983794337301415,2.546722494063104,2.6153997042046306,2.7132672355665917,2.8526600236203574,3.0502848214837672,3.3276749184397802,3.7099853612476297,4.22035947788925,4.864440179301219,5.596922991179861,6.268324941234866,6.609308028661663,6.609308028631808,6.268324941190325,5.596922991155717,4.8644401792990335,4.220359477789272,3.709985361394963,3.3276749185541,3.0502848214518314,2.8526600234927146,2.713267235478432,2.6153997040878356,2.546722493568722,2.498379433551084,2.46412528962658,2.4396161781988264,2.421866052039866,2.4088417808862035,2.3991672638196797,2.3919121474858964,2.386445054986659,2.3823344463622473,2.379283296072614,2.377086931344067,2.375606322672313,2.374751559465257,2.3744720800405434
2.3730566502722414,2.3732837871784382,2.3739800564321007,2.375191953586781,2.377003737249147,2.379548965761328,2.3830295676267994,2.387745772185718,2.394141743788194,2.4028737414810117,2.4149101144879968,2.431675522966418,2.4552556614576577,2.4886837876809813,2.5363366869823447,2.6044732581240746,2.7019447817565503,2.8410678827307914,3.038524377627228,3.315821875607504,3.6980926577869284,4.208461586028839,4.852557165670555,5.585063487937836,6.256487890794909,6.597484023884573,6.597484023680933,6.256487890730553,5.585063487900652,4.8525571655218505,4.208461585986647,3.6980926577423974,3.3158218755912796,3.0385243775661377,2.8410678826367324,2.7019447815860276,2.6044732578611938,2.5363366869120187,2.488683787449298,2.455255661381669,2.4316755228045737,2.414910114282226,2.4028737414147474,2.3941417435950165,2.387745772300636,2.3830295678256443,2.3795489657800655,2.3770037372412203,2.375191953344389,2.3739800564062414,2.373283786964408,2.3730566503837887
2.3718379809656533,2.3720249313699426,2.372599835361257,2.373607009196103,2.375127904808541,2.3772938695577825,2.380306887264557,2.3844714631782553,2.3902421768279956,2.3982931898506714,2.4096183178026247,2.425673459603991,2.4485775246345924,2.4813939075064417,2.528521694074946,2.596231442257654,2.69337540318543,2.8322627472185484,3.0295627648913555,3.306768621877802,3.6889984002493947,4.199363919515373,4.843481571575439,5.576023180670373,6.247482386564802,6.588498414960533,6.5884984147293535,6.247482386396764,5.576023180521358,4.843481571499819,4.199363919472918,3.6889984001176797,3.306768621598143,3.029562764695558,2.832262747211214,2.6933754028798678,2.5962314420174035,2.5285216939133646,2.481393907545576,2.4485775245641803,2.4256734594718465,2.409618317768675,2.3982931897408983,2.3902421769448687,2.384471463052531,2.3803068872247723,2.3772938694560604,2.375127904838452,2.3736070093325594,2.372599835439141,2.3720249315401043,2.3718379808838943
2.3707934775106905,2.3709501107718243,2.3714336439462818,2.372287310476452,2.3735913314548887,2.3754765044446233,2.378146016130581,2.3819085056481577,2.38722668140147,2.394787455048944,2.4056018644350354,2.4211463076661546,2.4435612629230135,2.475929964673144,2.522666996292328,2.590052430965156,2.6869417872603085,2.8256422180050693,3.022817332595499,3.299952601401408,3.6821575515526304,4.1925349664828,4.836691166234108,5.569285412342387,6.240794630589773,6.581838611344826,6.581838611413985,6.240794630292676,5.569285412160119,4.836691166114144,4.1925349662747085,3.682157551412289,3.2999526011766283,3.022817332310395,2.8256422176336025,2.6869417872053702,2.590052430687936,2.52266699617073,2.4759299645193376,2.4435612628535353,2.4211463078075153,2.4056018645680144,2.3947874552091917,2.387226681377867,2.38190850566534,2.3781460158910224,2.3754765042975845,2.3735913312821295,2.3722873106303366,2.3714336441772756,2.3709501112152482,2.370793477707126
2.369898043808647,2.370032186039723,2.370448045526378,2.3711883820231194,2.372333014773188,2.374012961408638,2.376432930801327,2.3799050972159024,2.384898310845988,2.3921085266907816,2.40255853895746,2.417738453341003,2.43980310632941,2.4718491583698943,2.5183022065424603,2.5854499413466896,2.6821518241784568,2.820715647719586,3.017803128734045,3.2948961154748617,3.6770992947134387,4.187509295576191,4.8317239982617854,5.564389964929932,6.235964974808908,6.5770451146870945,6.577045114651989,6.23596497456452,5.5643899647316,4.831723998171769,4.187509295389677,3.6770992944957586,3.29489611522445,3.0178031283906726,2.8207156473919497,2.6821518238536854,2.585449941279515,2.518302206450408,2.4718491583522213,2.439803106261414,2.4177384534057307,2.4025585390980497,2.392108526904619,2.3848983111048945,2.379905097050203,2.3764329306273666,2.374012961446481,2.372333014637448,2.371188381946004,2.370448045632547,2.370032186205844,2.369898044468168
2.3691267145603714,2.369244438683988,2.369610966441877,2.370268903478542,2.3712980728068596,2.3728300101644035,2.375070885612864,2.3783357133086964,2.3830978967627963,2.390059794136786,2.4002523059483263,2.4151748617377065,2.4369920752494885,2.4688099215719435,2.5150619948361013,2.5820420659244245,2.67861352994817,2.817086087385369,3.014121674448467,3.291201013751181,3.6734264114649484,4.183890393343803,4.828183629145844,5.560939853725359,6.232595639938525,6.573719662292568,6.573719662246335,6.232595639895312,5.560939853433592,4.828183629012857,4.1838903932503495,3.673426411168506,3.2912010133865333,3.0141216741339005,2.817086087080523,2.6786135296899793,2.582042065921414,2.515061994831068,2.468809921519322,2.4369920752737415,2.4151748617241737,2.4002523060261587,2.3900597944028164,2.3830978968371253,2.3783357133606375,2.37507088560903,2.3728300100408255,2.3712980729979094,2.3702689034488245,2.3696109664017757,2.369244438651182,2.3691267146992327
2.368456408550534,2.3685623349224056,2.368893454275074,2.369492376304292,2.37043910173385,2.3718657472742986,2.3739797430254694,2.37709830175625,2.38169816367565,2.388486232220738,2.3984990510467044,2.4132425005960796,2.4348879957945893,2.4665481337656967,2.512662450750202,2.579529615988368,2.6760167090395335,2.814435922074402,3.011450612627919,3.2885419388741415,3.6708114793479796,4.181349112270774,4.8257391946051715,5.558602470372386,6.230352515544104,6.571527334453024,6.571527334496271,6.230352515591309,5.558602470277642,4.825739194202067,4.181349112152445,3.6708114791188087,3.288541938536425,3.011450612330035,2.8144359218706936,2.6760167089778903,2.5795296158995984,2.512662450811617,2.466548133762767,2.4348879957587775,2.4132425005753544,2.398499051264201,2.388486232335162,2.3816981638304537,2.377098301639106,2.3739797430732636,2.371865747502146,2.370439101711332,2.3694923763083877,2.36889345435635,2.368562334969501,2.3684564084432527
2.367866938433585,2.367964515653062,2.3682705999653444,2.368827874174407,2.369716572985293,2.371069356294332,2.373094676230398,2.3761114167195294,2.3805987538147284,2.3872668295209087,2.397156167151475,2.4117771876183856,2.43330614692187,2.4648604748497585,2.5108842425587423,2.5776801390942254,2.6741186381301327,2.8125146812839645,3.0095337522767847,3.286658450008198,3.6689907557073598,4.17961894084488,4.824121695320107,5.557106575046963,6.2289625822052646,6.570194180501615,6.570194180569993,6.228962582279032,5.557106574956242,4.824121695084083,4.179618940709345,3.6689907555028585,3.2866584497480185,3.0095337521048324,2.8125146812120727,2.674118638114105,2.577680139077483,2.510884242456683,2.4648604750012235,2.4333061469829613,2.4117771877451317,2.3971561672537085,2.387266829700454,2.3805987537052435,2.376111416811441,2.3730946762359464,2.371069356187112,2.369716573242815,2.368827874184191,2.368270599870533,2.3679645157698843,2.3678669386182674
2.3673414290384267,2.3674331829627735,2.3677218213693463,2.3682501247904373,2.369098561299116,2.370400255566865,2.3723644708400053,2.3753113466991067,2.3797218406530245,2.3863084272209942,2.3961144769745686,2.410653677755047,2.4321058212713997,2.463591972578025,2.509559774297106,2.5763153033571955,2.672732168907598,2.8111281744627954,3.008171361781534,3.285346438583921,3.667756580538404,4.1784892060327605,4.823117801965448,5.556236518419504,6.228208396350005,6.569501827363774,6.569501827384279,6.228208396363201,5.556236518461635,4.823117801939303,4.178489205861133,3.667756580388587,3.2853464383633457,3.008171361714832,2.8111281744499594,2.6727321689295502,2.576315303288846,2.509559774399145,2.463591972682645,2.4321058215182316,2.4106536778749845,2.39611447714078,2.3863084271681747,2.3797218406808676,2.3753113467506988,2.372364470718132,2.3704002557228034,2.369098561178583,2.3682501248269787,2.3677218214325495,2.3674331829375013,2.3673414292532873
2.3668663097841987,2.366954058275338,2.3672307083467516,2.3677391386482216,2.368560028001869,2.3698268873670214,2.371749610005674,2.3746492850937644,2.3790081834647934,2.385540484804618,2.3952916425751303,2.4097777555946016,2.4311812824552077,2.4626261192233003,2.50856282507152,2.5753004179351726,2.6717154436756094,2.8101286172852933,3.0072108183194346,3.284449324483456,3.666949075583478,4.1777971916218215,4.822562294411363,5.5558249086644125,6.227920897516145,6.569280354309313,6.569280354299738,6.2279208976214715,5.555824908794563,4.822562294535083,4.177797191370704,3.666949075356665,3.2844493244356934,3.0072108182222452,2.8101286173955597,2.6717154437801676,2.5753004181373096,2.508562825123093,2.462626119383229,2.4311812827701202,2.409777755875661,2.395291642433409,2.3855404846885966,2.3790081834926804,2.3746492851115253,2.371749610200757,2.369826887156963,2.3685600281431642,2.367739138686707,2.367230708283157,2.366954058159122,2.3668663099691822
2.366431038458141,2.3665160680785546,2.366784589226887,2.3672795715896613,2.368081875275929,2.3693253244158936,2.3712203087379518,2.374088636897852,2.378413568529138,2.3849105573835243,2.394626622477335,2.409079704374687,2.430454345808379,2.461876736810286,2.5077999097055916,2.574535517920494,2.6709628979590687,2.8094057055652177,3.006537849493303,3.2838495096157687,3.666447809241961,4.17741998956915,4.822330058859276,5.555744709073666,6.227971568094471,6.5694004815785,6.569400481625911,6.227971568241295,5.555744709221299,4.822330058956988,4.177419989453852,3.6664478090171952,3.2838495096402966,3.006537849583745,2.809405705653903,2.670962898174535,2.574535518264971,2.5077999100094592,2.461876736905469,2.4304543459291184,2.409079704667382,2.3946266225130057,2.384910557090763,2.3784135683893717,2.374088637059773,2.3712203087136636,2.3693253246555694,2.368081875093382,2.3672795715926607,2.366784589365593,2.366516067982479,2.36643103835473
2.3660276758258942,2.366110883761713,2.3663739649487683,2.3668599681496607,2.3676499083304345,2.3688778666384516,2.37075462253409,2.3736025468467514,2.3779056577449316,2.384380392855591,2.39407498971328,2.408508848051054,2.4298682081844287,2.4612811969516724,2.5072030229235676,2.5739477664307384,2.670397456954005,2.808878712474083,3.0060686119661986,3.2834604829899217,3.666163951656206,4.17726670527608,4.822328332345359,5.555901508663515,6.22826471684288,6.569765859449865,6.569765859443192,6.22826471684261,5.555901508711976,4.822328332335944,4.177266705284639,3.666163951535137,3.283460483091192,3.0060686121583315,2.8088787126791415,2.670397457200549,2.5739477666689186,2.5072030233129676,2.4612811972317408,2.4298682082470533,2.4085088479130365,2.3940749897990585,2.3843803928471763,2.3779056577209268,2.373602546742107,2.3707546227063085,2.3688778666682917,2.3676499084549465,2.3668599680704596,2.3663739647466184,2.366110883880844,2.366027675738215
2.3656504110665524,2.365732414239069,2.365991901631454,2.3664719931507716,2.3672538344190475,2.368471717502991,2.3703367388127536,2.3731717154265177,2.3774612712985332,2.3839226277666428,2.393605010057105,2.408029021634831,2.4293823463844806,2.460794808494439,2.5067235951245457,2.573485074470522,2.669963906638802,2.808489691459946,3.005742785540976,3.2832198528950185,3.6660332707173953,4.177271431275447,4.822489659677074,5.556226463140269,6.2287304062388404,6.570305988214796,6.570305988196705,6.228730406137712,5.556226463007414,4.82248965960568,4.177271431284942,3.6660332707996033,3.283219852878984,3.005742785869299,2.8084896917136,2.669963906944908,2.5734850747393914,2.506723595322572,2.4607948087866482,2.429382346523853,2.408029021570667,2.3936050098630077,2.383922627923531,2.3774612712854877,2.3731717155685965,2.370336738839863,2.368471717575404,2.367253834389488,2.3664719930692986,2.365991901499095,2.365732413976113,2.365650410948626
2.365295095540395,2.3653763124040563,2.365633461211538,2.366109722286638,2.366886353534194,2.368097825305915,2.3699554958262596,2.3727825511790237,2.3770641122167318,2.3835180535824696,2.3931944300654715,2.40761488338109,2.4289683683954997,2.460386249331954,2.5063275594027794,2.5731108646907668,2.669623414502274,2.808197810369863,3.0055177715248114,3.283083445002444,3.6660101585707414,4.177387218805858,4.822765822161531,5.556670187693487,6.229318320191634,6.570970072434494,6.570970072418047,6.229318320095622,5.5566701875405,4.822765822118926,4.177387218842817,3.666010158799444,3.2830834450747757,3.0055177717003545,2.80819781064141,2.6696234147363263,2.5731108650099235,2.506327559679486,2.460386249487366,2.4289683684871526,2.4076148833417736,2.393194430071118,2.383518053577134,2.377064112362851,2.372782551219764,2.3699554959441906,2.3680978253417164,2.36688635349503,2.366109721947855,2.365633460928138,2.3653763121687796,2.365295095401462
2.3649588285644527,2.3650395421248422,2.365295196983494,2.3657690278308383,2.3665423907487426,2.367749908468084,2.36960316303763,2.372425654214655,2.37670292813849,2.3831534213062198,2.3928279158565977,2.4072489775905686,2.4286067189361047,2.460033938189624,2.505991426924619,2.572799886836565,2.669349131259338,2.80797478173879,3.0053639863230845,3.283020492687575,3.66606273945939,4.177581122296644,4.8231228294835224,5.557197709214159,6.229992686070644,6.571721927676663,6.571721927604078,6.229992685917356,5.557197709174206,4.8231228295279545,4.177581122402308,3.666062739625188,3.2830204929560214,3.0053639862784878,2.807974781948025,2.6693491313925874,2.5727998870973483,2.5059914271774373,2.460033938421267,2.428606718963943,2.407248977550175,2.3928279159273402,2.3831534213891565,2.376702928279068,2.3724256542434747,2.3696031631541437,2.3677499083787947,2.3665423905532057,2.3657690277253356,2.365295196686027,2.365039541733722,2.3649588287252805
2.3646396131434275,2.3647200120685623,2.3649747398747603,2.3654470791268345,2.36621847165452,2.3674236750720388,2.3692744684642,2.3720946253532493,2.376370068262504,2.382819733742301,2.3924950607711053,2.406919462552782,2.428284132668641,2.4597232303116425,2.5056992443454127,2.5725349699805515,2.6691227668054425,2.8078012916607284,3.005261172554177,3.2830098520598363,3.6661690087094096,4.177830276877016,4.823536948622362,5.557784454987757,6.230728235972917,6.572535927698954,6.5725359276479915,6.230728235806674,5.557784454942441,4.823536948664115,4.177830276947903,3.6661690088012593,3.2830098522491955,3.005261172660817,2.807801291755939,2.6691227670511966,2.5725349700161058,2.5056992445461166,2.459723230383549,2.4282841327633182,2.406919462700643,2.3924950607636615,2.3828197337313353,2.3763700682912705,2.3720946255207718,2.369274468389207,2.3674236751512794,2.3662184714781205,2.3654470790514077,2.3649747398727152,2.3647200120139584,2.364639612980297
2.364336079150882,2.3644162916456457,2.3646704725763685,2.36514194821833,2.3659122385992997,2.367116222602912,2.368965854066764,2.371785156033869,2.376060390007663,2.382510950811441,2.3921888852282245,2.406618401282408,2.427991718392299,2.4594443054552744,2.5054403049752074,2.5723045730980183,2.668932002939574,2.807664295245338,3.0051955978544433,3.28303712023596,3.666313887656679,4.178118900774637,4.823991662911052,5.558413178572736,6.231507108905133,6.573393894841996,6.573393894730183,6.23150710881844,5.5584131784548685,4.823991662790139,4.178118900687618,3.6663138877904182,3.2830371203986033,3.0051955980576706,2.8076642953766475,2.668932003240204,2.5723045731855634,2.505440305004494,2.459444305457657,2.4279917183486286,2.40661840139369,2.392188885330378,2.38251095082104,2.376060389921846,2.371785156095101,2.3689658542407295,2.3671162224806492,2.3659122387934604,2.3651419483493026,2.364670472489265,2.3644162915708886,2.3643360791576824
2.364047280483151,2.3641273912691227,2.3643812820462973,2.3648523179490093,2.365622090195909,2.3668255873527726,2.3686749260319773,2.3714943559475294,2.3757704534145776,2.3822230412250525,2.391904738356114,2.4063405085323564,2.4277235572488074,2.4591906248439432,2.505207472350032,2.5721009910563306,2.66876859382834,2.807555028440962,3.005157990216682,3.2830925103708624,3.666487046778327,4.178436076309126,4.824475419092105,5.5590716800620585,6.232316552052178,6.574282790650548,6.574282790587534,6.2323165519052175,5.559071679877873,4.82447541884531,4.178436076257928,3.6664870468725947,3.283092510553469,3.005157990496384,2.807555028615083,2.6687685939147716,2.5721009913483743,2.5052074722947535,2.4591906247171735,2.427723557133983,2.406340508433378,2.3919047383977627,2.3822230414195142,2.375770453509314,2.3714943560162625,2.36867492621004,2.3668255875446,2.365622090158622,2.364852317980202,2.364381282127509,2.3641273912843905,2.3640472800063175
2.363772538124619,2.3638526072623147,2.3641063831082056,2.3645772679433095,2.3653469183714253,2.3665504262335717,2.368400056927062,2.371220273112584,2.3754979468923794,2.3819533056456095,2.391639513213365,2.4060822600269556,2.427475706179259,2.4589578319104937,2.5049959872289302,2.5719190748020204,2.668627010272149,2.807467586738091,3.005142062183889,3.2831693285191976,3.666681344033075,4.1787741566248355,4.824980008150654,5.559751165967031,6.233147265522015,6.5751930542216614,6.57519305419754,6.233147265410312,5.559751165790344,4.824980007947926,4.178774156625744,3.666681344087393,3.2831693287080856,3.0051420624145737,2.8074675869553163,2.668627010263297,2.5719190748966785,2.5049959870881677,2.458957831707523,2.427475706053297,2.4060822598666394,2.391639513245376,2.38195330577563,2.3754979472339723,2.3712202733848646,2.368400057001829,2.366550426236989,2.3653469184926132,2.364577267776211,2.3641063831512974,2.3638526071846484,2.363772538302509
2.363511342329885,2.363591409930833,2.363845192550954,2.364316126427494,2.365085929852969,2.3662897894956867,2.368140111814535,2.3709615601844733,2.375241287382911,2.381699906041452,2.3913911047460537,2.4058412753596823,2.4272455067752685,2.458742990890301,2.504802639831987,2.571755342777546,2.6685034991072776,2.807397937793677,3.005143483042353,3.283262912606856,3.6668917361253826,4.17912765362634,4.825499433718183,5.560445102604245,6.233992245696257,6.576117439314486,6.576117439349208,6.233992245707581,5.560445102553468,4.825499433679782,4.179127653574659,3.6668917361702134,3.28326291274316,3.0051434831951194,2.8073979378705514,2.668503499131726,2.571755342630068,2.504802639664147,2.4587429906094656,2.4272455066961176,2.405841275343177,2.3913911048177603,2.3816999062525817,2.3752412875779148,2.370961560416514,2.368140111777936,2.3662897893934725,2.3650859296351117,2.3643161265265626,2.3638451926031574,2.363591409843532,2.3635113422518534
2.3632632755611733,2.3633433705822124,2.3635972467668083,2.364068371479846,2.3648385206828935,2.3660429710680444,2.3678942624755077,2.3707172486720176,2.3749993500845696,2.3814615502959278,2.391158043154519,2.405615901591355,2.427031118815348,2.4585440724450685,2.5046252104723687,2.571607381829991,2.6683954465418847,2.807343252015652,3.005159182625731,3.2833699128460205,3.6671145389886193,4.179492481973011,4.826029143060365,5.561148436357704,6.234845997422747,6.577050222936283,6.577050222974662,6.234845997522243,5.561148436463021,4.826029143228278,4.179492481984488,3.667114538965501,3.2833699128877347,3.0051591826915214,2.8073432519581907,2.668395446510439,2.5716073815722678,2.5046252103909206,2.4585440723372836,2.4270311186336824,2.4056159016930043,2.391158043339262,2.3814615503527032,2.374999350177981,2.370717248646773,2.3678942623717116,2.366042970964924,2.364838520478974,2.364068371537024,2.363597246702259,2.3633433706918665,2.363263275402421
2.36302797052151,2.3631081150077775,2.363362146759132,2.363833564693283,2.3646041981524055,2.365809409865262,2.3676618653072357,2.3704866007804704,2.3747712932052054,2.3812372831725277,2.3909392537203122,2.4054049388058947,2.4268312133273375,2.4583596156278547,2.504462101866418,2.571473451372485,2.668300957505078,2.807301461367142,3.005186891195742,3.283487815481228,3.6673469384213564,4.179865458971646,4.826565517204302,5.56185707628262,6.235704011606508,6.577986680053292,6.577986680077131,6.235704011746621,5.561857076541734,4.826565517412832,4.179865459098513,3.667346938464543,3.283487815434002,3.005186891113519,2.8073014614123664,2.6683009573800405,2.5714734511678476,2.5044621017165674,2.4583596156744445,2.4268312132468384,2.4054049388768313,2.3909392537234306,2.3812372831704796,2.374771293171097,2.370486600582997,2.3676618653121997,2.365809409647839,2.3646041981730934,2.3638335646212765,2.3633621467430923,2.3631081149354545,2.363027971111279
2.362805083389028,2.362885291634565,2.36313952563432,2.36361131168308,2.364382530920464,2.365588626335433,2.367442384807278,2.370269016018555,2.374556444084294,2.3810263538779664,2.390733901941235,2.4052074647389237,2.426644776335143,2.4581885106879806,2.504312101817836,2.571352228928571,2.6682185855553042,2.8072709748842666,3.0052248424576042,3.2836146357812868,3.667586674375002,4.18024398071038,4.82710554107595,5.562567559412938,6.236562426824403,6.578922743655602,6.578922743765847,6.236562426951491,5.5625675596357755,4.827105541290693,4.180243980974841,3.667586674496402,3.2836146357289846,3.0052248424579613,2.8072709749614226,2.6682185855139924,2.5713522287388093,2.5043121015822756,2.4581885106190082,2.4266447763905115,2.4052074646862867,2.3907339018704956,2.3810263538253893,2.3745564439120055,2.3702690158404467,2.3674423846286707,2.3655886262628174,2.364382530870537,2.3636113117295947,2.3631395258840286,2.362885291984423,2.362805083416586
2.362594273607974,2.362674557828136,2.362929028658979,2.363401238503782,2.3641731175527205,2.365380186046389,2.3672353455259474,2.3700639728473987,2.3743542295258244,2.3808281329139076,2.390541298036191,2.40502272527724,2.4264709857820206,2.458029861999079,2.504174235365119,2.5712426504127652,2.668147162910241,2.80725049952274,3.005271586836173,3.2837487244626424,3.667831841045884,4.1806258178128655,4.8276465949884475,5.563276839092297,6.237417815216783,6.579854789693067,6.579854789753108,6.237417815420535,5.5632768392462655,4.827646595266414,4.180625818086228,3.6678318412713864,3.283748724465929,3.0052715869349758,2.8072504995639647,2.6681471628194346,2.5712426502468624,2.504174235120098,2.458029861797745,2.426470985846468,2.4050227251371368,2.3905412980118874,2.3808281327843868,2.3743542292955984,2.370063972641624,2.367235345221997,2.3653801859761874,2.3641731177382366,2.363401238663041,2.3629290288070033,2.3626745583609052,2.3625942738413657
2.3623952003093343,2.3624755697802073,2.362730302635585,2.363202977589087,2.363975570879808,2.36518367613,2.367040304876498,2.3698709941247653,2.3741641340399733,2.3806420624118014,2.3903608386054107,2.4048500676294133,2.426309135776031,2.4578829055716866,2.504047673856335,2.5711438121044177,2.6680856960142822,2.807238930020518,3.005325876258475,3.2838886479133373,3.6680807639681587,4.181008988949193,4.828186325804332,5.563982153641728,6.238267050360658,6.580779503299551,6.580779503417176,6.238267050700433,5.563982153904029,4.828186326113059,4.181008989233434,3.668080764136945,3.2838886480223866,3.0053258762191164,2.807238929847703,2.668085695887901,2.5711438119511993,2.504047673668914,2.457882905435164,2.426309135752865,2.404850067534474,2.3903608383395922,2.380642062225134,2.3741641338446606,2.369870993972538,2.3670403047391173,2.365183676279737,2.3639755709007155,2.3632029776192076,2.3627303028847524,2.3624755700415325,2.362395201141861
2.362207517219337,2.362287977741672,2.3625429916127176,2.3630161616775522,2.3637895080207274,2.364998694439989,2.3668568374293075,2.3696896278085497,2.3739856751954065,2.3804676272309635,2.3901919717987097,2.404688901060329,2.4261585922887003,2.4577469595750596,2.5039316803094374,2.5710549118932966,2.6680333026709833,2.8072352824052684,3.0053865946356826,3.2840331162591876,3.6683319253423132,4.1813916842922545,4.828722568798574,5.564680947239437,6.23910722651412,6.5816937982296775,6.581693798437602,6.239107226900962,5.56468094775773,4.828722569175436,4.181391684587015,3.6683319254255737,3.284033116322345,3.0053865944173057,2.8072352821128894,2.668033302397318,2.571054911753817,2.503931680213617,2.457746959536257,2.42615859211372,2.4046889009756756,2.390191971537464,2.3804676269761456,2.373985675165709,2.3696896276765824,2.3668568374296073,2.3649986944507755,2.363789508126317,2.363016161839522,2.362542991855274,2.362287978045314,2.362207517676082
2.362030870653424,2.3621114267429877,2.362366735038639,2.3628404211918994,2.363614547330126,2.3648248434999863,2.3666845269574597,2.369519435843828,2.3738183908487622,2.3803043377668907,2.390034178731257,2.404538674130242,2.4260187675523195,2.4576213950959636,2.503825577791713,2.570975214772105,2.667989174996304,2.8072386551837374,3.0054527169540677,3.284180940520399,3.6685839197795,4.181772220649905,4.829253300993633,5.565370822689798,6.239935610381923,6.5825947682274615,6.5825947683699395,6.239935610795959,5.565370823225419,4.829253301433997,4.181772220869018,3.6685839198642882,3.2841809405363236,3.005452716709535,2.8072386547840544,2.6679891746579023,2.5709752146042915,2.5038255777951663,2.457621394957547,2.4260187673891496,2.4045386741579984,2.3900341786804593,2.3803043376370954,2.3738183906500963,2.369519435547209,2.366684527062391,2.3648248435126407,2.3636145475403616,2.3628404216915544,2.3623667352677806,2.3621114269443986,2.3620308708593645
2.361864902144576,2.3619455568744088,2.36220116867284,2.3626753847086883,2.36345030666933,2.3646617281086777,2.366522962870332,2.3693599893954844,2.3736618317722273,2.380151722228896,2.389886962830157,2.404398862119485,2.4258891055517213,2.4575056200724363,2.5037287313885384,2.5709040330832225,2.667952558627204,2.8072482065864577,3.005523285435104,3.2843310078849304,3.6688354290116427,4.182149014264524,4.8297766142342295,5.566049512842954,6.24074961293252,6.583479658426892,6.58347965852099,6.240749613242598,5.566049513150479,4.829776614571932,4.182149014390486,3.668835429182797,3.2843310078734005,3.0055232852226665,2.8072482061749318,2.6679525582895622,2.5709040328316544,2.5037287313242116,2.4575056200894614,2.425889105569484,2.404398862099266,2.389886962866307,2.380151722104655,2.373661831466636,2.3693599893815573,2.366522962779205,2.3646617282805704,2.363450306907893,2.3626753849734112,2.362201169119773,2.361945557216416,2.361864902286565
2.3617092500478836,2.3617900056604917,2.3620459260419135,2.362520679110021,2.3632964041815288,2.3645089557419743,2.3663717388097294,2.3692108670743135,2.373515559137776,2.3800093225307,2.389749844125496,2.4042689607377246,2.4257690744515674,2.4573990703692865,2.503640538219449,2.5708407157565656,2.6679227404803942,2.8072631419042047,3.005597396303653,3.284482267471283,3.6690852066563853,4.182520565595588,4.830290698951829,5.566714864481444,6.241546773077539,6.584345848890934,6.584345848902443,6.241546773184814,5.56671486461367,4.830290698938882,4.182520565763005,3.669085206680899,3.284482267335642,3.005597396111368,2.8072631416486336,2.66792274009272,2.5708407156547044,2.503640538311576,2.457399070444216,2.4257690744443234,2.404268960549169,2.3897498441508116,2.380009322550493,2.373515559010652,2.3692108670968333,2.3663717386572887,2.3645089557597743,2.363296404455559,2.362520679428254,2.36204592644513,2.3617900059846697,2.361709250340976
2.3615635524545024,2.361644409324845,2.361900640087176,2.3623759319201394,2.3631524601110265,2.364366136611144,2.3662304538404864,2.369071654770705,2.373379143567451,2.379876692347903,2.389622357170778,2.404148483057336,2.425658162587619,2.457301205348545,2.5035604222456698,2.570784642332615,2.6678990425563343,2.807282706714218,3.005674191759862,3.2846337222087314,3.6693320696332687,4.182885450635097,4.830793834674958,5.567364829524304,6.242324747847806,6.5851908449995955,6.585190844967915,6.2423247477599935,5.567364829528253,4.8307938345504535,4.1828854505914475,3.6693320695151868,3.28463372190286,3.0056741914203453,2.807282706551511,2.6678990425742763,2.5707846424531264,2.5035604223088876,2.4573012053867056,2.425658162492532,2.4041484830414976,2.3896223572116075,2.3798766922703125,2.37337914354457,2.369071654631626,2.366230453830977,2.3643661367293936,2.363152460302493,2.362375932197438,2.3619006403365645,2.3616444096245286,2.3615635527513814
2.3614274476714967,2.3615084057400226,2.3617649457724115,2.3622407733618305,2.3630180978896047,2.3642328860345447,2.3660987134537557,2.368941946011804,2.3732521654308667,2.379753397093723,2.389504050309586,2.404036958330396,2.4255558771202557,2.45721150571978,2.5034878318721585,2.5707352201392912,2.667880818365387,2.8073061825505943,3.0057528558206412,3.284784424310895,3.6695748936129116,4.1832423155492675,4.8312843855093535,5.567997459209673,6.243081307114924,6.5860122718587935,6.586012271730287,6.243081306985331,5.567997459022071,4.831284385371764,4.183242315307521,3.6695748933199326,3.2847844239258124,3.005752855705729,2.807306182580726,2.667880818493417,2.570735220188214,2.5034878318245783,2.4572115058801307,2.425555877340029,2.404036958413045,2.3895040501526115,2.379753396974002,2.3732521654075227,2.3689419458767818,2.366098713480164,2.364232886139615,2.3630180980544186,2.3622407734984043,2.361764946053568,2.3615084060653935,2.3614274479089303
2.361300578298579,2.361381636490321,2.361638482024713,2.3621148382129182,2.362892946745113,2.3641088258508773,2.3659761306276517,2.3688213433921343,2.3731342158023723,2.3796390142271315,2.389394486190728,2.403933932085386,2.425461743492902,2.4571294729163897,2.5034222386676586,2.5706918825726888,2.6678674510289926,2.80733288495379,3.00583261236933,3.2849334727479307,3.6698126104172704,4.183589873957168,4.8317607969533665,5.568610900826494,6.243814330157565,6.586807870691395,6.586807870646072,6.243814329913771,5.568610900562264,4.8317607967855345,4.183589873614772,3.6698126101619644,3.284933472711382,3.005832612361861,2.807332884914572,2.667867451132762,2.570691882588486,2.503422238841991,2.457129473090064,2.4254617436630017,2.4039339321837465,2.3893944860145195,2.379639014167352,2.373134215769745,2.368821343203032,2.365976130574801,2.364108825963205,2.3628929469667117,2.362114838516748,2.3616384821698273,2.3613816366212745,2.3613005784101953
2.3611825925629013,2.361263748780956,2.361520894082474,2.3619977681993096,2.3627766430622756,2.3639935861344856,2.3658623274222714,2.3687094601037737,2.3730248972979275,2.379533134715652,2.3892932424262714,2.403838966394337,2.425375305556931,2.4570546287100523,2.503363136943476,2.5706540885034026,2.6678583527613333,2.8073621626164567,3.0059127237529646,3.285080012254775,3.6700442060722698,4.183926905252815,4.832221593668576,5.5692033958316065,6.244521803651371,6.587575497152523,6.587575497097643,6.244521803389181,5.569203395650411,4.832221593579326,4.183926905149069,3.6700442058902443,3.2850800122679393,3.0059127237642853,2.8073621627724474,2.667858352990154,2.57065408870234,2.5033631369463443,2.4570546287245776,2.425375305623943,2.403838966386502,2.389293242409002,2.379533134640184,2.3730248971946972,2.3687094600894683,2.3658623274364725,2.3639935863898556,2.3627766431161086,2.3619977682710003,2.3615208942404236,2.361263748857401,2.3611825925334826
2.3610731461119956,2.361154398105057,2.3614118353854265,2.3618892133746945,2.362668832404854,2.3638868068026504,2.3657569367419047,2.3686059212273123,2.372923825717749,2.379435363894774,2.3891999121473964,2.403751640370729,2.4252961259127717,2.456986515568555,2.503310043923559,2.570621322601021,2.6678529642272393,2.807393397156549,3.00599249033939,3.2852232320347805,3.670268719952631,4.18425225367849,4.832665378299432,5.56977327874195,6.245201820336253,6.588313119649271,6.5883131196392135,6.245201820336768,5.569773278815427,4.8326653783300175,4.184252253598193,3.6702687198946258,3.2852232320643986,3.0059924905977,2.8073933976065666,2.6678529643677718,2.570621322694411,2.503310043980779,2.456986515485141,2.4252961259635732,2.403751640265009,2.3891999120198837,2.3794353638142103,2.3729238255957585,2.3686059214394857,2.365756936961091,2.3638868068052505,2.362668832557552,2.3618892133544884,2.3614118354714413,2.3611543980336562,2.3610731457929774
2.3609719048977316,2.3610532494201477,2.361310969228124,2.36178883397242,2.362569171383205,2.3637881390465014,2.365659604167017,2.368510365043455,2.3728306310386222,2.3793453222060963,2.389114104958364,2.403671551144719,2.4252237865699904,2.4569246973355465,2.5032625002070628,2.570593095013208,2.667850754969592,2.8074260027634765,3.006071249936,3.285362365327095,3.6704852445920473,4.184564827166216,4.8330908311456,5.570318975937977,6.245852578271686,6.589018818793404,6.589018818858915,6.245852578519733,5.570318976041826,4.83309083111291,4.184564827192775,3.6704852448037864,3.28536236554287,3.0060712503079166,2.8074260030236453,2.667850755199593,2.570593095107953,2.5032625002650097,2.45692469729151,2.425223786368822,2.403671551003615,2.389114104930859,2.379345321996873,2.3728306310411442,2.3685103652533246,2.365659604560603,2.363788139156404,2.3625691714037362,2.361788833977733,2.361310969040815,2.361053249070851,2.360971904711978
2.360878545636634,2.360959979099796,2.3612179703490117,2.3616963024824056,2.3624773288111047,2.363697247488064,2.365569988848601,2.368422444076454,2.372744958498162,2.3792626464613993,2.3890354480965046,2.4035983144958726,2.4251578899543205,2.456868759410236,2.5032200700687812,2.570568941743404,2.6678512234150435,2.8074594258409427,3.0061483778847187,3.2854966894931956,3.67069292504413,4.184863597199099,4.833496708983371,5.5708390055728785,6.246472380232872,6.589690786181183,6.589690786127263,6.246472380212213,5.570839005658832,4.8334967090059,4.18486359732931,3.6706929252489515,3.285496689796228,3.0061483782379095,2.8074594261241286,2.6678512236163345,2.570568941886921,2.503220070005212,2.4568687593404808,2.4251578897250816,2.4035983144598783,2.3890354481208647,2.3792626463958406,2.372744958539806,2.368422444249853,2.3655699889219117,2.363697247609871,2.362477328791526,2.3616963024731117,2.3612179702016887,2.360959978872795,2.360878545449342
2.360792757920949,2.360874276578161,2.3611325267670207,2.3616113048564347,2.3623929874185228,2.3636138109303015,2.3654877645082153,2.368341826565096,2.37266646982885,2.3791869909782823,2.388963587196679,2.4035315658269107,2.4250980590029756,2.4568183096702656,2.5031823415426975,2.5705484250600916,2.667853896807373,2.8074931457009846,3.0062232867299388,3.285625525876135,3.6708909584318747,4.1851475983320094,4.833881845425716,5.571331976661434,6.247059632372484,6.590327324265737,6.590327324380962,6.247059632349555,5.571331976459672,4.833881845284445,4.185147598341254,3.6708909585693985,3.285625526321517,3.0062232869896888,2.8074931459326224,2.6678538971456267,2.5705484251572135,2.5031823416460717,2.4568183095787184,2.4250980588339366,2.403531565771527,2.3889635870660966,2.379186991073466,2.3726664698303725,2.3683418265800706,2.3654877645275043,2.363613810897672,2.3623929874149723,2.3616113049756047,2.3611325265428778,2.360874276505879,2.3607927580508776
2.360714246148884,2.3607958454571945,2.3610543411420952,2.3615335415400227,2.3623158448333146,2.3635375235087643,2.3654126211500595,2.3682681975886983,2.3725948443203593,2.3791180284507036,2.388898186936869,2.4034709607114366,2.4250439380553486,2.456772978636475,2.5031489270287297,2.5705311339348103,2.6678583316142714,2.807526674244289,3.0062954267566755,3.2857482393086435,3.671078594029236,4.185415928265683,4.834245149596637,5.571796588551541,6.2476128454301785,6.590926846680521,6.590926846577142,6.247612845202684,5.571796588207782,4.834245149418965,4.185415928106639,3.671078594113856,3.285748239607983,3.006295427004795,2.8075266744862972,2.6678583319177895,2.5705311342708663,2.5031489272144514,2.4567729784483316,2.42504393793283,2.4034709605528244,2.3888981868601857,2.379118028379326,2.3725948444127773,2.3682681974585815,2.365412621149564,2.3635375236289633,2.3623158448827852,2.3615335413614775,2.3610543410101354,2.3607958455150553,2.36071424614048
2.3606427299439394,2.3607244049654277,2.360983131567802,2.3614627286993493,2.362245615084491,2.363468096174067,2.365344266045511,2.3682012599560798,2.3725297797034837,2.379055450413509,2.3888389320329937,2.403416175467534,2.424995193599493,2.4567324198885756,2.5031194643311903,2.5705166839910847,2.667864113829418,2.8075595561723428,3.006364285476003,3.285864238487915,3.6712551330542382,4.185667746740048,4.834585607087207,5.572231631835708,6.248130633364975,6.591487876342776,6.59148787623425,6.248130632935913,5.572231631334666,4.834585606824445,4.18566774668053,3.6712551331347196,3.285864238506222,3.006364285680938,2.8075595565022358,2.6678641139581787,2.5705166842559413,2.5031194644235732,2.456732420051484,2.4249951935779035,2.4034161751733336,2.3888389318812355,2.379055450438441,2.3725297796328846,2.3682012599592754,2.3653442660127224,2.3634680962774515,2.3622456151891957,2.361462728419851,2.3609831314208387,2.360724404882519,2.3606427295626453
2.3605779453082434,2.360659690906275,2.3609186328556615,2.3613985998549474,2.362182029586101,2.3634052576160265,2.3652824244778157,2.368140735042774,2.3724709927462957,2.3789989683708765,2.388785527863598,2.403366908111874,2.4249515146072635,2.45669631119558,2.50309361616116,2.570504718017098,2.6678708589139424,2.8075913692001913,3.0064293881351847,3.28597297520737,3.6714199285421967,4.185902277202626,4.834902279022267,5.572635986409409,6.248611713228852,6.5920090471333666,6.59200904702851,6.248611712949975,5.5726359859485095,4.834902278542906,4.185902277150245,3.671419928653437,3.2859729752826126,3.00642938826041,2.807591369260435,2.667870859043619,2.570504718125586,2.5030936163015065,2.456696311314105,2.4249515144535643,2.403366908088865,2.3887855278150862,2.378998968440345,2.3724709927557237,2.368140734982682,2.365282424458736,2.3634052576020803,2.362182029526119,2.361398599707932,2.3609186326735516,2.3606596905793418,2.3605779449034023
2.360519645866689,2.3606014569393667,2.3608605978099955,2.361340906581595,2.3621248379218525,2.3633487549225314,2.3652268406581136,2.3680863636623113,2.3724182202329325,2.3789483146127677,2.388737701090383,2.40332287889413,2.42491261310304,2.456664354497539,2.5030710707045483,2.5704949061649995,2.667878212196294,2.807621724212227,3.0064902970727014,3.2860739458615664,3.671572385848421,4.186118804526137,4.83519430152604,5.573008622965411,6.249054905830863,6.5924891023127605,6.592489102099519,6.24905490549346,5.573008622738835,4.835194301351789,4.186118804531788,3.671572385816776,3.2860739457648704,3.0064902972111134,2.8076217242162906,2.6678782122352644,2.5704949060797557,2.5030710705484944,2.456664354482652,2.4249126132577574,2.403322878875851,2.388737701256765,2.378948314718337,2.3724182203886444,2.3680863637419836,2.365226840554058,2.36334875481361,2.3621248376592487,2.3613409064392568,2.360860597594348,2.360601456672393,2.360519645618197
2.3604676042398998,2.360549475249024,2.360808797962053,2.3612894191377873,2.3620738086674784,2.3632983546196193,2.3651772786395906,2.3680379069075888,2.3723712197958076,2.378903242613858,2.3886952004214006,2.40328383052785,2.424878224753494,2.4566362759940623,2.5030515421065953,2.5704869464068865,2.6678858491139277,2.8076502654359,3.00654661305005,3.2861666898017377,3.6717119613052067,4.18631667631999,4.835460887006433,5.573348602030439,6.249459134311976,6.59292689470902,6.592926894637119,6.249459134186821,5.573348601945399,4.835460887097201,4.18631667643333,3.671711961310385,3.286166689750429,3.006546612832777,2.807650265374515,2.6678858489062645,2.5704869462103987,2.5030515419989636,2.4566362758752547,2.424878224918314,2.403283830766699,2.388695200548487,2.378903242880916,2.3723712199607534,2.368037906943739,2.3651772786623053,2.3632983543432475,2.3620738084591473,2.3612894191312805,2.360808797734435,2.3605494749809357,2.3604676042075856
2.3604216123679516,2.36050353731674,2.3607630242472153,2.3612439274368304,2.3620287303346568,2.363253843492642,2.365133523065408,2.3679951467260993,2.3723297703917976,2.378863527639548,2.3886577967916223,2.403249528888906,2.4248481090521405,2.456611826709052,2.5030347710003062,2.570480564642219,2.667893475646594,2.807676670332136,3.0065979738671604,3.2862507902915468,3.6718381637615773,4.186495302796132,4.835701322673572,5.573655073528804,6.249823424909088,6.593321387171466,6.593321387153769,6.249823424971783,5.573655073743911,4.835701322878651,4.1864953029162875,3.671838163840021,3.286250790306056,3.0065979735871347,2.8076766700347973,2.6678934754270527,2.5704805644187165,2.5030347708875342,2.456611826762005,2.42484810909517,2.4032495291751728,2.388657797011433,2.3788635275416947,2.372329770542679,2.3679951469099216,2.3651335230982458,2.3632538433914996,2.362028730362567,2.3612439273504298,2.3607630241210624,2.3605035372083303,2.360421612515092
2.3603814819733304,2.3604634548116072,2.360723087858511,2.3612042417357513,2.3619894120996627,2.3632150291242633,2.365095379571784,2.3679578865625515,2.3722936727625736,2.378828967151367,2.388625284039277,2.403219763301932,2.4248220494791166,2.4565907835321883,2.5030205245361183,2.5704755149905627,2.667900827745957,2.8077006500379635,3.006644055666978,3.286325874649564,3.6719505536320893,4.186654155755829,4.835914971049631,5.5739272775246524,6.2501469066051865,6.5936716514987666,6.593671651603295,6.250146906748918,5.573927277878477,4.835914971580769,4.186654155909613,3.6719505536586454,3.2863258744599952,3.0066440555101215,2.807700649839056,2.667900827486064,2.5704755147995577,2.503020524363883,2.4565907834757255,2.4248220496800563,2.403219763506273,2.388625284065307,2.37882896719573,2.372293672695462,2.3679578868019893,2.365095379668891,2.3632150292351857,2.3619894122022744,2.361204241788113,2.3607230879473895,2.3604634549159664,2.3603814819161064
2.36034704554636,2.360429060205285,2.3606888207806493,2.3611701933976685,2.3619556841551055,2.3631817404680207,2.3650626754550794,2.3679259518157925,2.3722627497035913,2.3787993814815707,2.3885974792169673,2.403194347187089,2.4247998547156233,2.456572948481096,2.5030085963087987,2.570471580071229,2.667907672391312,2.8077219495098324,3.0066845724508604,3.286391613712361,3.6720487426263557,4.186792769900296,4.836101269877248,5.574164543266169,6.2504288109280965,6.5939768690201195,6.5939768691766885,6.250428811343449,5.5741645436705625,4.836101270190684,4.186792770023027,3.6720487426250084,3.286391613612483,3.0066845721800646,2.8077219493081453,2.667907672184265,2.570471579822365,2.5030085963038298,2.4565729484743577,2.4247998546694904,2.4031943473413855,2.388597479390264,2.3787993814341686,2.37226274968862,2.367925951842468,2.3650626756092983,2.3631817407670117,2.361955684389787,2.3611701935011227,2.3606888209619328,2.360429060354673,2.3603470453183113
2.3603181569648157,2.360400207310734,2.3606600764296317,2.3611416351250316,2.361927398391568,2.363153828278025,2.3650352600901274,2.3678991900515305,2.3722368469514272,2.3787746141651698,2.388574223547514,2.403173117795368,2.424781357756418,2.4565581496330147,2.5029988075616907,2.570468571017331,2.6679138072573214,2.807740347348195,3.006719276083202,3.2864477222464874,3.672132394726834,4.186910741538356,4.836259731822701,5.574366289610115,6.250668471928,6.594236330382594,6.5942363304549065,6.250668472204081,5.5743662900451,4.836259731875137,4.186910741724061,3.6721323944868063,3.286447721929253,3.0067192759790333,2.807740347058657,2.667913807077164,2.5704685708982686,2.502998807350661,2.456558149658441,2.424781358062306,2.4031731177758453,2.388574223552018,2.3787746142166153,2.372236847027878,2.367899190005847,2.365035260350987,2.3631538286244695,2.361927398498954,2.361141635194919,2.360660076557928,2.3604002073290613,2.360318157110003
2.360294691936649,2.3603767715891304,2.360636729955823,2.361118441507935,2.3619044287896305,2.3631311654274203,2.3650130053498932,2.3678774715963775,2.372215833675918,2.378754532422778,2.388555381214748,2.403155937052428,2.424766417713857,2.456546241167442,2.502991006200748,2.5704663277513964,2.667919061014917,2.8077556561398924,3.0067479567613034,3.286493958466248,3.6722012253230005,4.18700772931131,4.836389944474547,5.574532024982455,6.250865326273016,6.594449434986549,6.5944494350881175,6.250865326642352,5.574532025183769,4.836389944490351,4.187007729132479,3.672201225242931,3.2864939583265658,3.0067479563445603,2.8077556558262624,2.667919060684842,2.570466327616918,2.5029910061542577,2.456546241271802,2.424766417840554,2.4031559372605815,2.3885553812483704,2.378754532607474,2.372215833859066,2.3678774716280904,2.3650130054479956,2.3631311655318172,2.3619044287472537,2.361118441469502,2.360636729981817,2.36037677184675,2.3602946920060726
2.3602765480162238,2.3603586506609617,2.360618678616454,2.3611005095290363,2.361886671554182,2.363113647655817,2.36499580575217,2.3678606902893544,2.3721996020169485,2.3787390266983235,2.3885408416120777,2.403142692259884,2.4247549182599384,2.4565371032855166,2.502985067852231,2.570464719437338,2.667923293125431,2.8077677222777244,3.0067704421258883,3.28653012495535,3.6722550016397153,4.1870834538401915,4.836491570577179,5.574661347170097,6.251018912938677,6.594615692169699,6.59461569235513,6.25101891335916,5.574661347269679,4.836491570691451,4.187083453781706,3.6722550015823647,3.286530124714553,3.0067704417771886,2.8077677218210826,2.6679232928613716,2.570464719188992,2.502985067879332,2.4565371034744636,2.4247549182834054,2.4031426923818455,2.3885408419131613,2.378739027144306,2.372199602097649,2.3678606902833526,2.3649958057789413,2.363113647433397,2.3618866714531945,2.3611005096126174,2.360618678624204,2.360358650845523,2.3602765484023323
2.360263645355218,2.3603457645454817,2.3606058422350435,2.361087758641197,2.361874045783787,2.363101193351389,2.3649835790963634,2.3678487629931797,2.372188068096585,2.378728012412008,2.3885305181563314,2.403133294768802,2.4247467689936313,2.456530643039111,2.5029808956375637,2.570463643590797,2.6679263940020816,2.807776426356736,3.006786598709716,3.286556067915435,3.6722935426696246,4.187137697872426,4.8365643478127796,5.5747539435289255,6.251128873736521,6.594734720064519,6.594734720364704,6.251128873972748,5.574753944046298,4.836564348079409,4.187137697795841,3.6722935425425924,3.2865560677469894,3.006786598392322,2.8077764261114773,2.6679263937584046,2.570463643380756,2.5029808956094097,2.4565306430763902,2.4247467692009814,2.403133294966064,2.388530518405227,2.3787280125471786,2.372188068309136,2.367848763215004,2.3649835788835034,2.3631011931601478,2.361874045896239,2.3610877585807617,2.3606058423670455,2.360345764665245,2.3602636454797867
2.3602559268248067,2.3603380557847404,2.360598163419191,2.3610801311393756,2.36186649356541,2.3630937440824837,2.3649762666391947,2.36784163054484,2.372181171983703,2.3787214280911426,2.388524348843194,2.4031276816269456,2.4247419054604142,2.4565267935132966,2.502978419926485,2.5704630272416096,2.6679282859996705,2.8077816829185793,3.006796330848744,3.2865716776508958,3.6723167188812686,4.187170306225181,4.836608089175,5.57480959069832,6.251194952545601,6.594806245976806,6.594806246360563,6.251194953162573,5.574809591171782,4.836608089423172,4.187170306372268,3.672316718840572,3.286571677581022,3.00679633062381,2.8077816827240665,2.6679282856965196,2.5704630270834166,2.5029784200352947,2.4565267936615958,2.4247419054201957,2.4031276816116334,2.388524349160727,2.3787214283260916,2.3721811720916417,2.3678416306448353,2.3649762666084753,2.3630937439909396,2.3618664935540714,2.361080131237766,2.3605981633700943,2.3603380557739606,2.3602559268892906
2.360253357894556,2.3603354900116558,2.3605956075516055,2.361077592474719,2.3618639800478753,2.363091264819101,2.36497383320279,2.367839257011246,2.3721788772484484,2.3787192374089474,2.3885222967130106,2.4031258148213523,2.4247402884120595,2.4565255147333613,2.5029775994570413,2.5704628266920704,2.667928921861128,2.8077834407730604,3.0067995811002133,3.2865768882262456,3.672324453045534,4.187181185989311,4.836622682073937,5.574828154553439,6.25121699598649,6.594830106557354,6.594830106400175,6.251216996538497,5.57482815503246,4.836622682444115,4.187181186167992,3.672324452933219,3.2865768880609565,3.006799581281632,2.807783440440598,2.6679289215221487,2.570462826683149,2.502977599405599,2.4565255146959486,2.424740288375301,2.4031258149720394,2.38852229680906,2.3787192375477386,2.3721788775763106,2.3678392570798414,2.36497383303322,2.363091264878606,2.3618639799707513,2.361077592471571,2.3605956077267285,2.3603354900118756,2.360253357874956
