Model: 11_26_25_metacentric_relaxed_MCF10A_chr19_PMP1
Simulation: 11_26_25_metacentric_relaxed_MCF10A_chr19_PMP1_haspin_stripe
(SimID_300540363_2 (PDE Simulation)) 
Sim time range (0.0 500.0) (saved timepoints 51) 
Number of variables 46 
Variable names ['BUB1a', 'BUB1a_his', 'BUB1a_pKNL1', 'CPC_all', 'CPCa', 'CPCa_total', 'CPCi', 'CPCi_total', 'H2A', 'H3', 'H3_CPCa', 'H3_CPCi', 'HASPINa', 'HASPINi', 'KNL1', 'NDC80', 'NDC80_TTKa', 'NDC80_TTKi', 'NDC80_pTTKa', 'NDC80_pTTKi', 'PLK1a', 'PLK1i', 'SGO1', 'SGO1_CPCa', 'SGO1_CPCi', 'SGO1_ic', 'TIMEBOUNDS', 'TIMES', 'TTKa', 'TTKi', 'bound_CPC', 'bound_active_CPC', 'pH2A', 'pH2A_SGO1', 'pH2A_SGO1_CPCa', 'pH2A_SGO1_CPCi', 'pH3', 'pH3_CPCa', 'pH3_CPCi', 'pKNL1', 'pNDC80', 'pNDC80_TTKa', 'pNDC80_TTKi', 'pNDC80_pTTKa', 'pNDC80_pTTKi', 'pNDC80_total', 'pTTKa', 'pTTKi'] 
 
2D Slice for variable H2A at time 100.0 in plane XY at Z = 0 
 
X in rows, Y in columns 
52.570388443303955,52.570388479190214,52.57038857922355,52.570388738812824,52.57038895493114,52.570389223831576,52.57038954192909,52.57038990418013,52.57039030490354,52.57039073841342,52.57039119804886,52.570391677044974,52.57039216851373,52.57039266503283,52.57039315932906,52.57039364402366,52.5703941117659,52.57039455557688,52.570394968598514,52.57039534454106,52.570395677673126,52.570395962912166,52.57039619599589,52.57039637340527,52.57039649249847,52.570396551474126,52.57039654953896,52.570396486802245,52.57039636428674,52.57039618393342,52.57039594850129,52.570395661604074,52.570395327650814,52.57039495173651,52.57039453957883,52.57039409741388,52.57039363191477,52.57039315011787,52.570392659237264,52.57039216666007,52.570391679757094,52.57039120580458,52.570390751877376,52.57039032479892,52.57038993105772,52.5703895767047,52.570389267261525,52.57038900757755,52.57038880156545,52.5703886523128,52.57038856220669,52.57038853203743
52.57039781664411,52.57039785384063,52.57039795433552,52.57039811373802,52.57039833050602,52.57039860077455,52.5703989203519,52.57039928430695,52.57039968712081,52.57040012313445,52.57040058570221,52.570401067986,52.57040156302461,52.57040206329347,52.57040256138601,52.57040304983187,52.57040352117901,52.57040396837942,52.570404384513196,52.570404763220104,52.57040509872995,52.570405385932354,52.570405620557196,52.570405799088235,52.57040591889766,52.57040597818541,52.57040597615709,52.57040591292801,52.57040578952164,52.57040560789056,52.5704053708125,52.57040508191768,52.57040474564253,52.57040436712086,52.57040395211653,52.57040350690448,52.57040303817196,52.57040255296947,52.57040205853483,52.57040156230808,52.57040107174969,52.57040059421058,52.570400136806576,52.57039970639609,52.5703993095272,52.57039895236192,52.57039864054303,52.57039837902484,52.570398171739065,52.570398021561566,52.57039793054609,52.570397899826666
52.57042592898607,52.57042596667833,52.57042606794786,52.5704262298404,52.570426450628815,52.570426725833066,52.57042705122808,52.57042742205938,52.57042783269218,52.570428277404694,52.570428749545414,52.5704292421044,52.57042974790381,52.57043025920947,52.57043076832579,52.57043126757307,52.570431749281816,52.57043220621871,52.57043263133261,52.570433018126984,52.5704333607384,52.570433653969886,52.57043389347976,52.570434075698664,52.57043419796444,52.570434258461546,52.57043425637626,52.5704341918272,52.570434065852254,52.57043388043738,52.57043363841594,52.57043334347505,52.57043300012879,52.57043261361913,52.57043218983055,52.57043173515917,52.570431256398194,52.57043076072598,52.570430255520705,52.57042974838208,52.570429246955705,52.57042875873758,52.570428290980544,52.57042785074062,52.57042744483532,52.57042707967594,52.57042676099134,52.57042649382847,52.57042628213801,52.57042612830141,52.57042603481376,52.570426003440375
52.57047277566689,52.570472813062636,52.570472916759385,52.570473083733894,52.570473311331284,52.570473595115125,52.570473930993096,52.570474314174426,52.57047473890764,52.570475199176585,52.57047568807255,52.57047619830496,52.570476722299134,52.570477252041485,52.57047777950014,52.57047829667574,52.570478795616935,52.570479268768956,52.57047970886459,52.57048010921113,52.57048046376907,52.57048076719572,52.5704810150129,52.57048120354969,52.570481330053056,52.57048139267245,52.57048139055866,52.570481323816466,52.57048119351122,52.57048100167753,52.5704807512415,52.57048044601077,52.57048009064224,52.57047969054214,52.57047925176645,52.57047878089462,52.570478284938154,52.57047777133652,52.570477247777916,52.57047672213192,52.57047620233343,52.570475696164785,52.57047521115515,52.570474754694416,52.57047433396575,52.57047395569867,52.570473625694035,52.57047334891435,52.57047312924007,52.570472969367316,52.57047287241761,52.57047284021969
52.57053835126328,52.5705383892732,52.570538497120026,52.57053867114615,52.570538908573035,52.57053920513039,52.57053955652638,52.57053995771778,52.57054040280934,52.57054088545405,52.57054139832527,52.57054193377652,52.570542483671254,52.57054303954956,52.57054359295319,52.57054413543715,52.57054465871577,52.57054515483787,52.570545616224535,52.57054603590719,52.57054640757945,52.57054672568325,52.5705469855191,52.57054718326558,52.570547316012814,52.570547381821704,52.570547379791925,52.57054731000381,52.57054717356225,52.57054697257697,52.57054671010403,52.57054639013626,52.57054601754583,52.57054559797693,52.57054513774657,52.57054464371852,52.57054412323622,52.570543584108655,52.570543034439545,52.57054248243353,52.57054193641287,52.57054140465581,52.57054089521494,52.57054041594095,52.57053997434744,52.570539577512115,52.570539231334855,52.57053894043189,52.570538709311656,52.570538541460756,52.57053843971561,52.57053840600225
52.57062264982674,52.57062268934755,52.57062280259678,52.570622985927315,52.57062323665532,52.57062355039983,52.57062392267782,52.57062434810455,52.57062482038781,52.570625332722514,52.570625877181435,52.57062644563626,52.57062702937464,52.57062761937787,52.57062820668035,52.57062878227139,52.5706293374166,52.570629863696325,52.570630353105095,52.57063079828658,52.57063119256191,52.57063153007255,52.570631805818834,52.570632015764225,52.57063215679916,52.57063222684912,52.57063222495136,52.570632151171445,52.5706320066683,52.57063179366202,52.5706315153745,52.57063117601397,52.570630780714765,52.570630335426635,52.570629846842564,52.57062932225433,52.57062876948821,52.570628196828864,52.57062761290842,52.570627026415,52.57062644618568,52.57062588114577,52.57062533999631,52.57062483109203,52.57062436223282,52.57062394076298,52.57062357279544,52.57062326334927,52.57062301774826,52.57062283980524,52.57062273188674,52.57062269600835
52.57072566455279,52.570725705906405,52.57072582591023,52.57072602122486,52.57072628903154,52.57072662470543,52.5707270234305,52.57072747947672,52.57072798602457,52.57072853569744,52.57072911985278,52.57072972966657,52.570730355759196,52.57073098843181,52.570731618103046,52.57073223512597,52.57073283018675,52.570733394291224,52.57073391889432,52.57073439613638,52.57073481885268,52.57073518079484,52.57073547659676,52.57073570192791,52.57073585343974,52.57073592888057,52.57073592719179,52.570735848427724,52.57073569381367,52.570735465720986,52.570735167588374,52.57073480388143,52.5707343800549,52.570733902451686,52.570733378244476,52.570732815293375,52.570732222024944,52.570731607282525,52.57073098034837,52.57073035062658,52.570729727688004,52.57072912122136,52.57072854061353,52.57072799478828,52.57072749180482,52.5707270390651,52.57072664359844,52.570726311362634,52.57072604775058,52.57072585687897,52.570725741143924,52.57072570256703
52.57084738624919,52.57084742996192,52.57084755853587,52.57084776878486,52.57084805768395,52.57084842043137,52.5708488516365,52.570849345100676,52.57084989335527,52.57085048827836,52.57085112051063,52.57085178040798,52.57085245783585,52.57085314231356,52.57085382347211,52.5708544909238,52.5708551346261,52.57085574487227,52.57085631245868,52.57085682889939,52.57085728643276,52.57085767828715,52.570857998645884,52.570858242801094,52.570858407120106,52.57085848915404,52.570858487724074,52.57085840287535,52.570858235910244,52.57085798936857,52.57085766695708,52.57085727346778,52.57085681477151,52.570856297727225,52.57085573009997,52.57085512042444,52.570854477843845,52.57085381191674,52.570853132739046,52.57085245064223,52.570851776056685,52.57085111944074,52.5708504908785,52.57084989991981,52.570849355054214,52.57084886429373,52.57084843588511,52.570848076356775,52.57084779091947,52.57084758404375,52.57084745850879,52.570847416556695
52.57098780315963,52.57098784996663,52.57098798910071,52.57098821757343,52.57098853192677,52.57098892718671,52.57098939730025,52.570989935460545,52.57099053348322,52.57099118231201,52.570991871764136,52.57099259124181,52.57099332972303,52.57099407587731,52.5709948184041,52.5709955460312,52.570996247826606,52.57099691320918,52.57099753217138,52.57099809547217,52.57099859465732,52.57099902230644,52.57099937205846,52.570999638742485,52.57099981837434,52.570999908281564,52.57099990715166,52.57099981502898,52.57099963330369,52.57099936468963,52.57099901320139,52.57099858404928,52.57099808362629,52.57099751945339,52.57099689999519,52.57099623454538,52.570995533095285,52.570994806135694,52.5709940647875,52.57099332048674,52.57099258462007,52.57099186843767,52.57099118266926,52.57099053747885,52.57098994251339,52.57098940685157,52.57098893936163,52.57098854720479,52.570988235816344,52.57098800993312,52.57098787275984,52.57098782678222
52.57114690160502,52.571146952267064,52.571147104060856,52.57114735428195,52.571147698860386,52.57114813252579,52.57114864849372,52.57114923913385,52.57114989548971,52.571150607471694,52.571151363969676,52.57115215332898,52.5711529634596,52.57115378204544,52.571154596702044,52.57115539510726,52.57115616528294,52.57115689561077,52.571157575126655,52.57115819366491,52.57115874195388,52.571159211808805,52.571159596224526,52.57115988948946,52.57116008719594,52.571160186393,52.57116018560889,52.57116008488073,52.571159885709946,52.571159591018514,52.57115920519217,52.57115873396826,52.57115818436766,52.571157564678785,52.57115688419283,52.57115615312655,52.57115538252209,52.571154584016625,52.571153769856956,52.571152952630804,52.571152144793764,52.571151358498504,52.57115060524604,52.57114989625395,52.57114924281983,52.57114865486386,52.57114814147679,52.571147710694106,52.57114736861471,52.57114712038249,52.571146969620514,52.5711469190057
52.57132466424924,52.57132471969246,52.571324886542826,52.57132516223752,52.57132554207621,52.57132602034889,52.57132658954529,52.5713272410855,52.571327965098405,52.571328750351775,52.57132958464966,52.5713304551728,52.571331348616425,52.571332251489906,52.57133315014538,52.57133403101578,52.57133488088988,52.57133568693984,52.57133643708326,52.57133712006035,52.57133772562394,52.57133824469645,52.57133866951395,52.571338993745975,52.571339212509876,52.57133932252665,52.571339322122476,52.571339211301755,52.5713389916966,52.571338666504346,52.571338240562596,52.571337720264694,52.571337113363995,52.57133642899087,52.57133567740309,52.57133486994831,52.571334018966716,52.571333137460535,52.571332238895884,52.57133133702304,52.571330445389655,52.57132957722577,52.57132874544892,52.571327962691434,52.57132724149026,52.571326592778824,52.57132602614657,52.5713255504654,52.57132517269844,52.57132489848992,52.57132473198664,52.57132467608342
52.57152106941328,52.57152113064954,52.57152131517259,52.5715216203982,52.571522041022405,52.57152257069298,52.571523201104235,52.57152392266317,52.57152472445798,52.571525594035315,52.57152651795124,52.57152748205135,52.571528471652755,52.57152947187544,52.571530467611076,52.571531443834196,52.5715323858961,52.57153327955839,52.57153411142792,52.57153486899499,52.57153554086932,52.57153611693529,52.571536588533455,52.57153694859293,52.57153719169064,52.571537314172566,52.57153731413189,52.57153719152445,52.5715369481488,52.57153658755556,52.57153611511302,52.571535537963676,52.571534864736265,52.57153410556231,52.571533271877946,52.57153237635402,52.57153143275441,52.57153045556988,52.571529459642115,52.571528460007386,52.57152747146727,52.57152650875342,52.571525586773355,52.571524719474404,52.57152392018688,52.57152320122648,52.571522573189526,52.571522045844894,52.57152162708685,52.57152132314436,52.571521138686755,52.57152107681074
52.57173609078217,52.57173615886428,52.57173636382932,52.57173670286815,52.57173717010805,52.571737758488915,52.57173845879359,52.571739260324,52.57174015096439,52.571741116926745,52.571742143391795,52.571743214676346,52.571744314532225,52.5717454264711,52.57174653371095,52.5717476195442,52.57174866765021,52.5717496621571,52.57175058811439,52.57175143156701,52.57175217979919,52.57175282150573,52.57175334699809,52.571753748325875,52.57175401941187,52.571754156160154,52.57175415640598,52.57175402006691,52.57175374916259,52.57175334770237,52.57175282166555,52.57175217900722,52.57175142939849,52.57175058419478,52.57174965627427,52.57174865982859,52.57174761012669,52.57174652320831,52.57174541541308,52.571744303346804,52.57174320364598,52.57174213291928,52.571741107826206,52.57174014380593,52.571739255225545,52.57173845582047,52.5717377575502,52.571737171172224,52.57173670563041,52.571736367880554,52.571736163039056,52.571736094403946
52.571969694902386,52.57196977089138,52.57196999919691,52.571970376649226,52.57197089674991,52.571971551691135,52.571972331270935,52.571973223602384,52.571974215223655,52.57197529085053,52.57197643412755,52.57197762763405,52.571978853326584,52.57198009285726,52.57198132753532,52.571982538728676,52.57198370818823,52.57198481818854,52.57198585196556,52.57198679387821,52.57198762966714,52.57198834664643,52.57198893395338,52.571989382620075,52.5719896857821,52.57198983881518,52.57198983928318,52.57198968707233,52.5719893844616,52.57198893600082,52.57198834840348,52.571987630567186,52.571986793417224,52.57198584975463,52.57198481409487,52.5719837023334,52.571982531405126,52.57198131904131,52.571980083303416,52.57197884277238,52.571977616520535,52.571976423117626,52.57197528061524,52.571974206305384,52.571973216132854,52.571972325321184,52.57197154735463,52.571970894107245,52.571970375597694,52.571969999585775,52.571969771633185,52.5719696953276
52.57222183956428,52.572221924511304,52.572222179112764,52.572222599819426,52.572223179449516,52.572223909377385,52.57222477835223,52.57222577318383,52.572226878941564,52.572228078679075,52.5722293543153,52.57223068649734,52.57223205514494,52.57223343978477,52.57223481954382,52.57223617359136,52.572237481452206,52.57223872327773,52.57223988022315,52.57224093469574,52.572241870633995,52.572242673732156,52.57224333174799,52.57224383454537,52.57224417433676,52.572244345882204,52.57224434646956,52.57224417598257,52.57224383697857,52.57224333460989,52.572242676492856,52.57224187267554,52.57224093557225,52.572239879626295,52.57223872111859,52.57223747780994,52.572236168535476,52.572234813093196,52.57223343181553,52.57223204562619,52.57223067593475,52.572229343453124,52.572228067961724,52.57222686871869,52.57222576363945,52.57222476958346,52.572223901717564,52.57222317321919,52.57222259515148,52.572222176103836,52.57222192214111,52.572221837217455
52.57249247030096,52.572492565278075,52.57249284925328,52.57249331826739,52.572493964442366,52.57249477825141,52.57249574737347,52.57249685721725,52.57249809125097,52.57249943071628,52.572500855592935,52.57250234439034,52.572503874740406,52.57250542376214,52.57250696809936,52.572508484420936,52.57250994970194,52.572511341632,52.57251263897448,52.57251382188144,52.572514872195555,52.57251577370522,52.57251651252454,52.57251707716197,52.572517458773646,52.5725176513907,52.57251765199068,52.57251746047596,52.572517079725706,52.572516515593236,52.572515776806114,52.57251487481252,52.572513823741126,52.572512639898434,52.57251134150508,52.57250994839183,52.57250848162939,52.5725069635497,52.5725054174306,52.57250386678049,52.57250233507238,52.572500845466315,52.57249942007323,52.57249808028216,52.57249684614762,52.572495736326246,52.57249476774267,52.5724939550109,52.57249331031016,52.572492843129446,52.57249256012164,52.57249246560532
52.572781516248696,52.57278162229321,52.572781938750666,52.572782461246476,52.572783181251566,52.5727840882454,52.57278516880025,52.5727864068515,52.57278778413067,52.572789279943656,52.57279087213151,52.572792536875404,52.57279424926823,52.57279598373084,52.57279771410932,52.572799414226985,52.572801058158944,52.57280262073859,52.572804077944404,52.57280540730277,52.57280658819862,52.57280760217636,52.57280843338061,52.57280906872631,52.572809498154854,52.57280971483764,52.572809715352165,52.57280949963352,52.57280907098547,52.572808436129556,52.57280760512386,52.57280659104555,52.57280540992983,52.57280408023052,52.57280262245891,52.57280105895462,52.57279941355719,52.57279771156408,52.572795979338224,52.57279424325142,52.572792529258024,52.57279086313912,52.572789269736596,52.57278777283844,52.57278639479509,52.57278515620324,52.57278407571656,52.57278316942311,52.572782450744114,52.572781930149006,52.572781614928125,52.57278150976462
52.57308888457028,52.57308900267083,52.57308935465481,52.573089935691726,52.5730907366916,52.573091746135944,52.57309294946879,52.57309432914519,52.57309586507118,52.57309753452602,52.57309931304563,52.57310117430674,52.573103090621984,52.573105033412865,52.57310697339725,52.57310888115904,52.5731107274767,52.57311248387777,52.5731141230739,52.573115619484675,52.57311694958497,52.57311809226203,52.57311902930707,52.57311974571785,52.57312022999816,52.57312047429212,52.573120474652285,52.57312023105747,52.573119747376495,52.57311903141419,52.5731180948018,52.573116952524785,52.57311562276674,52.573114126482224,52.57311248701325,52.57311072983056,52.57310888226825,52.57310697295203,52.57310503124454,52.57310308675541,52.57310116861823,52.573099305504016,52.573097525148114,52.5730958539731,52.5730943167573,52.57309293612642,52.57309173245916,52.573090723325485,52.57308992346142,52.57308934431139,52.573088993756464,52.573088876854214
52.57341445168787,52.57341458269701,52.57341497294465,52.573415617159114,52.57341650577674,52.573417626366435,52.57341896327138,52.573420497533974,52.57342220724708,52.573424067660156,52.57342605191445,52.573428131052744,52.57343027441676,52.57343245013388,52.57343462544184,52.573436767247145,52.573438842548185,52.573440819040854,52.573442665583315,52.57344435287155,52.573445853878205,52.573447144301866,52.57344820308563,52.57344901286733,52.573449560366214,52.57344983648718,52.57344983664238,52.573449560885955,52.57344901380361,52.57344820448408,52.57344714637915,52.57344585680052,52.573444356576346,52.57344266972593,52.57344082310431,52.57343884603051,52.573436769833215,52.57343462689538,52.57343245009299,52.57343027260908,52.57342812724408,52.57342604593222,52.57342405943079,52.57342219689431,52.57342048553036,52.57341894999228,52.573417612389974,52.57341649175267,52.573415604077894,52.57341496170966,52.57341457300772,52.573414443368996
52.573758051883665,52.57375819639523,52.57375862691397,52.57375933783848,52.573760319256216,52.573761558035365,52.573763037585984,52.57376473773693,52.57376663494265,52.57376870256138,52.57377091138786,52.57377322979306,52.573775624035264,52.57377805869927,52.573780497182256,52.57378290222642,52.573785236452714,52.57378746305022,52.57378954629714,52.57379145237532,52.573793149975806,52.573794610883034,52.573795810529326,52.5737967285863,52.57379734948967,52.57379766260618,52.573797662561425,52.5737973494995,52.57379672890028,52.57379581140766,52.57379461262336,52.57379315275026,52.573791456086276,52.57378955059117,52.5737874675366,52.57378524078797,52.5737829060657,52.573780500184625,52.57377806040191,52.57377562396455,52.5737732276233,52.573770906895504,52.57376869567995,52.573766625808595,52.573764726787424,52.573763025163124,52.57376154463177,52.57376030548938,52.57375932474682,52.57375861549373,52.57375818647079,52.573758043320765
52.57411946040491,52.57411961855808,52.574120089995105,52.57412086902155,52.574121945625826,52.57412330635503,52.57412493408149,52.57412680785526,52.57412890292333,52.57413119112635,52.57413364120159,52.574136218988684,52.57413888766588,52.57414160811844,52.57414433954915,52.57414704000865,52.5741496670168,52.57415217838119,52.57415453284643,52.57415669104339,52.57415861630457,52.57416027546325,52.574161639489695,52.57416268425279,52.57416339122847,52.57416374782701,52.57416374767303,52.57416339093528,52.574162684172485,52.57416164005073,52.5741602769574,52.57415861878248,52.5741566943601,52.57415453682461,52.574152182911,52.57414967188807,52.57414704479047,52.57414434371847,52.57414161112688,52.57413888896821,52.57413621821913,52.57413363813161,52.57413118573028,52.57412889532693,52.57412679843616,52.57412492315926,52.57412329432609,52.57412193302752,52.57412085677976,52.57412007907198,52.57411960884657,52.574119451846144
52.574498370235965,52.57449854138538,52.57449905202391,52.57449989673276,52.57450106588542,52.57450254638119,52.574504321320966,52.57450636980122,52.57450866670227,52.57451118310831,52.5745138863587,52.57451674022215,52.57451970502389,52.574522737928795,52.57452579362318,52.57452882486409,52.574531783193635,52.574534619896546,52.574537286889985,52.57453973783188,52.574541929191376,52.57454382135501,52.57454537946099,52.57454657438677,52.574547383671614,52.57454779210406,52.57454779197509,52.57454738338351,52.574546574204156,52.57454537983227,52.57454382255731,52.57454193121234,52.57453974057212,52.57453729040227,52.5745346242315,52.574531788168684,52.57452883003597,52.5745257983899,52.57452274170765,52.57451970730708,52.57451674067763,52.5745138847514,52.57451117940395,52.574508660974175,52.57450636234939,52.574504312449484,52.57450253636382,52.574501055135315,52.574499885981595,52.57449904210966,52.57449853222245,52.5744983618663
52.5748943590746,52.57489454124017,52.574895085399554,52.574895986981765,52.574897237580046,52.57489882559003,52.574900735683755,52.574902948458046,52.57490543993364,52.57490818183456,52.57491114133135,52.574914281096824,52.574917559213816,52.57492092935034,52.574924341433714,52.574927742239346,52.57493107622254,52.57493428663543,52.57493731675148,52.57494011123143,52.57494261751846,52.574944787371855,52.574946578093844,52.57494795384498,52.5749488868005,52.57494935806317,52.57494935806021,52.57494888679055,52.574947953885676,52.57494657843793,52.574944788217934,52.57494261896828,52.57494011338147,52.57493731977781,52.57493429058037,52.5749310808733,52.57492774718347,52.574924346125584,52.574920933285036,52.574917562009134,52.574914282510036,52.57491114113411,52.57490817995829,52.574905436411775,52.57490294346952,52.57490072943794,52.57489881814839,52.57489722917047,52.57489597812884,52.57489507680774,52.574894532840126,52.57489435102121
52.5753068430553,52.57530703206523,52.57530759758084,52.575308536791404,52.57530984390075,52.57531151067855,52.57531352559324,52.575315873185005,52.575318533161145,52.57532148030943,52.57532468380017,52.57532810698156,52.57533170693976,52.575335434469025,52.57533923466194,52.57534304752126,52.57534680895212,52.57535045208609,52.57535390894952,52.575357112258914,52.575359997297745,52.575362504013796,52.57536457887536,52.57536617670495,52.57536726217069,52.57536781108266,52.5753678111802,52.57536726242275,52.57536617704586,52.57536457931482,52.57536250462807,52.57535999831981,52.575357113922685,52.57535391142447,52.57535045536431,52.57534681284958,52.575343051710036,52.575339238736795,52.575335438090086,52.575331709875215,52.57532810907584,52.57532468484929,52.575321480230755,52.575318531991485,52.57531587095761,52.575313522335016,52.575311506168596,52.57530983812716,52.5753085300591,52.575307590460945,52.575307024500844,52.57530683534448
52.575735011377915,52.57573519955035,52.57573576387408,52.575736704754675,52.57573802128017,52.57573971162879,52.57574177167357,52.5757441938735,52.575746965762555,52.575750069219865,52.5757534790731,52.57575716239077,52.575761077512034,52.57576517364944,52.57576939127276,52.57577366271509,52.57577791335094,52.57578206322709,52.57578602931704,52.5757897280077,52.575793077758334,52.575796001981416,52.575798431801985,52.57580030869833,52.57580158661161,52.575802233732276,52.575802233867044,52.57580158696635,52.57580030917913,52.5757984323159,52.57579600255236,52.57579307860086,52.5757897292956,52.575786031143444,52.57578206557266,52.57577791614846,52.57577366579007,52.57576939439913,52.57576517667214,52.57576108034259,52.57575716494523,52.5757534811934,52.575750070813164,52.57574696685657,52.575744194343194,52.57574177135118,52.575739710026255,52.57573801814427,52.57573670016393,52.57573575825511,52.575735192844704,52.57573500404893
52.57617773447756,52.5761779085995,52.57617843283263,52.57617931307224,52.576180556912355,52.57618217378193,52.57618417273025,52.57618656050435,52.5761893391108,52.576192504017286,52.576196041699724,52.57619992800156,52.57620412635685,52.57620858675573,52.576213245725526,52.576218026868105,52.57622284226602,52.57622759459099,52.57623218016754,52.57623649250045,52.57624042617321,52.57624388091041,52.576246765632625,52.57624900234788,52.57625052937861,52.5762513039076,52.57625130403432,52.57625052969439,52.57624900277033,52.57624676610472,52.57624388148431,52.57624042694518,52.57623649345414,52.576232181287786,52.576227595878606,52.57622284379049,52.57621802864092,52.576213247710236,52.57620858897102,52.57620412886546,52.57619993081675,52.57619604474304,52.57619250717825,52.57618934232206,52.57618656344327,52.57618417502921,52.576182174736275,52.57618055607263,52.576179310323404,52.576178428501336,52.57617790264939,52.576177727543566
52.57663343491789,52.576633573130835,52.57663399284969,52.5766347089995,52.57663574337325,52.57663712425021,52.576638882950526,52.576641050600145,52.57664365422453,52.576646713242255,52.576650235388314,52.57665421349818,52.576658622436284,52.576663417021265,52.5766685312885,52.57667387882964,52.57667935448756,52.57668483721226,52.57669019430812,52.576695286508084,52.57669997376903,52.57670412121469,52.576707605138076,52.576710318768214,52.576712177287654,52.576713121693274,52.57671312175142,52.57671217743257,52.57671031901529,52.57670760550514,52.57670412174093,52.57669997439684,52.576695287036635,52.57669019464667,52.57668483742019,52.57667935475394,52.57667387932774,52.576668532139344,52.57666341837629,52.57665862450215,52.57665421640897,52.57665023916201,52.57664671775884,52.576643659275625,52.57664105564358,52.57663888740302,52.57663712722644,52.576635744286065,52.57663470761498,52.576633989466835,52.576633567784796,52.5766334284123
52.57709990638581,52.5770999734092,52.57710018457262,52.577100569338,52.57710117258674,52.57710205327252,52.57710327919122,52.577104921644235,52.577107049254174,52.57710972176257,52.577112983421856,52.57711685722759,52.57712133972777,52.577126397257025,52.57713196402057,52.577137942023015,52.57714420312388,52.57715059304289,52.577156937399344,52.57716304910437,52.577168737002395,52.57717381485286,52.57717811038601,52.57718147390184,52.577183785932775,52.5771849632609,52.57718496322448,52.57718378585545,52.57718147392824,52.57717811058797,52.577173815190854,52.577168737287565,52.57716304906532,52.57715693693242,52.577150592257034,52.577144202272805,52.57713794140014,52.57713196388328,52.57712639787024,52.577121341411846,52.57711686020996,52.57711298774912,52.577109727274745,52.57710705561627,52.577104928157816,52.577103285104755,52.57710205758195,52.5771011746285,52.57710056885407,52.577100181891126,52.57709996866077,52.577099900518505
52.57757406010142,52.57757399993392,52.577573837344936,52.57757362482997,52.577573444133,52.57757340321969,52.57757362840865,52.57757425577386,52.57757542139623,52.577577251002865,52.57757984936183,52.577583290490956,52.57758760901806,52.577592793647106,52.577598783354524,52.5776054665686,52.57761268366488,52.57762023270151,52.577627878232114,52.57763536229222,52.57764241733668,52.57764877997799,52.57765420483852,52.57765847757318,52.577661426427255,52.577662931559665,52.57766293147008,52.57766142619275,52.577658477358874,52.57765420472488,52.57764877986652,52.5776424170138,52.57763536155021,52.577627876997674,52.577620231089846,52.57761268193966,52.5776054651048,52.57759878251646,52.57759279378473,52.57758761050251,52.57758329358252,52.57757985405348,52.57757725705058,52.577575428370785,52.5775742629177,52.577573634900034,52.57757340804776,52.57757344663293,52.577573624818356,52.577573835233345,52.577573995944505,52.57757405525624
52.57805157021484,52.57805129499302,52.57805049941763,52.57804927205222,52.57804775270301,52.578046126620954,52.57804461271634,52.57804344996981,52.578042882121174,52.57804314091968,52.578044429199416,52.57804690479096,52.57805066634607,52.57805574231646,52.57806208410481,52.57806956397484,52.57807797810364,52.57808705486514,52.57809646791914,52.57810585289114,52.57811482694116,52.57812300982449,52.57813004516842,52.57813562044315,52.57813948444275,52.578141461532184,52.57814146143533,52.578139484132905,52.578135619979165,52.57813004456415,52.5781230089925,52.578114825779814,52.5781058513482,52.57809646597764,52.57808705263708,52.57807797584198,52.5780695620734,52.57806208294529,52.57805574227174,52.57805066777129,52.578046907927956,52.57804443397232,52.57804314700405,52.578042889019514,52.57804345691306,52.57804461888322,52.57804613112572,52.57804775498868,52.57804927211394,52.57805049780594,52.578051291997106,52.578051566802635
52.578526379011144,52.578525751999116,52.57852391994205,52.57852102744771,52.578517304845036,52.578513058095766,52.57850865112275,52.57850448468652,52.578500972446555,52.57849851440493,52.578497470032744,52.57849813231751,52.57850070478133,52.578505283234264,52.57851184397599,52.57852023958105,52.57853020272581,52.57854135830182,52.57855324308554,52.57856533135573,52.57857706484709,52.57858788513419,52.57859726630813,52.57860474573416,52.578609950762775,52.57861262038753,52.578612620257694,52.57860995032219,52.5786047449252,52.57859726505999,52.578587883434004,52.57857706276892,52.5785653290044,52.57855324050846,52.578541355638805,52.57853020024219,52.5785202376485,52.57851184290308,52.57850528332648,52.578500706294165,52.57849813539388,52.5784974745261,52.5784985199589,52.57850097855038,52.57850449063025,52.578508656155684,52.578513061581084,52.57851730644382,52.57852102738198,52.57852391890205,52.57852575026441,52.578526377356795
52.57899000824463,52.578988817917654,52.57898532507746,52.578979760852796,52.57897249563836,52.57896402256396,52.578954931001505,52.57894587410719,52.578937531620085,52.578930568268504,52.57892559128998,52.578923109024416,52.578923493933274,52.5789269528049,52.578933506931364,52.57894298429843,52.578955024512055,52.57896909681913,52.57898452998203,52.579000551814346,52.57901633544161,52.57903104930778,52.57904390744177,52.57905421676625,52.57906141821338,52.57906511978284,52.57906511953967,52.5790614174561,52.57905421543177,52.579043905466904,52.57903104677766,52.57901633254728,52.57900054876261,52.57898452689816,52.57896909391123,52.57895502207676,52.57894298266503,52.578933506284706,52.578926953288324,52.57892349562854,52.5789231119115,52.57892559514789,52.57893057274325,52.578937536246855,52.578945878336626,52.57895493425897,52.57896402455937,52.57897249632817,52.578979760674784,52.578985324785634,52.57898881765837,52.57899000847742
52.57943060300466,52.57942852360751,52.57942240832349,52.579412621128,52.57939974784083,52.57938457013472,52.57936802592216,52.5793511598921,52.579335066074904,52.579320823204824,52.57930942787179,52.579301728855256,52.57929836788727,52.579299731408895,52.57930591779003,52.579316723490635,52.57933164952715,52.57934992866752,52.57937057129266,52.579392426632594,52.579414254564306,52.579434803108164,52.57945288605039,52.57946745568139,52.57947766612409,52.579482924003116,52.5794829235838,52.57947766489831,52.579467453691635,52.57945288335716,52.57943479988042,52.57941425103409,52.579392423080805,52.57937056793712,52.579349925778665,52.579331647407976,52.57931672239576,52.579305917760976,52.57929973236542,52.57929836970348,52.579301731341864,52.579309430742555,52.57932082613497,52.57933506869665,52.57935116191287,52.579368027051515,52.57938457046891,52.57939974762681,52.57941262095641,52.57942240891011,52.57942852484614,52.57943060498664
52.57983160850435,52.579828140082725,52.57981792609349,52.579801533452645,52.579779877639,52.579754183013364,52.579725923901556,52.579696749772026,52.57966839705852,52.57964258925394,52.57962093208553,52.57960480972714,52.579595290187655,52.5795930475259,52.5795983081674,52.57961082706702,52.57962989628522,52.57965438645873,52.57968281786538,52.57971345568618,52.57974442183299,52.57977381529973,52.57979983238535,52.57982087874822,52.57983566677663,52.57984329317766,52.57984329258134,52.57983566508174,52.579820876131535,52.57979982906917,52.579773811529954,52.57974441788511,52.57971345191377,52.579682814551504,52.57965438388303,52.57962989470958,52.57961082663148,52.579598308758136,52.579593048821714,52.579595291869886,52.57960481149021,52.5796209336311,52.57964259033859,52.5796683974643,52.57969674949254,52.57972592296659,52.57975418185364,52.579779876694424,52.579801533358385,52.57981792744242,52.579828142495195,52.57983161175236
52.580169945044084,52.58016432236219,52.58014774951156,52.58012110199136,52.580085797489176,52.58004373669214,52.579997216331556,52.579948816838915,52.57990126772577,52.579857293697216,52.57981945074146,52.5797899623218,52.57977056846169,52.579762400546144,52.579765893861705,52.5797807472639,52.57980593465043,52.57983976874012,52.57988001195636,52.579924025338606,52.579968943322065,52.58001186104321,52.580050020729175,52.580080984575766,52.580102784220706,52.58011403919063,52.58011403846885,52.580102782195326,52.58008098151935,52.580050016997426,52.58001185696799,52.57996893926052,52.57992402169081,52.57988000902232,52.579839766741244,52.579805933746115,52.57978074744272,52.57976589486841,52.57976240187744,52.57977056965863,52.57978996303093,52.57981945071284,52.5798572928191,52.579901265979544,52.579948814492305,52.57999721369974,52.580043734431634,52.58008579609772,52.58012110200723,52.58014775133038,52.58016432539815,52.5801699488994
52.58041350113239,52.58040455556678,52.580378171257564,52.58033569076566,52.58027929358905,52.58021190975151,52.58013709265634,52.58005885176533,52.57998144819572,52.57990915826684,52.57984601773151,52.57979556331224,52.57976059200116,52.5797429595405,52.579743438150736,52.57976164900638,52.57979607771608,52.5798441732293,52.57990252187699,52.57996708123482,52.58003345413836,52.58009718091136,52.580154028467575,52.580200256936436,52.58023284870832,52.58024968868263,52.58024968792336,52.58023284658536,52.580200253745474,52.580154024642916,52.580097176876066,52.58003345033329,52.57996707805548,52.579902519596466,52.5798441719518,52.57979607744936,52.57976164958763,52.57974343922935,52.57974296053701,52.57976059238222,52.57979556271953,52.57984601602252,52.57990915550826,52.57998144460151,52.58005884784123,52.58013708889619,52.580211906865216,52.5802792919938,52.58033569079537,52.58037817310141,52.58040455857915,52.58041350489934
52.580517705205835,52.580503655669276,52.58046219602805,52.58039537244221,52.580306515060435,52.58020011466256,52.58008163897441,52.57995728564969,52.57983367371615,52.579717480965,52.5796150452731,52.57953195656868,52.57947267259643,52.579440194166395,52.57943583360324,52.579459102323625,52.579507731816456,52.5795778283143,52.57966414752298,52.57976046365582,52.57986000026771,52.57995588713938,52.58004160892399,52.58011141582168,52.580160673642894,52.58018613712345,52.58018613644374,52.58016067172897,52.58011141289726,52.580041605423446,52.57995588355024,52.57985999709042,52.57976046124382,52.57966414607067,52.579577827770905,52.57950773203733,52.579459103018195,52.57943583433944,52.579440194373525,52.579472671781694,52.57953195447122,52.5796150419447,52.579717476675064,52.57983366885435,52.57995728083257,52.58008163471767,52.58020011155055,52.58030651333982,52.58039537223188,52.580462197412864,52.58050365810027,52.58051770831822
52.58042086209607,52.58039899915502,52.580334453395665,52.580230325566994,52.580091675946605,52.57992535282532,52.5797397312309,52.57954435194349,52.57934945865324,52.579165442979985,52.579002223246235,52.57886859947898,52.578771638870926,52.57871615132977,52.57870431198236,52.578735474496206,52.57880619964174,52.5789104991856,52.57904027200289,52.57918588917048,52.57933687348609,52.5794826149921,52.57961306743441,52.57971937978366,52.57979442942141,52.57983323463125,52.57983323413054,52.57979442799235,52.57971937753653,52.57961306472034,52.579482612279165,52.579336871274066,52.579185887754285,52.57904027144778,52.57891049927559,52.578806200102406,52.57873547493631,52.57870431191323,52.57871615026852,52.57877163652879,52.57886859583979,52.57900221860157,52.5791654377535,52.57934945327472,52.5795443469616,52.57973972702595,52.57992534972946,52.5800916740098,52.580230324775734,52.580334453869526,52.58039900053728,52.58042086405629
52.58003784718973,52.58000405690924,52.5799042559045,52.579743116769286,52.57952828841798,52.57927016558734,52.57898152486309,52.57867700362403,52.57837241051987,52.57808387791912,52.57782689377378,52.5776152801157,52.57746020748022,52.577369345403895,52.57734624535723,52.57739003100849,52.57749543740294,52.5776531988402,52.5778507453068,52.57807313439288,52.578304126629526,52.57852730787135,52.57872717042728,52.57889008223014,52.579005095445,52.579064565158966,52.57906456487291,52.57900509463757,52.57889008096706,52.578727168947125,52.57852730649645,52.5783041257121,52.57807313411507,52.57785074558165,52.577653199319734,52.5774954377094,52.57739003072314,52.57734624405836,52.577369342795556,52.577460203582675,52.577615275210775,52.577826888329604,52.57808387239252,52.57837240526586,52.57867699900166,52.57898152101349,52.579270162537306,52.579528286097606,52.57974311516065,52.579904255215986,52.58000405693312,52.58003784758945
52.57925164053532,52.57919968884133,52.57904618184656,52.5787981200562,52.57846700403881,52.57806853938425,52.57762214409947,52.57715020823577,52.57667707470163,52.57622774805157,52.57582638495331,52.575494672647665,52.57525024302884,52.57510529152609,52.57506556505413,52.57512984782044,52.57529001579057,52.575531658885026,52.57583520032914,52.57617738806095,52.576533002264966,52.57687661892544,52.57718428754444,52.57743501453851,52.57761198295412,52.57770347296418,52.57770347291169,52.57761198284361,52.577435014460725,52.5771842876248,52.57687661924872,52.57653300287171,52.57617738892276,52.57583520121044,52.575531659377745,52.57529001548395,52.57512984639182,52.575065562312815,52.57510528743822,52.575250237891225,52.57549466696001,52.57582637925084,52.576227742721365,52.576677069963104,52.57715020419995,52.57762214063615,52.5780685362745,52.57846700121518,52.578798117572475,52.57904617992582,52.5791996873121,52.57925163905081
52.5779020557058,52.57782251669357,52.577587388303975,52.57720709309743,52.57669882580869,52.57608620426567,52.57539863019436,52.57467025891151,52.57393850691626,52.573242090245365,52.57261866898513,52.572102266255605,52.571720706620276,52.5714933612763,52.57142948185353,52.571527345597296,52.57177433297895,52.57214793450034,52.57261756201734,52.5731469477112,52.57369686503839,52.57422790444604,52.57470307523772,52.57509006818587,52.57536308294775,52.575504183356514,52.57550418359272,52.575363083652014,52.57509006940608,52.57470307693997,52.57422790648499,52.57369686711666,52.573146949531754,52.572617563200986,52.57214793463393,52.57177433171229,52.5715273428296,52.57142947772416,52.57149335603637,52.57172070073385,52.57210226029517,52.57261866349337,52.573242085495814,52.57393850292636,52.57467025547523,52.57539862696563,52.576086200943514,52.57669882241519,52.577207089713426,52.577587385068064,52.577822513416756,52.577902052081335
52.57577088420694,52.575649542380404,52.57529066119683,52.57470964944329,52.5739320565442,52.572993218087156,52.571937480157516,52.57081680627012,52.56968861725293,52.56861282090875,52.56764813323846,52.566847957812335,52.56625623130443,52.5659037257643,52.56580529418222,52.56595844664328,52.56634346541712,52.56692504908164,52.5676552639968,52.56847742383579,52.56933044120266,52.570153203560935,52.57088860422408,52.57148697816967,52.57190881644695,52.57212673478844,52.5721267353546,52.57190881803313,52.57148698064652,52.57088860733225,52.5701532070001,52.56933044443673,52.56847742631049,52.567655265199285,52.56692504860985,52.56634346306525,52.56595844262042,52.565805288945,52.56590371981302,52.566256225180126,52.56684795206911,52.567648128373584,52.56861281700069,52.56968861402053,52.57081680320687,52.57193747688414,52.57299321440705,52.573932052537934,52.57470964510559,52.575290656525425,52.57564953720962,52.57577087837993
52.57256255421835,52.572378035750745,52.57183200038048,52.57094704537516,52.56976086853769,52.56832603799803,52.56670915999929,52.56498907300749,52.563253767302896,52.56159590537347,52.56010707160278,52.558871172754934,52.55795767125136,52.55741549285527,52.5572684540003,52.55751288507802,52.558117810693496,52.55902766036191,52.56016711198212,52.56144740013162,52.562773301347995,52.56405004299056,52.56518953890253,52.56611557724015,52.56676780789906,52.5671045516339,52.56710455248752,52.566767810243405,52.566115580729914,52.56518954303085,52.56405004732646,52.562773305224965,52.561447402819574,52.56016711289081,52.559027659153486,52.55811780739526,52.55751288020968,52.557268448215936,52.55741548678545,52.55795766545258,52.558871167715864,52.560107067643614,52.561595902243674,52.56325376445756,52.56498906987999,52.5667091564181,52.56832603388973,52.56976086389553,52.57094704003063,52.57183199421453,52.57237802875303,52.572562546522065
52.56787932847455,52.5675996140362,52.56677135162641,52.56542736800342,52.563622834598476,52.561435452349045,52.558964794434566,52.556330117098966,52.55366605248349,52.551115886693516,52.5488225655432,52.5469180916258,52.5455124555804,52.54468355165693,52.54446955446301,52.54486494371078,52.54582080521527,52.54724934379421,52.5490318884026,52.55102920574236,52.55309275374595,52.55507560270555,52.55684206039279,52.55827544901999,52.55928387898151,52.559804162478095,52.559804163489645,52.55928388177091,52.55827545310128,52.55684206503343,52.55507560727825,52.553092757553244,52.55102920806861,52.54903188872848,52.54724934195739,52.54582080146413,52.54486493870436,52.544469548876485,52.54468354612666,52.54551245060668,52.546918087564194,52.54882256240256,52.551115883919586,52.55366604952174,52.55633011360942,52.558964790458056,52.56143544776066,52.563622829215646,52.56542736157688,52.56677134407812,52.56759960568429,52.56787931979154
52.56119010491004,52.560767440832024,52.55951500000874,52.5574799329193,52.554742212174354,52.55141582915386,52.54764884853196,52.5436210625938,52.53953813008317,52.53562155401586,52.53209460937587,52.529165257890355,52.527007968116244,52.52574694832464,52.52544338585343,52.526088786408955,52.52760551012236,52.529854357046716,52.53264789018271,52.53576738607307,52.53898102551581,52.542061170702674,52.54479917660914,52.54701694262919,52.548575116219766,52.5493783651056,52.54937836609747,52.54857511899796,52.54701694667503,52.54479918106611,52.54206117474384,52.53898102849635,52.53576738751376,52.5326478898485,52.52985435500116,52.52760550664277,52.52608878203059,52.52544338115666,52.525746943859204,52.527007964240354,52.52916525474466,52.532094606662994,52.53562155113694,52.539538126755176,52.54362105870235,52.54764884408783,52.55141582386235,52.55474220577694,52.5574799253407,52.55951499144931,52.56076743203199,52.56119009649038
52.551792136785785,52.55115568974979,52.54926824378738,52.54619659967639,52.54205535496388,52.53701026996181,52.53128015575311,52.525135025955905,52.51888843003947,52.51288263568143,52.507466619100114,52.50296846463045,52.499665393653366,52.49775577179752,52.49733766866566,52.498397681512536,52.5008119433267,52.504358989206054,52.508742075465605,52.51361717264811,52.518622455141596,52.52340563826022,52.527646674743096,52.5310747120254,52.533479454543105,52.534717920342324,52.534717921138586,52.533479456790175,52.531074715233174,52.527646678154355,52.523405641041684,52.518622456767446,52.51361717296769,52.50874207463135,52.5043589874078,52.5008119406868,52.49839767835154,52.49733766540793,52.497755768778916,52.49966539095488,52.502968462129616,52.507466616390175,52.51288263244425,52.51888842628565,52.52513502155959,52.53128015055625,52.53701026361259,52.54205534737295,52.54619659120109,52.549268235019184,52.55115568166903,52.55179212978683
52.53876561110087,52.53781100917264,52.534977457913435,52.53035800675103,52.524114591738446,52.51648572505247,52.507792416585346,52.498438335577944,52.488900388547954,52.4797070571815,52.47140402024747,52.464509483638864,52.45946461423664,52.45658663654703,52.45603268930888,52.45778105205114,52.461633114429205,52.467235381781094,52.47411708438825,52.48173659832281,52.48952935651717,52.49695107409964,52.503512332535365,52.508803094048226,52.51250788427175,52.51441377498825,52.51441377543778,52.51250788551773,52.5088030956819,52.50351233410398,52.496951075055286,52.48952935659156,52.481736597620056,52.47411708326599,52.4672353804593,52.461633112936205,52.45778105053447,52.4560326879254,52.4565866352006,52.45946461257599,52.464509481364956,52.47140401720661,52.479707053464914,52.488900384214766,52.498438330357686,52.50779241025903,52.5164857174882,52.52411458326303,52.530357998213546,52.534977450073725,52.53781100282809,52.53876560617797
52.52092222793721,52.51949691732476,52.515261802135306,52.5083437511794,52.4989676779088,52.487472429086345,52.47432486592163,52.46012518931518,52.44559659359461,52.43155408611013,52.41885093831393,52.40830632532725,52.40062315589225,52.39630924508343,52.39561621081918,52.39850791665034,52.404664401886826,52.41351979167331,52.424325985014306,52.43622988250151,52.44835132030103,52.459851294888566,52.46998426983283,52.47813290798592,52.48382730354387,52.48675304329886,52.486753043278696,52.48382730344105,52.47813290757928,52.469984269065385,52.45985129372296,52.44835131891124,52.43622988106636,52.42432598381649,52.4135197909438,52.40466440169776,52.39850791698039,52.395616211379085,52.39630924518518,52.40062315480458,52.40830632291,52.4188509348854,52.431554081902746,52.44559658847984,52.460125182967765,52.47432485831982,52.4874724206065,52.4989676693562,52.50834374362808,52.515261796108156,52.51949691314353,52.52092222512521
52.496750976625414,52.49463414413781,52.48833699808962,52.47802777819716,52.46401212996347,52.446763959949415,52.42695514370402,52.405472190345925,52.38340754193092,52.36201567339395,52.34263008005583,52.32654610620884,52.31488452089268,52.308458721124424,52.30767118151801,52.31246038579028,52.32230873375951,52.336308243554086,52.35326881464157,52.37184697065517,52.39067262516292,52.408456414953505,52.42406803914771,52.436584151033784,52.445310674810905,52.44978797277808,52.44978797223549,52.445310673225435,52.43658414848434,52.42406803602988,52.40845641179861,52.39067262248294,52.37184696868888,52.35326881360141,52.33630824357121,52.32230873486131,52.31246038770469,52.307671183452655,52.30845872194314,52.3148845198991,52.32654610368953,52.34263007646706,52.362015668694255,52.38340753584358,52.40547218276343,52.42695513511199,52.44676395130092,52.46401212226624,52.478027772354096,52.488336994146266,52.49463414196864,52.49675097557436
52.46436749090425,52.461243241560254,52.451937233618054,52.436664334256804,52.4158282786529,52.390078977116396,52.36037095422624,52.328002921441254,52.29461686520769,52.26213823799806,52.232648245388134,52.20819449068507,52.19056437061115,52.18106096357579,52.180327180621674,52.188256498761504,52.20400885972539,52.22612507059327,52.25271131056913,52.28165389421125,52.31082514231646,52.338251388327144,52.36222880964974,52.38138701687712,52.394710841949845,52.401536173193584,52.401536172152504,52.39471083899069,52.38138701252211,52.36222880477641,52.33825138368333,52.31082513852597,52.28165389173384,52.25271130976023,52.226125071451364,52.204008861880574,52.18825650149405,52.180327182876646,52.18106096434714,52.1905643696535,52.20819448836546,52.23264824168501,52.26213823257183,52.29461685798733,52.32800291291803,52.36037094544515,52.390078969257324,52.415828272541546,52.43666433039559,52.451937231589746,52.46124324099743,52.464367491165596
52.421477893227085,52.416900569647275,52.4032467775611,52.380776474399234,52.35000280306879,52.31179479177197,52.26748686968661,52.21896227182582,52.16867303420741,52.119562653412366,52.074871856431706,52.03783381169558,52.01129798904777,51.99735148460664,51.99701982471054,52.01011677155546,52.03527612248887,52.07015157596986,52.1117315523309,52.156697116705296,52.201755175083925,52.24389953740879,52.280579339937894,52.309778907125875,52.33003014884737,52.34038642513955,52.34038642374423,52.33003014501869,52.3097789018687,52.28057933420238,52.24389953187535,52.20175517047044,52.15669711378321,52.11173155165728,52.07015157744663,52.035276125162696,52.01011677407057,51.9970198262462,51.99735148493863,52.01129798821414,52.037833809493165,52.07487185228358,52.11956264708553,52.16867302626887,52.218962263331726,52.267486861823016,52.31179478551112,52.35000279887944,52.38077647238911,52.40324677701417,52.41690057016863,52.421477894306705
52.36537388321784,52.358725072976696,52.33886054906926,52.306068903512816,52.260966955594995,52.20467814648146,52.13903015937612,52.066718864883505,51.99137543844614,51.91747513745117,51.850046919165024,51.794186013727156,51.75443075988687,51.73412227137267,51.734894385442885,51.75642086798724,51.796478581016046,51.85129744318093,51.91609747476428,51.98568365682059,52.05498217117935,52.11944201438789,52.1752745762437,52.219545298776055,52.25015819342152,52.265784568845916,52.26578456746133,52.2501581897603,52.21954529371266,52.175274570467415,52.119442008612275,52.054982166317295,51.98568365382391,51.91609747412913,51.85129744455288,51.79647858307224,51.75642086930864,51.73489438582775,51.73412227115023,51.75443075877287,51.79418601102822,51.85004691429138,51.91747513078614,51.99137543097524,52.06671885764716,52.13903015328017,52.20467814213441,52.26096695317604,52.30606890287791,52.33886054940757,52.3587250740143,52.365373884632156
52.29298247835964,52.28342064847801,52.254802455885766,52.20740005429461,52.141891498861256,52.05966171431059,51.963147757989745,51.85614586699424,51.74397568827038,51.63339208302731,51.53216183046285,51.44829155690079,51.388998665536434,51.35962800641132,51.362780457304,51.39788729217071,51.4613349215257,51.54707847729681,51.6475563047327,51.754673759344804,51.86065912085614,51.95867323000969,52.043140549172236,52.109837533918764,52.1558142205711,52.17923764956774,52.17923764873545,52.15581421801693,52.10983752986846,52.04314054410787,51.95867322485169,51.86065911660604,51.754673756779,51.647556303881466,51.54707847742071,51.46133492157055,51.397887291764135,51.36278045674053,51.359628005281316,51.388998663208554,51.44829155300378,51.532161825183515,51.63339207714075,51.74397568244182,51.85614586181228,51.963147753968016,52.059661711746216,52.14189149778799,52.20740005447697,52.254802456588635,52.283420649637016,52.29298247993119
52.20099997279385,52.18740610869669,52.14664069103683,52.078864035037114,51.984703564864006,51.865747133249386,51.72512852504752,51.56808110658122,51.40229090154359,51.23785764614456,51.086700758594105,50.96135292785549,50.87326884484813,50.83099173945635,50.83866058213673,50.89529353298054,50.99503359551122,51.128225071386304,51.2829651953527,51.44671898748447,51.60766984070343,51.755628968832625,51.88247542402332,51.98220633035491,52.05073368643813,52.08557626376896,52.08557626347975,52.05073368527015,51.98220632785981,51.882475420552296,51.755628965319566,51.60766983785083,51.44671898548243,51.282965193601655,51.12822506919802,50.99503359298693,50.895293530866354,50.83866058030044,50.83099173666601,50.87326884056783,50.96135292281278,51.08670075366959,51.237857641882336,51.40229089793123,51.56808110371474,51.7251285230613,51.86574713220483,51.98470356475288,52.07886403564329,52.146640691821105,52.187406109963156,52.200999975089125
52.08614295608514,52.06706934559761,52.00974790763012,51.91404912824112,51.780317581976,51.610156776278544,51.40739346202722,51.17904360984629,50.936016703931465,50.69323190973694,50.468832881140955,50.28233819088399,50.15188017240178,50.09110085226371,50.106586124254584,50.19666157219322,50.35187735227844,50.556896603120585,50.79311256357695,51.04127055314917,51.28356646021136,51.50497358983176,51.69379704596848,51.84161758979339,51.942861155141586,51.99423531753522,51.99423531743777,51.94286115479034,51.84161758915227,51.69379704500091,51.50497358887388,51.283566459134434,51.04127055130358,50.79311256014974,50.55689659847084,50.35187734773819,50.19666156812596,50.106586119919626,50.091100847012186,50.151880166623286,50.28233818550988,50.4688328770688,50.693231907184554,50.93601670242911,51.179043609111,51.407393461820924,51.61015677648433,51.780317582589035,51.91404912910607,52.009747908522996,52.067069347576265,52.08614296013041
51.9455460363344,51.91918053011894,51.839757068246364,51.70655127353307,51.519198649026606,51.27890397688712,50.98998235734797,50.66149297211277,50.30857136100011,49.95291994900026,49.62187235171244,49.34563251129362,49.15280787432766,49.06515225966359,49.09313691642039,49.233938855499034,49.47240645528028,49.78436892326842,50.14100946010469,50.51305675823078,50.87397930565353,51.201867983592166,51.48008339460697,51.69697428613246,51.84506029050223,51.92005811899593,51.92005811895175,51.84506029074015,51.69697428728804,51.48008339665438,51.20186798548816,50.87397930596811,50.513056755776454,50.141009454961825,49.7843689171733,49.47240644911824,49.23393884866035,49.093136908794406,49.06515225213964,49.15280786790199,49.345632506345396,49.62187234848142,49.95291994762999,50.3085713610029,50.661492972998786,50.98998235855384,51.27890397815375,51.51919865032886,51.706551274830154,51.83975706990593,51.919180533756496,51.94554604082625
51.777321725362505,51.74148609474312,51.63325465306211,51.4508207080302,51.192393327212976,50.857996554138445,50.45185373994785,49.98506509268227,49.47801994619248,48.96168269665318,48.47669833382807,48.06942613656505,47.78480482714323,47.6574459335493,47.70394520736316,47.91957312078777,48.28022859392737,48.74822168266269,49.27947401121891,49.830071211822485,50.360995328859275,50.84070730424219,51.2458217835881,51.56041385923417,51.77458377351756,51.882854679427695,51.882854679781765,51.77458377486907,51.560413862198,51.24582178785706,50.84070730801817,50.36099532952858,49.830071208674454,49.27947400571804,48.74822167597108,48.28022858557148,47.919573110854465,47.70394519723044,47.65744592465042,47.78480482032877,48.06942613199969,48.47669833131094,48.96168269590555,49.47801994699248,49.985065094612274,50.451853742283575,50.857996556483904,51.1923933294847,51.45082071053617,51.6332546566114,51.741486098837754,51.77732172899276
51.58126829920414,51.53347556042346,51.38872414579847,51.14339629704546,50.79315411383971,50.33551228757786,49.773397685473945,49.11939273426441,48.39992923662665,47.65812472783891,46.953437157980176,46.35628365984527,45.93684911055962,45.749995260044194,45.82179828693671,46.144299396102326,46.67954226224817,47.369605856429104,48.14818264454215,48.95049294012524,49.72005130136596,50.41207728522407,50.99408314847038,51.44451426453497,51.75038872098663,51.90477838567013,51.90477838680614,51.75038872425272,51.44451426934051,50.994083153555415,50.4120772885538,49.72005130153799,48.95049293751083,48.14818263971105,47.36960584850124,46.679542251542294,46.144299384326736,45.82179827578812,45.74999525054266,45.936849103290314,46.35628365505895,46.953437155650114,47.658124727427605,48.399929237680155,49.119392736692106,49.77339768869087,50.33551229112983,50.7931541177301,51.14339630182918,51.38872415020032,51.53347556341603,51.58126830017494
51.35966383560946,51.2972632001675,51.10769654229328,50.784520361400055,50.31922525903381,49.70475114580736,48.94059105346673,48.039271533695306,47.03335065209149,45.98106619446811,44.96763172492882,44.09857730953652,43.482661613655175,43.2063257770625,43.309760474590206,43.77929446444254,44.55591451115616,45.55240782966983,46.67127241025851,47.81900423332717,48.91533702947899,49.897592639552,50.72106470892654,51.35671405080701,51.787523881461006,52.00471153643657,52.00471153837137,51.787523886535205,51.35671405674925,50.721064713084644,49.89759264081914,48.91533702917825,47.8190042319646,46.671272405213095,45.55240782061948,44.55591449989199,43.77929445278786,43.309760463634596,43.20632576741026,43.48266160584777,44.098577304027074,44.96763172206645,45.981066194018474,47.033350653365474,48.03927153627609,48.94059105721092,49.70475115058992,50.319225265192586,50.784520367627856,51.10769654595013,51.29726320066291,51.35966383377384
51.11802143293396,51.038456831261804,50.795976346207105,50.38001151124285,49.775715539523446,48.96851733398408,47.951107256477584,46.73292830892542,45.351354163448825,43.88209680829005,42.444192686819406,41.19305850171109,40.29547547198225,39.886522542224874,40.02574264033956,40.68875133694262,41.78540086034941,43.18818661196827,44.75820680137121,46.3642563562759,47.89473714171413,49.26314061128521,50.4082881050787,51.29092168967248,51.88844109959697,52.189456228258805,52.18945623046786,51.88844110489526,51.29092169463614,50.40828810724588,49.26314061159474,47.894737141798984,46.36425635395583,44.758206795819596,43.18818660372847,41.785400850710616,40.68875132686611,40.02574263042861,39.88652253300689,40.29547546408751,41.19305849580703,42.44419268355248,43.88209680764421,45.35135416489608,46.73292831176341,47.951107260580734,48.96851734009426,49.775715547078036,50.38001151684144,50.79597634781725,51.03845682977913,51.118021429795654
50.86561271244089,50.76680617090566,50.46469518732199,49.943095204784946,49.17822304716089,48.144233579547915,46.822274788933754,45.21373409649911,43.35725402008416,41.34663735418844,39.34293511285457,37.56989642314393,36.279850575393205,35.682123117687674,35.857977265155924,36.76192876373841,38.259791383761375,40.17310228807985,42.312649564930624,44.50101383280578,46.58692072218889,48.4524794030424,50.01395338686431,51.21752427056053,52.032269605138175,52.44268978546111,52.44268978677094,52.03226960767884,51.21752427202003,50.01395338776514,48.45247940441074,46.58692072108319,44.50101382899552,42.312649559823726,40.17310228244705,38.25979137733765,36.76192875661396,35.857977257652216,35.6821231103367,36.279850568765625,37.56989641794965,39.342935109829135,41.34663735331435,43.357254021129535,45.21373409935842,46.82227479394319,48.144233586690724,49.178223053425754,49.94309520820856,50.46469518733216,50.766806169089385,50.86561270996678
50.61551660116522,50.49635586843631,50.13082224261201,49.49566427766155,48.55548440371041,47.2689683475171,45.599881349497416,43.53452766659553,41.106263372065314,38.42429596851101,35.697901640631876,33.23971379996323,31.42506249361021,30.578121849439945,30.789906670004164,31.97304817002291,33.93557721880622,36.44351906865297,39.25513507195057,42.14192339810613,44.904778362947305,47.3847807830456,49.46657839129007,51.07460617761345,52.164666110289204,52.714203772089476,52.71420377097443,52.16466610733423,51.07460617541628,49.466578392221656,47.384780783012054,44.90477836090534,42.14192339500544,39.25513506898092,36.44351906598506,33.93557721628696,31.9730481670377,30.789906666470777,30.578121845710744,31.425062489894902,33.23971379674351,35.69790163857179,38.42429596763075,41.10626337270108,43.534527669598965,45.599881355770236,47.26896835284204,48.55548440675024,49.49566427883819,50.130822242193645,50.49635586803105,50.615516601266606
50.38395235741245,50.24481188877106,49.816679804866226,49.06822321464652,47.950349635988935,46.40257430825325,44.3653487611645,41.801501465946004,38.72924520440238,35.265213743897114,31.66713738792214,28.3541158851076,25.87208265229705,24.736423166605405,24.989133334151685,26.46476721320146,28.9046969251435,32.03106861592326,35.56245023793505,39.22301561483731,42.75975406304773,45.96067746492248,48.66532799805439,50.76460201327847,52.1923261140058,52.91343891129705,52.913438907451564,52.19232610683866,50.76460200944211,48.665327994961224,45.9606774622819,42.75975406164223,39.22301561438624,35.56245023795391,32.03106861636397,28.904696926172697,26.464767214859634,24.98913333577261,24.73642316805667,25.872082653087862,28.35411588516564,31.66713738762234,35.26521374347691,38.72924520523429,41.80150146984981,44.365348764475684,46.402574309740736,47.95034963614311,49.06822321437441,49.81667980517221,50.24481189113063,50.383952361513614
50.188748932351835,50.031913911059945,49.54805474659723,48.69769187648776,47.41752093335924,45.626206970858526,43.236931746083755,40.18144647148975,36.45066565377271,32.15311047401551,27.5814277704824,23.26169320729424,19.95817019713723,18.562829302614887,18.878283548226,20.617547487480344,23.459524367826862,27.120828760739407,31.316379908894795,35.74150028188804,40.08897850065788,44.08039977675858,47.49136972943117,50.16101601372772,51.986884839672406,52.91206700505359,52.91206700215483,51.986884834395596,50.161016005337444,47.491369721658536,44.080399772554,40.088978500270514,35.741500283885884,31.316379912029777,27.120828764447158,23.45952437271459,20.617547493621576,18.878283555198937,18.562829309770024,19.958170203062643,23.26169321098647,27.581427771904664,32.153110474037376,36.45066565536435,40.1814464714451,43.236931744080756,45.626206968703855,47.41752093239053,48.697691876896585,49.54805474919331,50.0319139172805,50.18874894107722
50.04701209529124,49.876832811199854,49.350761523893034,48.422518469816076,47.016622986422675,45.033087713356196,42.35896557216447,38.89257589440445,34.58756880819148,29.521377068699092,23.98132975782164,18.54528310068701,14.170949265607252,12.679477560561828,13.097352472013746,15.025182305127755,18.091070013062016,22.07145849059063,26.737362288209603,31.79341950641439,36.89043020660208,41.673674698308915,45.832328400431756,49.12849825411168,51.40207099757372,52.559705501499586,52.55970550408146,51.4020709939179,49.12849824457892,45.8323283913336,41.67367469328747,36.89043020603147,31.79341950926602,26.737362293518977,22.07145849750139,18.091070021522654,15.025182314948117,13.097352482318884,12.679477570908043,14.170949274537206,18.545283106824574,23.981329761180223,29.52137707118197,34.58756880683303,38.8925758895971,42.358965566476336,45.03308770947483,47.01662298550961,48.42251847195779,49.350761529474106,49.876832820977654,50.047012107376425
49.972354955248676,49.79497583407096,49.24605981370805,48.275406075836194,46.80037325612681,44.709621698539486,41.87334430963655,38.16589375609319,33.50796079699958,27.931944236298378,21.658800048774168,15.139922582777979,8.939631929488028,7.730205653403496,8.27282041297602,10.312710079044932,13.363203304262294,17.34872397994099,22.16666673291706,27.58738390570613,33.25257505330423,38.73482774395428,43.617531987618314,47.55633958692961,50.30537870445262,51.71452400569371,51.71452400292746,50.305378704144275,47.556339583901774,43.61753198138305,38.73482773835367,33.25257505090383,27.587383907396013,22.166666738544187,17.348723988418524,13.363203314733838,10.312710090154573,8.272820423657773,7.730205662927297,8.93963193797701,15.139922590572144,21.65880005634765,27.931944238024876,33.507960792456814,38.165893748566525,41.87334430257223,44.7096216944187,46.8003732558963,48.27540607974193,49.24605982208236,49.794975845867036,49.97235496883802
0.0,0.0,0.0,0.0,0.0,0.0,0.0,0.0,0.0,0.0,0.0,0.0,3.944326002162004,3.96603876420959,4.5340676633802355,6.885007288530766,9.69988200007119,13.36958610697986,17.976519431719975,23.411815634066368,29.360820198243303,35.35135840017056,40.85692085189422,45.40118765538264,48.62166935486762,50.286844270133436,50.286844269985,48.62166935420049,45.401187660800886,40.85692085275591,35.35135839594406,29.360820193904622,23.411815633388343,17.97651943578841,13.369586114736867,9.699882009917282,6.8850072983256005,4.534067670322223,3.966038769822799,3.9443260065789594,0.0,0.0,0.0,0.0,0.0,0.0,0.0,0.0,0.0,0.0,0.0,0.0
0.0,0.0,0.0,0.0,0.0,0.0,0.0,0.0,0.0,0.0,0.0,0.0,2.578109541126475,2.706280475902051,3.1696703867528546,4.955711414611854,7.226424579936556,10.332799999819274,14.43921432702814,19.559176829097655,25.472502486899245,31.71523011815906,37.67392964421154,42.73093450427255,46.38184501022361,48.28944879754892,48.289448800665525,46.381845016353985,42.73093450834402,37.67392965230321,31.71523011982469,25.472502483747295,19.559176827044787,14.439214328913168,10.332800005245762,7.226424587186666,4.955711421570067,3.1696703916654236,2.706280479389367,2.5781095431453696,0.0,0.0,0.0,0.0,0.0,0.0,0.0,0.0,0.0,0.0,0.0,0.0
0.0,0.0,0.0,0.0,0.0,0.0,0.0,0.0,0.0,0.0,0.0,0.0,1.945528954731457,2.0661858971262093,2.4369316899838873,3.7989883677722593,5.589230752745938,8.131495482023247,11.643896153156078,16.254419626580376,21.874994404235824,28.114436608420927,34.323214525283284,39.758666549095565,43.7651146793666,45.88312206685352,45.883122069571826,43.76511468650647,39.75866655708688,34.32321452990232,28.11443661719471,21.874994407444238,16.254419626389232,11.643896153717694,8.131495484555208,5.58923075656402,3.7989883717518125,2.4369316929649765,2.0661858990085062,1.9455289570428598,0.0,0.0,0.0,0.0,0.0,0.0,0.0,0.0,0.0,0.0,0.0,0.0
0.0,0.0,0.0,0.0,0.0,0.0,0.0,0.0,0.0,0.0,0.0,0.0,1.5651758471704857,1.669417635374598,1.9730845288620742,3.059304400116629,4.504059108290803,6.59855989978091,9.579468706812087,13.651778024208959,18.854392172306092,24.9083030443743,31.183672525461684,36.85106556560578,41.11672860490422,43.39843496285058,43.39843496373743,41.11672860808071,36.8510655717778,31.183672533057628,24.908303050267353,18.854392183003483,13.651778029761724,9.579468708191252,6.598559900079928,4.504059108990388,3.059304401296306,1.9730845297822048,1.6694176372834195,1.565175849849144,0.0,0.0,0.0,0.0,0.0,0.0,0.0,0.0,0.0,0.0,0.0,0.0
0.0,0.0,0.0,0.0,0.0,0.0,0.0,0.0,0.0,0.0,0.0,0.0,1.3323489762554601,1.4237897189218454,1.683897015657459,2.6015827260271904,3.8265234326755575,5.6202199555559815,8.21658883119113,11.857219592209908,16.66964641124332,22.48098705424092,28.711527033848473,34.48808297148422,38.91364284915866,41.30452282629638,41.30452282588511,38.91364284883598,34.488082973482435,28.711527040026553,22.480987063253725,16.669646419336193,11.857219602994636,8.216588835649208,5.620219955559761,3.826523431545593,2.6015827247045373,1.6838970159187705,1.4237897206127963,1.3323489785573828,0.0,0.0,0.0,0.0,0.0,0.0,0.0,0.0,0.0,0.0,0.0,0.0
0.0,0.0,0.0,0.0,0.0,0.0,0.0,0.0,0.0,0.0,0.0,0.0,1.2192520657772925,1.303960789312546,1.5425452999985525,2.379365087023029,3.497349621632643,5.1409740856080575,7.537942866653167,10.941596584598571,15.521793720930523,21.167802583971053,27.33988183698946,33.15091314609355,37.64950612845801,40.094049391744655,40.094049391308225,37.64950612781341,33.150913146904415,27.339881841403688,21.167802592442452,15.5217937305433,10.941596591558618,7.537942873789732,5.140974087353472,3.4973496193658193,2.3793650855913016,1.5425452995405526,1.3039607900918442,1.2192520670715454,0.0,0.0,0.0,0.0,0.0,0.0,0.0,0.0,0.0,0.0,0.0,0.0
0.0,0.0,0.0,0.0,0.0,0.0,0.0,0.0,0.0,0.0,0.0,0.0,1.219252066866929,1.303960790594719,1.5425453011988466,2.379365087441592,3.497349620405541,5.140974083722499,7.537942870302722,10.941596585473981,15.521793723449255,21.167802586911556,27.33988183865154,33.15091314616775,37.64950612770364,40.094049391197125,40.09404939175412,37.649506129619105,33.150913149785644,27.33988184458931,21.167802595006158,15.521793731995052,10.941596592196614,7.537942873759357,5.14097408597171,3.497349620650758,2.3793650865544875,1.5425452997597946,1.3039607899588765,1.2192520667785784,0.0,0.0,0.0,0.0,0.0,0.0,0.0,0.0,0.0,0.0,0.0,0.0
0.0,0.0,0.0,0.0,0.0,0.0,0.0,0.0,0.0,0.0,0.0,0.0,1.3323489795208692,1.423789722590931,1.683897018843084,2.6015827269625214,3.8265234303678572,5.62021995481797,8.2165888332746,11.857219599348245,16.6696464159347,22.480987060990202,28.711527039044597,34.488082973095906,38.91364284843185,41.30452282581752,41.30452282784376,38.91364285433173,34.48808298181579,28.711527049149534,22.480987070763927,16.669646424016936,11.857219604531531,8.216588833806755,5.620219955520897,3.826523433222778,2.601582727131292,1.6838970167155791,1.4237897204225949,1.3323489778041053,0.0,0.0,0.0,0.0,0.0,0.0,0.0,0.0,0.0,0.0,0.0,0.0
0.0,0.0,0.0,0.0,0.0,0.0,0.0,0.0,0.0,0.0,0.0,0.0,1.5651758524176953,1.6694176406471826,1.9730845327875643,3.059304401737558,4.504059110250902,6.598559900449324,9.579468707248056,13.651778028342708,18.854392181854365,24.90830304930315,31.183672532267813,36.8510655711406,41.11672860804604,43.39843496571897,43.398434969110276,41.11672861769665,36.85106558494135,31.183672547178176,24.908303062292383,18.854392190486383,13.651778030778527,9.579468708521873,6.5985599016494385,4.50405911085887,3.0593044027836545,1.973084530987147,1.6694176374505232,1.5651758490584478,0.0,0.0,0.0,0.0,0.0,0.0,0.0,0.0,0.0,0.0,0.0,0.0
0.0,0.0,0.0,0.0,0.0,0.0,0.0,0.0,0.0,0.0,0.0,0.0,1.945528961112651,2.066185902426288,2.436931693561137,3.798988373533303,5.589230758593151,8.131495485711138,11.643896153891884,16.25441962620723,21.87499440726027,28.114436616721335,34.32321452937481,39.75866655726017,43.76511468889838,45.883122076463984,45.88312208070089,43.765114700802854,39.758666574152734,34.32321454752958,28.114436631812016,21.874994415915236,16.254419631891242,11.643896157516423,8.131495486614497,5.589230757323164,3.798988371819983,2.4369316928193476,2.06618589953639,1.9455289568715717,0.0,0.0,0.0,0.0,0.0,0.0,0.0,0.0,0.0,0.0,0.0,0.0
0.0,0.0,0.0,0.0,0.0,0.0,0.0,0.0,0.0,0.0,0.0,0.0,2.578109547123552,2.70628048033809,3.1696703927685532,4.955711423480111,7.2264245892505885,10.332800006588991,14.439214329329523,19.559176827098717,25.472502483855962,31.715230119881028,37.673929652901066,42.73093451098213,46.381845023380585,48.28944881445294,48.28944881882424,46.381845035500376,42.730934527997,37.67392967073514,31.71523013477531,25.47250249680979,19.559176837789952,14.439214335305104,10.33280000712756,7.226424586128918,4.955711419666702,3.1696703900240673,2.7062804787266224,2.5781095438441732,0.0,0.0,0.0,0.0,0.0,0.0,0.0,0.0,0.0,0.0,0.0,0.0
0.0,0.0,0.0,0.0,0.0,0.0,0.0,0.0,0.0,0.0,0.0,0.0,3.944326007612209,3.9660387713005716,4.534067671705936,6.88500730006964,9.699882011417305,13.369586115380766,17.976519435595986,23.411815633105864,29.36082019416385,35.351358397025464,40.85692085569912,45.40118766761616,48.62166936713771,50.28684428954072,50.28684429324357,48.62166937719702,45.40118768137913,40.85692087098297,35.35135841357688,29.360820211008367,23.41181564704615,17.97651944349733,13.369586116394881,9.699882007230228,6.885007294115837,4.534067666935737,3.966038767928876,3.9443260058271226,0.0,0.0,0.0,0.0,0.0,0.0,0.0,0.0,0.0,0.0,0.0,0.0
49.97235501646966,49.794975892308955,49.24605986492934,48.275406115101966,46.80037328130746,44.70962170898164,41.87334430656592,38.16589374369849,33.507960782426466,27.931944228202735,21.65880005292718,15.13992259666895,8.939631941296296,7.7302056648013835,8.27282042500517,10.312710091173228,13.36320331501153,17.3487239879819,22.16666673777929,27.58738390718475,33.2525750520963,38.734827741716856,43.61753198824733,47.55633959589393,50.305378721565525,51.71452402292966,51.71452402516391,50.30537872770849,47.556339605654,43.617532001933895,38.73482775864187,33.25257506955547,27.587383921807927,22.166666746855967,17.348723990485674,13.363203311654264,10.312710084392862,8.272820417749193,7.7302056578592655,8.939631933597164,15.139922584088325,21.658800045933916,27.93194423019356,33.50796078963402,38.16589374927627,41.873344304350034,44.70962169498463,46.80037325388786,48.275406074312045,49.24605981312656,49.794975834649236,49.9723549561682
50.04701215312146,49.87683286348303,49.35076156597357,48.4225184989614,47.0166230019336,45.03308771553918,42.35896556364771,38.89257588104876,34.587568797417205,29.521377065866286,23.98132976292703,18.545283107892658,14.17094927544291,12.679477571562042,13.097352482719785,15.02518231470567,18.09107002061608,22.07145849647824,26.737362293019043,31.7934195102671,36.89043020956066,41.67367470039094,45.832328402853875,49.128498260246,51.40207101122927,52.55970552075427,52.559705521460366,51.40207101457843,49.1284982677044,45.832328414783376,41.67367471536956,36.8904302251279,31.793419523879347,26.73736230266364,22.07145850106157,18.09107002002655,15.025182310375298,13.09735247625813,12.679477564443188,14.170949268299292,18.54528310045527,23.981329754074203,29.521377062304797,34.58756880097555,38.89257588806476,42.35896556763976,45.03308771094805,47.01662298583249,48.422518469894634,49.35076152409148,49.8768328123253,50.04701209687359
50.1887489821833,50.03191395341731,49.54805477656891,48.697691893519746,47.41752093849433,45.62620696606818,43.23693173597159,40.18144646238772,36.450665650092006,32.15311047519073,27.581427772035067,23.261693210648655,19.958170203263997,18.562829309753848,18.87828355464269,20.61754749242047,23.459524371355393,27.12082876377387,31.31637991285691,35.74150028722767,40.088978507131806,44.08039978352694,47.49136973589238,50.16101602031769,51.98688484857787,52.91206701892054,52.912067019782164,51.986884851413826,50.161016026293744,47.491369745052715,44.08039979488841,40.0889785192355,35.74150029846892,31.31637992196125,27.12082876993079,23.45952437433775,20.61754749235434,18.87828355180178,18.562829304840253,19.95817019756873,23.26169320539992,27.581427766195045,32.153110467977356,36.450665647328464,40.18144646599933,43.23693174228931,45.62620696901341,47.41752093347762,48.697691877318725,49.54805474721035,50.03191391256991,50.18874893426654
50.383952394839284,50.244811917728065,49.81667982159719,49.06822322026267,47.950349633057705,46.40257430126714,44.36534875554245,41.801501465059964,38.72924520715287,35.265213745272646,31.667137388795727,28.354115886556656,25.87208265413461,24.736423168096888,24.989133334988914,26.46476721370375,28.904696925491926,32.03106861714603,35.56245024109268,39.22301562076436,42.75975407160981,45.960677474950494,48.6653280078462,50.76460202132524,52.19232612052934,52.91343891954817,52.91343892072935,52.192326123760594,50.76460202594712,48.66532801366325,45.96067748181361,42.75975407912921,39.22301562821051,35.56245024798617,32.03106862336925,28.904696930430894,26.464767216791703,24.98913333542529,24.736423165922492,25.8720826497385,28.354115880973747,31.667137382666105,35.26521373813442,38.72924519912304,41.80150146221445,44.365348759384354,46.402574307930365,47.950349636684734,49.06822321578073,49.81667980564189,50.2448118899539,50.38395235880008
50.61551662418663,50.49635588327991,50.13082224702758,49.49566427474046,48.55548439694761,47.26896834256492,45.59988135033572,43.53452767148506,41.106263375737235,38.42429597089327,35.69790164169453,33.23971379922152,31.425062491021468,30.57812184547602,30.789906665623292,31.97304816640653,33.93557721693157,36.44351906886806,39.255135074812074,42.141923403967255,44.9047783719581,47.384780794042115,49.46657840223122,51.07460618662044,52.16466611717634,52.71420377824347,52.7142037792943,52.16466611986294,51.07460619001036,49.46657840537689,47.38478079698927,44.90477837510892,42.14192340757218,39.255135079477704,36.44351907434639,33.9355772225057,31.97304817095102,30.789906668509264,30.578121846211033,31.42506248897273,33.23971379442622,35.697901634800495,38.42429596291169,41.106263367395286,43.53452766374753,45.599881348937885,47.268968348328016,48.55548440506816,49.495664279419984,50.13082224369669,50.496355869388886,50.61551660207546
50.86561272130516,50.76680617305432,50.46469518210948,49.94309519720108,49.1782230417072,48.144233580137644,46.82227479525487,45.21373410235105,43.35725402565294,41.34663735774339,39.34293511303916,37.56989641960643,36.27985056879946,35.68212310934764,35.857977256715564,36.761928756746805,38.25979137961401,40.17310228753083,42.31264956769539,44.501013838539066,46.586920730348204,48.4524794128464,50.01395339706742,51.217524280198646,52.03226961343635,52.44268979203222,52.44268979258713,52.0322696148342,51.21752428193549,50.01395339841013,48.45247941331785,46.58692073056211,44.50101383975072,42.31264957062932,40.17310229195304,38.25979138459313,36.761928761854556,35.857977261278684,35.68212311266543,36.279850569743644,37.56989641741357,39.342935107606,41.346637349808276,43.357254016838965,45.21373409459231,46.822274788579506,48.14423358037103,49.17822304856592,49.943095206340935,50.46469518799515,50.766806171194894,50.86561271265427
51.1180214293056,51.038456823042814,50.79597633486878,50.38001150334913,49.77571553915678,48.968517340269486,47.95110726295645,46.732928316835405,45.35135417027328,43.8820968114817,42.44419268531067,41.1930584959229,40.2954754630212,39.88652253167079,40.025742630006214,40.68875132834359,41.785400854832815,43.18818661038572,44.75820680383439,46.36425636154554,47.89473714858369,49.26314061910671,50.40828811399322,51.29092169923379,51.88844110872904,52.18945623570101,52.18945623573657,51.888441108755764,51.290921699138615,50.40828811355617,49.26314061825384,47.89473714787845,46.36425636170224,44.7582068053705,43.18818661282026,41.78540085841751,40.68875133301588,40.0257426350185,39.88652253626615,40.295475466019205,41.193058496342395,42.4441926825394,43.88209680539191,45.351354161951555,46.732928308299115,47.95110725662754,48.96851733513839,49.77571554091561,50.380011512293,50.795976346052484,51.038456830517795,51.118021432182694
51.35966382350073,51.2972631864573,51.10769653059042,50.78452035839268,50.31922526428327,49.70475115156637,48.94059106221565,48.03927154182592,47.03335065739631,45.98106619566748,44.967631721808615,44.09857730284501,43.48266160440723,43.20632576664195,43.30976046458401,43.77929445606372,44.55591450541211,45.55240782720004,46.67127241127097,47.819004237240165,48.915337034937785,49.89759264609305,50.72106471657446,51.356714059432115,51.78752389022592,52.00471154405731,52.00471154370078,51.787523889173556,51.356714057779065,50.7210647146666,49.897592644735546,48.91533703437368,47.81900423722029,46.67127241132321,45.55240782772491,44.55591450730058,43.77929445950697,43.30976046897101,43.20632577130447,43.482661608322694,44.09857730520114,44.96763172189404,45.98106619266512,47.03335065132829,48.039271533604804,48.94059105405047,49.704751147081836,50.31922526023646,50.78452036195143,51.107696541498136,51.29726319872616,51.359663834308776
51.581268283299174,51.533475546834666,51.38872413955477,51.14339629985312,50.79315411752117,50.335512295620845,49.773397694124476,49.11939274039123,48.39992923898918,47.65812472660863,46.95343715384272,46.3562836534318,45.936849102477844,45.74999525124365,45.821798278587394,46.1442993890302,46.67954225702618,47.369605853346215,48.14818264383029,48.95049294190841,49.72005130556166,50.41207729105396,50.9940831552443,51.444514271834066,51.750388728445714,51.90477839250817,51.90477839187813,51.75038872665165,51.444514269251634,50.994083152809,50.4120772894905,49.72005130488385,48.950492941222336,48.148182642909475,47.369605852573166,46.679542257324755,46.14429939076441,45.82179828152755,45.74999525503531,45.93684910640665,46.356283657004695,46.9534371564789,47.65812472703817,48.39992923623727,49.11939273446005,49.77339768603696,50.335512288384514,50.79315411431924,51.14339629678881,51.388724144336216,51.53347555847301,51.58126829761669
51.77732171144703,51.74148608747445,51.63325465345948,51.45082070888647,51.192393333541375,50.857996561537156,50.45185374556042,49.98506509540645,49.47801994577783,48.961682693557556,48.476698329148476,48.06942613108096,47.784804821063496,47.65744592721874,47.703945201400515,47.91957311557173,48.280228589583295,48.74822167924831,49.279474009203945,49.83007121187644,50.360995331377104,50.84070730901541,51.245821789461544,51.5604138653208,51.774583779354145,51.882854684780106,51.882854684012486,51.77458377731863,51.56041386280072,51.24582178716274,50.840707307221145,50.36099532960753,49.83007121013567,49.279474007593706,48.748221677800984,48.28022858877062,47.919573115705354,47.703945202639694,47.657445929610475,47.784804824274815,48.069426134929536,48.47669833321974,48.96168269649342,49.47801994629086,49.985065093041065,50.45185374024933,50.857996554275935,51.19239332685958,51.45082070696153,51.63325465099098,51.7414860922925,51.77732172341427
51.94554603003349,51.91918053032295,51.83975706717293,51.70655127816626,51.51919865512082,51.2789039808605,50.98998235872183,50.66149297132216,50.30857135845533,49.952919945217396,49.62187234732227,49.34563250712931,49.15280787055477,49.06515225601875,49.09313691287947,49.23393885200467,49.47240645175344,49.784368919876655,50.14100945754227,50.51305675721125,50.87397930652377,51.20186798643867,51.48008339896444,51.69697429091692,51.84506029488718,51.92005812272691,51.92005812211148,51.84506029344793,51.69697428916413,51.48008339709121,51.20186798409124,50.873979303826104,50.513056754567316,50.14100945526333,49.784368917972245,49.47240645029136,49.23393885102485,49.09313691269338,49.06515225697739,49.15280787268452,49.34563251042284,49.621872351426795,49.95291994918772,50.308571361270786,50.66149297223887,50.98998235707341,51.27890397624586,51.51919864795033,51.706551271892224,51.83975706581811,51.91918052734222,51.94554603409869
52.08614295674464,52.06706934427455,52.009747911309134,51.91404913337067,51.78031758473245,51.61015677596182,51.40739345948196,51.17904360623806,50.936016700025725,50.693231906067886,50.468832877889604,50.28233818832591,50.151880170640965,50.09110085090043,50.10658612279849,50.19666157028446,50.35187734987768,50.55689660048787,50.793112561246005,51.041270551564516,51.28356645963351,51.50497359050515,51.6937970478958,51.841617592667326,51.94286115807719,51.99423532012749,51.99423532005538,51.942861157767005,51.84161759190915,51.69379704620632,51.50497358794395,51.28356645659917,51.04127054845573,50.79311255837501,50.55689659806798,50.3518773479486,50.19666156868694,50.10658612169239,50.09110085063362,50.15188017145709,50.28233819041476,50.46883288110227,50.693231909965604,50.93601670394469,51.1790436093632,51.40739346094623,51.6101567748033,51.78031758025871,51.91404912615362,52.00974790496911,52.06706934266115,52.08614295372225
52.2009999719513,52.18740611269088,52.14664069596276,52.07886403731912,51.98470356362644,51.865747129390336,51.72512851978463,51.568081101249554,51.402290897007546,51.23785764292225,51.08670075665032,50.96135292700383,50.87326884469617,50.83099173966801,50.838660582337226,50.89529353277114,50.99503359478349,51.128225070153775,51.282965193741084,51.44671898572298,51.607669839047475,51.755628967614946,51.88247542348015,51.98220633070683,52.050733687701346,52.08557626575249,52.0855762660545,52.05073368825552,51.982206330487685,51.88247542215249,51.7556289653628,51.60766983618886,51.44671898252547,51.28296519044504,51.12822506712912,50.99503359228034,50.8952935307257,50.838660580768604,50.830991738584245,50.87326884425011,50.9613529276965,51.08670075870053,51.23785764614583,51.4022909010077,51.56808110533694,51.72512852317376,51.86574713104909,51.984703562609276,52.078864032562805,52.1466406881262,52.187406105581175,52.20099997027553
52.292982483405424,52.28342065406089,52.25480245827082,52.20740005301116,52.14189149453835,52.05966170832823,51.963147751489245,51.856145861128255,51.743975683783844,51.63339208035765,51.53216182950837,51.44829155724423,51.38899866651091,51.359628007600264,51.36278045866417,51.397887293564814,51.46133492265456,51.547078477683534,51.64755630410664,51.754673757785135,51.86065911859561,51.95867322741787,52.04314054666179,52.10983753210693,52.155814220184595,52.179237650903886,52.17923765113437,52.15581422052956,52.10983753205059,52.0431405458483,51.958673225756094,51.860659116156796,51.754673754730234,51.647556300647324,51.54707847424982,51.46133491963126,51.39788729109235,51.36278045677523,51.359628006060554,51.388998665252856,51.44829155687925,51.53216183047118,51.633392082609646,51.74397568711892,51.85614586509639,51.96314775555888,52.05966171164006,52.14189149626219,52.20740005160404,52.25480245282097,52.28342064518979,52.29298247561969
52.36537388906589,52.35872507592883,52.33886054797762,52.30606889941031,52.26096694944274,52.20467813966742,52.139030152797716,52.06671885934668,51.99137543444795,51.9174751352879,51.85004691869753,51.794186014511794,51.75443076141895,51.73412227336076,51.734894387763404,51.75642087062362,51.7964785836062,51.851297444933294,51.91609747511725,51.98568365568639,52.05498216872716,52.119442011041706,52.17527457265661,52.21954529581096,52.250158191855945,52.265784568973224,52.26578456875317,52.250158191534844,52.219545295555626,52.17527457224015,52.11944201003589,52.054982166865564,51.98568365302094,51.91609747184287,51.85129744146458,51.79647858032487,51.75642086773499,51.73489438544,51.7341222714711,51.754430759847885,51.794186013591506,51.85004691877992,51.917475136465725,51.99137543670023,52.06671886247921,52.13903015658005,52.20467814353388,52.260966952812396,52.30606890080486,52.33886054608878,52.358725069739904,52.36537388043982
52.421477895951696,52.41690056906721,52.403246773783,52.38077646870463,52.35000279630502,52.311794785143356,52.26748686380409,52.21896226712043,52.16867303089653,52.119562651646355,52.07487185607294,52.03783381245274,52.01129799079383,51.99735148723444,51.99701982788827,52.01011677497107,52.03527612581385,52.07015157854669,52.11173155348579,52.15669711613416,52.201755172869746,52.24389953407782,52.280579336326646,52.309778903917675,52.33003014647143,52.340386423690475,52.3403864233366,52.330030145701805,52.30977890326471,52.280579335885065,52.24389953349096,52.201755171629046,52.15669711413301,52.11173155082123,52.07015157548224,52.035276122595526,52.01011677178534,51.99701982506365,51.997351484970494,52.01129798906361,52.03783381128738,52.074871855578444,52.11956265193757,52.16867303204698,52.21896226909528,52.267486866635466,52.31179478861342,52.35000280011686,52.3807764716789,52.40324677473355,52.416900566614785,52.42147789060418
52.46436749002446,52.46124323827429,52.451937228379215,52.43666432816156,52.41582827230236,52.39007897142951,52.36037094952605,52.3280029177992,52.29461686260491,52.26213823651745,52.23264824498004,52.20819449128436,52.1905643723818,52.18106096649906,52.18032718424668,52.18825650254853,52.20400886323648,52.22612507341057,52.25271131215629,52.28165389421712,52.3108251408292,52.33825138586254,52.3622288068201,52.381387013905844,52.394710838924,52.401536170422,52.40153617019064,52.39471083823624,52.38138701300397,52.3622288060705,52.338251385258644,52.310825139994705,52.28165389294528,52.25271131035701,52.22612507108399,52.2040088604163,52.18825649938066,52.180327181187366,52.18106096390732,52.190564370376286,52.208194489864994,52.23264824411128,52.262138236231145,52.294616862899694,52.328002918656175,52.36037095115499,52.3900789739478,52.41582827566433,52.436664331545984,52.45193723090177,52.46124323868046,52.46436748839876
52.49675097319891,52.49463413941251,52.48833699254431,52.4780277726119,52.464012124662865,52.44676395553758,52.42695514025247,52.40547218765916,52.38340753991967,52.362015672198346,52.34263007972168,52.32654610678514,52.314884522592166,52.30845872390772,52.30767118497458,52.312460389406034,52.322308737047,52.33630824613219,52.35326881622407,52.37184697119462,52.39067262482328,52.408456413887606,52.424068037407935,52.43658414844318,52.44531067155083,52.449787969310734,52.44978796918994,52.445310671075795,52.43658414759142,52.42406803641334,52.408456413054424,52.39067262413416,52.371846970505864,52.35326881525458,52.3363082446405,52.322308734878966,52.31246038670539,52.30767118216781,52.30845872125681,52.314884520272656,52.32654610496281,52.34263007843036,52.362015671425425,52.38340753954371,52.40547218758284,52.426955140743246,52.44676395697181,52.4640121271903,52.47802777572734,52.488336995657654,52.494634141504996,52.49675097429089
52.520922223337095,52.51949691235759,52.51526179716557,52.508343746603906,52.4989676738105,52.4874724258178,52.47432486343538,52.46012518733991,52.445596592141996,52.431554085381975,52.41885093833826,52.40830632606924,52.400623157405114,52.396309247297935,52.395616213479286,52.398507919434486,52.40466440446895,52.413519793762795,52.42432598650003,52.43622988361811,52.448351321155364,52.45985129513792,52.46998426904796,52.47813290599281,52.483827300619964,52.48675303980454,52.486753039718124,52.483827300271365,52.47813290532804,52.469984268113585,52.45985129416526,52.448351320446136,52.436229883230006,52.42432598615131,52.41351979306671,52.404664403148594,52.39850791753985,52.395616211283595,52.39630924491412,52.40062315495756,52.408306323852266,52.418850936570884,52.43155408411593,52.445596591213345,52.46012518656246,52.474324863012114,52.4874724262433,52.498967675364845,52.50834374904827,52.51526180016009,52.519496915147116,52.52092222599869
52.53876560643996,52.537811004791905,52.53497745398377,52.53035800329773,52.52411458869909,52.516485722661486,52.507792414846264,52.498438334290846,52.48890038780844,52.47970705711677,52.47140402075195,52.46450948449934,52.45946461533237,52.45658663783999,52.456032690726495,52.45778105352879,52.46163311596613,52.467235383344956,52.47411708594076,52.481736599960904,52.48952935811881,52.496951075148594,52.50351233259212,52.50880309297417,52.51250788215949,52.514413771971796,52.51441377187066,52.512507881843646,52.50880309248016,52.50351233190831,52.49695107430095,52.48952935740402,52.48173659963011,52.47411708592869,52.467235383368184,52.461633115627464,52.457781052636065,52.456032689337256,52.45658663596737,52.45946461302267,52.4645094820479,52.4714040185398,52.479707055348314,52.48890038640205,52.49843833304122,52.50779241384104,52.51648572234278,52.52411458934678,52.530358004855124,52.534977456322366,52.53781100744677,52.538765609612646
52.551792132845605,52.55115568643375,52.549268241050136,52.54619659727279,52.5420553528166,52.53701026830464,52.531280154717805,52.52513502540555,52.51888843003832,52.512882636203784,52.50746661990864,52.50296846538499,52.4996653941622,52.49775577205678,52.49733766874208,52.498397681600906,52.500811943774515,52.50435899025592,52.50874207704502,52.51361717450006,52.51862245691812,52.52340563965699,52.52764667552265,52.531074711963406,52.53347945344025,52.53471791813262,52.5347179180184,52.533479453143435,52.53107471161008,52.52764667513551,52.52340563915591,52.518622456425156,52.51361717419784,52.50874207715066,52.50435899077777,52.50081194431044,52.49839768172799,52.49733766827027,52.49775577087415,52.49966539223086,52.50296846293325,52.50746661737851,52.51288263394693,52.51888842814554,52.52513502376362,52.5312801533693,52.53701026758072,52.54205535286907,52.546196598083114,52.549268242589115,52.55115568846732,52.551792135747526
52.56119010220305,52.560767438800205,52.55951499841509,52.55747993139114,52.55474221073993,52.551415828111395,52.547648848128254,52.54362106270487,52.539538130676824,52.53562155492804,52.53209461026426,52.529165258355434,52.52700796797302,52.52574694759004,52.525443384730856,52.52608878532116,52.52760550962167,52.5298543574894,52.532647891426066,52.535767387692346,52.53898102715247,52.542061172221345,52.54479917786009,52.54701694335336,52.54857511606374,52.549378363872094,52.549378363782225,52.54857511583438,52.547016943109305,52.54479917769432,52.542061172097405,52.538981027077405,52.53576738767514,52.532647891707875,52.52985435827489,52.527605510677716,52.52608878621943,52.52544338513677,52.52574694720916,52.527007966639275,52.529165256207214,52.532094607702305,52.5356215523494,52.53953812832475,52.543621060627615,52.5476488464502,52.55141582712883,52.55474221048108,52.55747993178483,52.55951499939173,52.56076744020759,52.56119010454202
52.567879327187725,52.56759961324694,52.56677135098453,52.56542736714071,52.56362283371423,52.561435451810034,52.55896479456389,52.55633011776622,52.55366605353191,52.55111588781213,52.54882256630188,52.54691809163687,52.54551245472639,52.544683550022846,52.54446955242234,52.54486494181234,52.54582080398801,52.54724934352039,52.549031888936405,52.55102920678989,52.55309275507097,52.5550756041416,52.55684206176708,52.55827545014884,52.55928387953176,52.559804162187426,52.559804162163104,52.55928387944701,52.558275450044476,52.55684206175575,52.555075604283005,52.553092755416024,52.55102920728284,52.549031889631486,52.54724934453904,52.54582080526503,52.54486494312529,52.544469553480425,52.54468355038504,52.54551245407713,52.546918090021414,52.548822564043235,52.5511158852467,52.553666050942354,52.55633011534071,52.558964792552665,52.5614354505402,52.56362283318732,52.5654273672777,52.56677135163887,52.56759961423143,52.5678793290002
52.57256255428826,52.57237803605088,52.57183200054286,52.57094704509756,52.56976086817976,52.568326037960915,52.56670916061695,52.564989074106634,52.56325376857927,52.561595906388455,52.56010707192961,52.55887117215251,52.55795766973507,52.55741549060889,52.557268451472865,52.55751288274402,52.55811780889585,52.55902765927509,52.560167111578366,52.561447400370085,52.56277330212055,52.56405004408353,52.565189540121594,52.5661155784706,52.56676780886379,52.56710455206215,52.56710455209968,52.56676780894373,52.566115578564016,52.56518954028146,52.56405004442031,52.56277330277662,52.56144740134675,52.56016711280299,52.55902766064804,52.55811781034345,52.55751288422285,52.55726845285758,52.55741549147115,52.5579576696932,52.55887117116132,52.560107070212055,52.56159590416053,52.56325376606655,52.56498907157369,52.56670915841271,52.56832603644964,52.569760867403936,52.57094704503033,52.57183200099303,52.57237803678476,52.5725625557006
52.57577088551891,52.57564954369824,52.575290662201056,52.574709649858306,52.573932056802924,52.57299321856426,52.57193748112142,52.57081680748729,52.569688618349936,52.568612821451744,52.567648132924724,52.56684795661536,52.5662562293604,52.565903723287896,52.5658052915221,52.56595844406075,52.56634346309767,52.56692504717828,52.56765526263508,52.568477423141026,52.56933044117362,52.570153204037005,52.570888605043564,52.57148697923568,52.571908817525184,52.57212673562499,52.57212673568447,52.571908817712846,52.57148697955182,52.570888605482175,52.570153204667015,52.56933044212037,52.56847742445299,52.56765526425171,52.566925048894525,52.56634346473142,52.56595844559206,52.565805292962814,52.56590372438037,52.56625622979873,52.56684795629018,52.56764813191475,52.56861281982534,52.56968861622915,52.570816805128935,52.57193747891499,52.572993216920096,52.5739320558531,52.574709649648746,52.575290662532645,52.575649544325486,52.5757708866962
52.57790205816575,52.57782251902425,52.57758739024152,52.577207094308264,52.57669882669172,52.576086205125705,52.575398631222775,52.57467025988037,52.573938507518015,52.57324209017081,52.57261866808117,52.57210226465466,52.57172070449013,52.57149335876469,52.57142947912148,52.57152734275109,52.57177433017749,52.572147931930665,52.572617559863446,52.5731469461166,52.573696864079,52.57422790407672,52.5747030753703,52.57509006876266,52.57536308381783,52.57550418431384,52.57550418439208,52.575363084102136,52.57509006931025,52.5747030761537,52.57422790510269,52.573696865384726,52.57314694770041,52.57261756169308,52.57214793384744,52.57177433196293,52.571527344322064,52.57142948050447,52.57149335988204,52.571720705217736,52.572102264916104,52.57261866782617,52.57324208931195,52.573938506050375,52.57467025796516,52.575398629209054,52.576086203452164,52.57669882561024,52.577207093983155,52.57758739052676,52.57782251969674,52.57790205931657
52.57925164412104,52.57919969223464,52.579046184793924,52.57879812209158,52.57846700546653,52.57806854044228,52.57762214495786,52.57715020877277,52.576677074745525,52.57622774742732,52.57582638361132,52.57549467078913,52.57525024078686,52.57510528894307,52.57506556216685,52.575129844703284,52.57529001263326,52.575531655867174,52.5758351975859,52.5761773856588,52.57653300032941,52.57687661755172,52.577184286760605,52.577435014359004,52.577611983336105,52.57770347377343,52.57770347392159,52.57761198380146,52.57743501515362,52.577184287846315,52.57687661894134,52.576533002001796,52.576177387505645,52.57583519952791,52.575531657832116,52.57529001448221,52.575129846343025,52.57506556354786,52.575105290046345,52.575250241626335,52.5754946714186,52.57582638395879,52.57622774731574,52.57667707406406,52.57715020755413,52.577622143435626,52.57806853897816,52.57846700436796,52.57879812165575,52.57904618500046,52.57919969294843,52.579251645299905
52.58003785185832,52.58000406136201,52.57990425985687,52.57974311958696,52.57952829030567,52.57927016673562,52.578981525446814,52.57867700368043,52.578372410031974,52.57808387683714,52.57782689212383,52.577615278100716,52.57746020515537,52.57736934272031,52.577346242311314,52.57739002768536,52.577495433978314,52.577653195471065,52.57785074207992,52.578073131294595,52.57830412378431,52.578527305478666,52.57872716865256,52.57889008117009,52.57900509512688,52.57906456552232,52.57906456576881,52.579005095823,52.5788900822211,52.578727170003276,52.5785273071502,52.57830412571917,52.57807313333093,52.577850744089986,52.57765319742549,52.57749543582931,52.57739002940311,52.577346243800314,52.57736934391854,52.57746020608151,52.57761527891611,52.57782689284385,52.57808387731426,52.57837241011798,52.57867700330079,52.578981524683456,52.579270165785836,52.57952828943586,52.57974311915932,52.57990425996627,52.580004062008825,52.58003785295168
52.58042086772827,52.5803990045602,52.58033445824306,52.58023032904748,52.5800916781856,52.57992535400469,52.579739731540855,52.57954435157968,52.57934945774216,52.57916544156638,52.57900222139967,52.57886859736341,52.57877163646882,52.57871614854198,52.578704308813045,52.57873547101656,52.578806195972966,52.57891049547376,52.579040268338474,52.5791858855281,52.57933686994482,52.5794826117452,52.579613064731944,52.57971937781573,52.57979442828245,52.57983323433515,52.57983323463485,52.57979442912969,52.579719379083706,52.57961306633742,52.57948261363943,52.579336872016356,52.57918588765603,52.57904027041291,52.57891049744259,52.57880619780687,52.57873547276669,52.578704310421294,52.57871614992197,52.5787716375739,52.5788685983641,52.579002222381234,52.579165442465545,52.5793494584512,52.57954435198713,52.57973973160298,52.57992535375501,52.580091677794016,52.580230328842845,52.580334458371546,52.58039900514581,52.58042086869172
52.58051771151652,52.58050366173095,52.5804622014768,52.5803953763432,52.580306517505214,52.580200115862716,52.58008163914103,52.57995728509728,52.57983367264936,52.57971747944437,52.57961504334497,52.579531954355396,52.5794726700681,52.57944019123692,52.57943583029978,52.57945909870656,52.57950772796331,52.57957782433505,52.57966414350193,52.57976045961433,52.57985999625063,52.57995588327017,52.58004160543736,52.580111412981445,52.58016067166302,52.58018613611077,52.5801861364134,52.58016067256165,52.58011141438227,52.58004160721356,52.57995588528993,52.579859998366004,52.57976046176081,52.57966414561144,52.57957782632287,52.57950772979634,52.57945910048559,52.57943583200582,52.57944019278288,52.579472671387464,52.57953195558594,52.579615044575824,52.5797174806676,52.57983367383421,52.57995728616227,52.58008163997168,52.58020011637469,52.58030651775511,52.58039537656043,52.580462201802476,52.580503662366425,52.58051771240687
52.580413507646526,52.580404561803576,52.58037817687458,52.58033569479656,52.58027929614354,52.58021191106828,52.58013709294048,52.58005885136232,52.57998144728572,52.57990915684543,52.57984601578884,52.579795560970425,52.57976058930538,52.5797429564679,52.579743434731355,52.579761645284556,52.579796073744525,52.57984416907149,52.579902517591556,52.579967076885275,52.58003344978056,52.580097176637274,52.58015402442631,52.58020025337624,52.58023284594912,52.58024968694353,52.580249687255964,52.58023284688019,52.5802002548159,52.580154026205875,52.58009717863026,52.58003345187372,52.57996707901742,52.57990251970022,52.57984417108016,52.57979607564526,52.579761647176596,52.57974343658009,52.57974295817069,52.579760590827846,52.579795562424266,52.5798460172371,52.57990915830942,52.579981448812255,52.58005885292725,52.58013709440271,52.58021191228388,52.58027929707701,52.5803356955689,52.58037817758379,52.58040456266273,52.58041350860478
52.58016995117452,52.58016432821969,52.58014775485814,52.58012110591493,52.58008580012995,52.58004373827593,52.579997217000304,52.57994881686413,52.579901267170726,52.57985729247599,52.5798194488245,52.57978995988411,52.57977056564788,52.579762397394866,52.57976589037829,52.57978074345696,52.5798059305608,52.57983976443097,52.5798800074752,52.57992402075668,52.57996893872292,52.58001185654496,52.58005001640379,52.58008098057105,52.580102780846744,52.5801140367356,52.580114037064455,52.58010278177823,52.580080981941514,52.58005001803938,52.580011858390215,52.57996894073829,52.57992402286581,52.57988000959398,52.57983976649585,52.579805932593125,52.57978074551065,52.57976589239608,52.57976239927327,52.579770567395194,52.57978996158003,52.57981945049169,52.579857294139615,52.57990126893379,52.579948818769445,52.57999721892999,52.58004374007755,52.58008580171032,52.58012110731021,52.58014775611118,52.580164329507234,52.58016995241701
52.579831613578975,52.579828144951584,52.57981793071551,52.579801537029475,52.579779880323954,52.57975418495451,52.57972592511199,52.579696750374225,52.579668396970014,52.57964258833369,52.57962093032742,52.579604807344985,52.579595287367,52.5795930443447,52.57959830463254,52.57961082318025,52.57962989209008,52.579654382044716,52.57968281328703,52.57971345099848,52.57974441711735,52.579773810697105,52.57979982796255,52.5798208745726,52.57983566304294,52.57984329012467,52.579843290412235,52.57983566383818,52.57982087574482,52.57979982939197,52.579773812360514,52.57974441900561,52.57971345305609,52.57968281543554,52.57965438420412,52.57962989427603,52.579610825397886,52.57959830682613,52.57959304642586,52.57959528937549,52.57960480933207,52.579620932280065,52.57964259024379,52.57966839892975,52.5796967524733,52.57972592729697,52.579754187129055,52.57977988241269,52.57980153904277,52.57981793265043,52.57982814690527,52.57983161539035
52.57943060644248,52.57942852698503,52.579422411850054,52.57941262413502,52.579399750458535,52.57938457240145,52.579368027689064,52.57935116112234,52.57933506656629,52.57932082276463,52.57930942648551,52.57930172670346,52.579298365136836,52.57929972818811,52.579305914181795,52.579316719550285,52.57933164530211,52.57934992425716,52.57937056676005,52.579392422007196,52.579414249877715,52.57943479847965,52.57945288160704,52.579467451491034,52.579477662266335,52.57948292057659,52.57948292076002,52.579477662806035,52.57946745239012,52.57945288283703,52.5794348000004,52.579414251639555,52.57939242398778,52.57937056892618,52.57934992650654,52.57933164762755,52.57931672194437,52.579305916606124,52.579299730538764,52.57929836743196,52.57930172896949,52.57930942870746,52.57932082491889,52.57933506871232,52.57935116335813,52.579368029997106,52.57938457475573,52.57939975286803,52.5794126266562,52.579422414493166,52.579428529759845,52.5794306090593
52.578990009598954,52.5789888194234,52.57898532720333,52.57897976305492,52.57897249800508,52.57896402501801,52.57895493322648,52.57894587591225,52.578937532729626,52.5789305684357,52.57892559045462,52.57892310728273,52.57892349139539,52.57892694962495,52.578933503285356,52.57894298033324,52.578955020317174,52.57896909250791,52.57898452561684,52.579000547390734,52.579016330927956,52.579031044774254,52.57904390305096,52.57905421260514,52.57906141432607,52.579065116170845,52.57906511626317,52.57906141465028,52.57905421325443,52.57904390407507,52.57903104615111,52.57901633257587,52.579000549291585,52.578984527769755,52.5789690948193,52.57895502278458,52.578942982960854,52.578933506019055,52.57892695230105,52.578923493976525,52.57892310978758,52.578925592892034,52.57893057079309,52.57893753505194,52.578945878288636,52.57895493562705,52.578964027462426,52.57897250059939,52.57897976593539,52.578985330454785,52.57898882299854,52.57899001307063
52.57852637803637,52.57852575142079,52.578523920459,52.578521028627605,52.57851730672032,52.57851306048504,52.578508653569955,52.57850448687878,52.5785009740724,52.57849851516875,52.57849746981762,52.57849813112804,52.57850070266592,52.578505280320755,52.57851184045824,52.57852023567347,52.57853019861152,52.57854135414032,52.5785532389402,52.57856532720333,52.57857706063713,52.5785878808773,52.57859726209187,52.578604741610455,52.5786099468148,52.57861261664229,52.57861261670795,52.57860994706075,52.57860474210594,52.578597262910044,52.57858788206179,52.57857706216175,52.57856532905234,52.57855324109199,52.578541356520915,52.57853020124164,52.578520238570846,52.578511843513056,52.578505283308694,52.57850070551505,52.57849813386396,52.57849747246102,52.57849851770973,52.57850097654979,52.57850448938239,52.57850865605006,52.57851306298586,52.578517309426516,52.57852103175051,52.578523924197526,52.57852575570378,52.57852638231452
52.57805156681618,52.578051292213786,52.578050498129556,52.57804927193369,52.578047753747654,52.57804612858396,52.578044615073146,52.578043452321396,52.57804288412584,52.578043142215535,52.57804442959577,52.57804690420759,52.57805066479768,52.57805573989417,52.57806208095788,52.57806956030665,52.578077974172345,52.57808705089362,52.578096463999294,52.57810584902079,52.578114823091205,52.57812300594422,52.57813004120761,52.57813561639743,52.57813948043371,52.57814145766964,52.57814145773808,52.57813948067637,52.578135616842545,52.57813004191569,52.57812300698361,52.57811482451299,52.57810585084425,52.57809646618644,52.578087053372855,52.57807797694958,52.578069563397946,52.57806208423919,52.57805574315798,52.57805066795172,52.57804690723906,52.5780444324825,52.57804314493275,52.578042886723765,52.57804345491963,52.57804461763848,52.578046131178795,52.578047756587374,52.578049275263915,52.57805050225128,52.578051297061194,52.57805157175423
52.57757405430794,52.57757399491398,52.577573834081015,52.57757362311841,52.57757344395789,52.57757340432762,52.577573630279666,52.5775742579643,52.5775754235423,52.577577252687625,52.57757985032112,52.57758329054475,52.57758760811644,52.5775927918446,52.577598780773094,52.577605463365956,52.57761268009903,52.57762022902599,52.57762787459074,52.577635358721274,52.5776424138135,52.577648776413916,52.57765420111405,52.5776584736682,52.577661422446866,52.57766292764794,52.57766292771927,52.577661422701794,52.57765847414323,52.57765420186521,52.57764877747111,52.57764241521812,52.5776353605199,52.5776278767962,52.577620231607014,52.57761268301846,52.57760546660884,52.57759878423565,52.5775927953714,52.577587611575694,52.577583293863654,52.577579853446046,52.57757725559465,52.57757542628917,52.57757426068594,52.577573632979856,52.57757340708326,52.57757344698758,52.57757362666911,52.57757383852824,52.57757400021223,52.57757405976846
52.57709989830019,52.57709996615924,52.57710017920449,52.57710056578569,52.577101170849176,52.57710205312114,52.577103280146616,52.57710492325487,52.57710705115685,52.5771097235367,52.57711298478531,52.57711685790662,52.57712133954871,52.57712639618907,52.57713196216261,52.577137939492005,52.57714420011338,52.57715058978892,52.57715693410331,52.577163045849424,52.577168733746795,52.57717381150452,52.577178106858476,52.577181470193885,52.57718378208685,52.577184959402665,52.57718495951213,52.57718378243387,52.57718147079632,52.577178107765405,52.57717381271673,52.57716873525355,52.577163047683456,52.57715693634144,52.57715059246108,52.57714420316909,52.57713794289178,52.57713196581063,52.5771263999337,52.5771213432106,52.57711686140554,52.57711298810461,52.577109726678714,52.57710705416743,52.577104926244154,52.5771032831352,52.57710205616774,52.57710117414944,52.57710056957398,52.57710018390599,52.57709997175852,52.577099904087675
52.57663342471939,52.57663356373814,52.576633985343186,52.57663470346766,52.576635739843354,52.57663712252467,52.57663888259009,52.57664105117665,52.57664365541068,52.576646714676706,52.57665023684174,52.576654214662724,52.576658623008804,52.576663416824324,52.576668530322856,52.57667387715016,52.57667935220129,52.57668483450713,52.57669019140328,52.576695283534534,52.57669997070635,52.576704118017076,52.57670760180518,52.5767103153041,52.5767121736664,52.57671311800868,52.57671311818531,52.57671217417422,52.576710316106194,52.57670760291755,52.57670411943939,52.57669997240656,52.576695285539266,52.57669019379133,52.57668483731199,52.57667935538587,52.57667388067383,52.57666853408703,52.57666342066999,52.57665862677555,52.57665421832754,52.57665024042224,52.57664671815217,52.57664365878469,52.576641054518596,52.576638885930464,52.57663712589654,52.57663574343117,52.576634707498194,52.57663399027097,52.576633569558204,52.57663343071149
52.57617772242718,52.57617789724018,52.57617842324087,52.57617930548095,52.57618055139376,52.57618217020122,52.57618417070897,52.57618655968652,52.57618933923128,52.57619250477716,52.57619604290983,52.57619992934553,52.576204127467236,52.57620858735865,52.57621324569354,52.57621802616423,52.57622284088753,52.57622759262307,52.57623217774909,52.57623648977577,52.57624042322474,52.57624387780485,52.576246762463505,52.57624899912453,52.57625052605639,52.576251300547035,52.576251300766494,52.576250526692604,52.57624900014994,52.57624676386576,52.57624387954891,52.57624042525394,52.576236492095994,52.576232180372386,52.57622759555446,52.576222844145555,52.57621802974758,52.57621324951479,52.57620859126338,52.57620413135076,52.57619993322123,52.57619604678819,52.576192508597934,52.57618934297853,52.57618656341966,52.57618417445518,52.57618217394423,52.57618055530279,52.57617930976252,52.5761784283595,52.576177903201014,52.576177728511944
52.57573499780907,52.57573518649816,52.575735752363045,52.57573669513021,52.57573801366791,52.57573970597795,52.57574176769501,52.57574419133277,52.57574696450123,52.575750069018746,52.57575347974516,52.575757163585976,52.575761078832336,52.57576517480433,52.57576939203829,52.57577366294943,52.57577791293094,52.57578206211363,52.57578602751571,52.57578972561243,52.57579307494803,52.57579599892751,52.575798428687136,52.575800305618806,52.57580158359857,52.575802230808385,52.575802231059235,52.575801584351154,52.5758003069042,52.575798430473846,52.575796001106674,52.575793077413365,52.575789728326704,52.57578603041289,52.57578206518695,52.57577791625507,52.57577366657628,52.57576939592074,52.575765178810066,52.57576108288377,52.57575716767645,52.57575348388168,52.57575007315011,52.575746968629375,52.575744195510374,52.57574177191168,52.57573971013496,52.575738017913075,52.57573669965207,52.57573575763592,52.57573519255204,52.57573500393979
52.575306828358755,52.57530701768283,52.57530758445393,52.5753085253337,52.57530983427893,52.57531150292141,52.57531351949336,52.57531586863142,52.57531853014751,52.57532147876368,52.575324683574536,52.57532810770945,52.57533170817639,52.57533543590615,52.57533923599556,52.575343048499505,52.57534680935014,52.57535045177194,52.57535390782842,52.57535711033769,52.575359994762586,52.57536250107166,52.5753645757795,52.57536617369213,52.575367259391946,52.57536780855394,52.575367808875455,52.57536726033921,52.575366175288835,52.57536457797887,52.57536250370523,52.57535999767092,52.57535711344504,52.57535391105428,52.575350455125005,52.57534681288879,52.575343052262106,52.57533923996425,52.57533543999048,52.57533171232469,52.5753281119251,52.57532468792494,52.5753214832407,52.57531853474465,52.57531587334235,52.575313524235064,52.575311507517604,52.57530983885149,52.575308530059594,52.575307589820355,52.575307023753524,52.575306834462225
52.57489434370361,52.57489452597335,52.5748950710658,52.57489597401114,52.57489722616877,52.574898815860585,52.5749007275142,52.57490294182294,52.57490543494737,52.57490817857728,52.5749111397624,52.57491428093597,52.5749175600214,52.57492093078038,52.57492434309038,52.57492774373467,52.57493107722857,52.5749342869439,52.57493731623592,52.57494010984749,52.57494261540656,52.57494478472859,52.57494657517342,52.57494795093741,52.57494888416528,52.57494935581558,52.57494935624636,52.574948885379776,52.574947952852305,52.5749465777174,52.57494478776957,52.57494261876459,52.57494011337621,52.57493731985283,52.574934290663144,52.5749310810451,52.574927747651216,52.57492434713067,52.57492093494122,52.574917564296406,52.57491428535949,52.5749111444277,52.57490818344899,52.574905439963395,52.57490294692457,52.574900732608405,52.57489882077389,52.57489723100306,52.57489597892011,52.574895076539796,52.57489453209725,52.574894349830785
52.574498354694526,52.5744985257348,52.5744990369383,52.57449988261439,52.574501052960194,52.57450253488152,52.57450431125677,52.57450636123268,52.57450865980803,52.57451117805488,52.5745138831871,52.57451673878064,52.574519704953225,52.574522738875174,52.57452579515435,52.57452882651289,52.574531784554836,52.57453462067498,52.57453728692958,52.57453973704993,52.574541927648724,52.5745438192031,52.574545376900964,52.57454657170377,52.57454738119816,52.574547790097746,52.57454779062575,52.57454738267263,52.574546573936836,52.574545379758646,52.5745438225932,52.57454193141511,52.574539740981145,52.57453729092628,52.57453462473974,52.57453178864699,52.574528830621645,52.57452579933519,52.57452274319624,52.57451970943204,52.57451674346958,52.57451388814858,52.57451118320344,52.57450866506733,52.5745063665515,52.574504316574966,52.57450254005731,52.57450105803778,52.574499887702494,52.574499042520806,52.57449853192137,52.57449836086853
52.574119445261054,52.57411960310706,52.5741200747327,52.57412085428705,52.57412193165097,52.57412329343333,52.5741249223499,52.57412679748609,52.574128894187105,52.57413118429164,52.5741336363578,52.57413621604407,52.574138886342375,52.57414160807657,52.574144340408566,52.57414704134315,52.574149668409746,52.574152179445626,52.574154533365004,52.57415669090091,52.57415861545188,52.57416027392757,52.57416163744032,52.57416268201038,52.57416338910941,52.574163746128676,52.57416374668726,52.57416339071847,52.57416268451545,52.574161640655724,52.574160277668234,52.574158619548534,52.57415669516552,52.574154537684514,52.5741521837916,52.57414967277462,52.57414704574336,52.57414434487914,52.574141612665436,52.57413889104124,52.57413622091604,52.57413364145884,52.57413118956782,52.574128899600865,52.57412680298624,52.57412492786168,52.57412329882609,52.574121936914906,52.57412085951796,52.574120080407106,52.57411960935504,52.57411945150634
52.57375803764285,52.573758181703745,52.57375861209892,52.57375932313885,52.573760304883756,52.5737615442575,52.573763024595074,52.573764725787235,52.57376662441401,52.57376869390094,52.57377090477785,52.57377322516908,52.573775621186144,52.57377805730975,52.57378049694294,52.573782902807714,52.57378523748706,52.57378746410945,52.57378954711129,52.573791452806525,52.5737931498458,52.5737946100818,52.57379580919186,52.57379672702173,52.57379734795127,52.57379766136768,52.573797661921674,52.57379734960257,52.573796729682904,52.57379581265104,52.57379461406472,52.57379315417282,52.57379145735847,52.57378955177812,52.573787468796155,52.57378524221844,52.573782907612475,52.57378050177996,52.57377806215931,52.57377562603512,52.5737732301107,52.57377090991528,52.573768699273785,52.57376662998633,52.57376473144659,52.573763030222004,52.5737615497429,52.57376031021047,52.57375932844389,52.57375861783011,52.57375818798971,52.573758043951315
52.57341443880715,52.573414569314984,52.57341495921577,52.57341560316103,52.57341649169427,52.57341761239641,52.573418949628916,52.573420484508596,52.573422195246536,52.57342405726467,52.57342604343039,52.57342812450871,52.573430269734615,52.573432447090134,52.57343462378986,52.57343676670848,52.57343884282576,52.573440819760414,52.57344266643834,52.57344435361975,52.57344585430248,52.57344714430438,52.57344820269972,52.57344901224352,52.573449559657014,52.573449835929104,52.57344983648314,52.573449561315904,52.573449014932656,52.573448206215154,52.57344714840072,52.573445858837076,52.57344435843102,52.57344267137657,52.573440824761406,52.57343884794766,52.5734367719432,52.57343462902065,52.57343245225919,52.57343027484104,52.573428129617305,52.57342604864154,52.57342406267072,52.57342220078414,52.57342049005049,52.57341895509385,52.57341761774503,52.57341649692853,52.5734156084787,52.57341496502093,52.57341457571349,52.573414445287725
52.57308887346439,52.57308899112547,52.573089342624165,52.5730899230165,52.573090723521126,52.57309173257695,52.573092935775186,52.57309431565878,52.57309585216372,52.57309752277619,52.57309930282495,52.57310116579259,52.57310308391423,52.573105028451934,52.57310697003135,52.57310887913186,52.573110726571684,52.57311248386527,52.573114123622396,52.57311562025772,52.5731169503981,52.573118093041955,52.573119029953816,52.57311974617793,52.573120230306834,52.57312047462951,52.57312047517628,52.57312023192169,52.5731197487805,52.57311903339834,52.57311809716205,52.57311695508792,52.57311562531197,52.57311412882225,52.57311248918955,52.573110732101,52.57310888476553,52.57310697561803,52.57310503394432,52.57310308930426,52.573101171067925,52.573099308039616,52.57309752803614,52.57309585744031,52.5730943209152,52.573092940999985,52.57309173775852,52.57309072864385,52.57308992830924,52.573089348444405,52.573088997595775,52.5730888801095
52.572781507379005,52.57278161316062,52.57278192909619,52.57278245062427,52.57278316972873,52.57278407579035,52.57278515568027,52.5727863934604,52.572787770824505,52.572789267266494,52.57279086047941,52.5727925265889,52.572794240597595,52.572795976766656,52.57279770883882,52.57279941048104,52.572801055802685,52.5728026196056,52.572804077785605,52.57280540786619,52.57280658927301,52.57280760359604,52.57280843492279,52.572809070200414,52.57280949950612,52.57280971616664,52.57280971671963,52.572809501104274,52.57280907274223,52.57280843830591,52.572807607693015,52.572806593992055,52.57280541307391,52.57280408329645,52.572802625300746,52.57280106168356,52.57279941644321,52.572797714733376,52.57279598252884,52.572794246176564,52.57279253192873,52.57279086561151,52.57278927228515,52.572787775773676,52.572786398402904,52.572785160631284,52.57278408073409,52.57278317465931,52.57278245580382,52.57278193483664,52.57278161962354,52.57278151412141
52.572492463911786,52.57249255887028,52.57249284240341,52.572493310299826,52.572493955294625,52.572494767710594,52.572495735626866,52.572496844594255,52.57249807807709,52.572499417556,52.57250084289903,52.57250233266308,52.57250386435223,52.57250541489576,52.57250696087685,52.572508478851134,52.57250994570594,52.572511339103535,52.572512637844824,52.57251382200389,52.57251487332067,52.572515775560596,52.57251651479445,52.57251707957308,52.57251746116526,52.57251765373145,52.572517654257204,52.57251746266907,52.572517081968414,52.57251651804011,52.572515779569514,52.57251487800773,52.5725138273107,52.57251264364448,52.57251134518915,52.57250995191544,52.57250848508102,52.57250696701296,52.572505420804426,52.57250386995443,52.57250233793701,52.5725008478942,52.572499422346944,52.57249808273497,52.57249684919157,52.57249574019457,52.57249477228179,52.572493959931506,52.57249331530075,52.57249284803677,52.57249256530696,52.572492470712874
52.572221835923465,52.57222192109844,52.572222175407994,52.572222594992574,52.57222317326615,52.57222390144083,52.57222476871157,52.57222576201359,52.572226866494105,52.57222806556818,52.57222934107929,52.572230673745246,52.57223204335869,52.57223342924234,52.57223481049885,52.57223616615854,52.572237475672466,52.57223871926155,52.57223987801061,52.5722409341562,52.572241871507345,52.57224267570327,52.57224333446587,52.57224383769591,52.572244177663805,52.572244349209136,52.57224434970171,52.57224417907455,52.572243839958205,52.57224333756978,52.572242679600805,52.572241876118284,52.57224093943925,52.57223988388038,52.57223872554516,52.57223748215086,52.57223617260198,52.572234816765885,52.57223343521807,52.57223204894282,52.57223067893143,52.57222934592448,52.57222807014894,52.57222687086371,52.57222576618149,52.57222477276502,52.572223905532866,52.57222317755849,52.572222599801314,52.572222180926396,52.57222192743264,52.57222184262435
52.5719696941656,52.571969770578704,52.57196999874167,52.571970375146336,52.571970893816996,52.571971546774684,52.57197232426776,52.57197321453499,52.57197420423,52.57197527852451,52.57197642106582,52.57197761446323,52.571978840584364,52.571980080940605,52.5719813168209,52.571982529492004,52.57198370067072,52.57198481264701,52.57198584849467,52.571986792376215,52.57198762991613,52.571988348355816,52.57198893678073,52.57198938623256,52.57198968984468,52.57198984302236,52.571989843468934,52.57198969115524,52.571989388388246,52.57198893978395,52.57198835218881,52.57198763450895,52.571986797654205,52.571985854357976,52.57198481895823,52.571983707224554,52.57198253603702,52.5719813231233,52.57198008685709,52.571978846019086,52.571977619402,52.57197642559881,52.57197528278429,52.571974208260464,52.57197321828874,52.57197232786269,52.571971550426504,52.5719708977644,52.571970379717186,52.57197000404761,52.57196977663414,52.57196970053033
52.57173609308486,52.5717361617513,52.57173636672974,52.571736704799015,52.57173717056289,52.571737756783165,52.5717384547031,52.57173925379377,52.571740142008075,52.571741106007075,52.57174213112683,52.5717432016879,52.57174430139246,52.57174541357246,52.57174652156478,52.571747608756745,52.57174865862058,52.57174965517314,52.571750583290296,52.57175142886589,52.571752179082054,52.57175282254877,52.57175334951543,52.571753752003985,52.571754023900375,52.57175416107837,52.57175416150703,52.571754025205124,52.571753754203044,52.57175335257228,52.571752826422674,52.571752183692766,52.57175143410225,52.571750589019736,52.571749661278254,52.57174866495929,52.57174761518463,52.57174652782644,52.57174541932188,52.571744306514205,52.57174320626664,52.57174213527014,52.571741109867645,52.57174014563259,52.57173925717361,52.571738457955256,52.5717377600734,52.57173717413918,52.57173670896999,52.57173637153223,52.57173616716779,52.57173609871776
52.57152107507409,52.57152113695144,52.571521321531044,52.57152162578554,52.5715220448831,52.5715225722814,52.57152320013815,52.57152391903719,52.5715247180672,52.57152558509071,52.5715265069756,52.57152746967568,52.5715284585177,52.57152945846692,52.57153045457798,52.571531431914046,52.57153237558209,52.57153327119456,52.57153410520374,52.57153486497914,52.57153553900537,52.571536117068675,52.57153659042845,52.571536951955345,52.5715371962069,52.57153731946605,52.57153731989896,52.57153719755621,52.571536954239825,52.571536593551954,52.571536120953475,52.571535543563144,52.57153487009322,52.57153411072944,52.57153327700924,52.57153238155981,52.57153143796767,52.571530460497144,52.5715294639001,52.57152846331404,52.57152747391456,52.57152651073622,52.57152558849942,52.571524721230006,52.5715239220694,52.57152320311351,52.57152257524804,52.571522048049566,52.571521629413695,52.57152132560947,52.571521141500874,52.57152107973191
52.57132467366614,52.57132472959674,52.57132489630543,52.57132517091615,52.57132554915233,52.57132602509816,52.57132659166958,52.57132724040361,52.57132796149465,52.57132874381699,52.57132957551703,52.57133044393817,52.57133133598558,52.57133223822523,52.57133313694379,52.57133401854434,52.57133486964957,52.57133567735018,52.57133642945613,52.571337114595735,52.57133772237634,52.57133824359867,52.571338670390055,52.57133899634071,52.57133921659721,52.571339327812176,52.571339328288246,52.57133921806909,52.571338998770095,52.57133867361281,52.57133824750375,52.57133772685721,52.571337119531236,52.571336434696995,52.571335682762594,52.57133487511423,52.571334024002105,52.5713331422878,52.57133224326282,52.57133134057753,52.571330447928176,52.57132957890318,52.57132874681072,52.5713279643046,52.5713272432259,52.57132659444996,52.57132602778157,52.57132555190383,52.57132517391599,52.57132489946836,52.57132473302954,52.571324677067665
52.57114691567919,52.5711469664007,52.57114711751889,52.571147366312594,52.571147709070566,52.571148140413165,52.571148653802005,52.57114924148912,52.57114989476919,52.571150603552994,52.57115135705537,52.57115214382513,52.57115295204749,52.57115376952316,52.57115458373972,52.571155382346944,52.57115615329833,52.571156884926594,52.57115756616146,52.571158186712275,52.57115873717748,52.571159209247014,52.571159595800474,52.571159891029836,52.57116009056918,52.57116019139931,52.57116019193022,52.571160092174786,52.57115989359593,52.57115959911538,52.571159213172635,52.57115874157468,52.57115819144367,52.5711575710936,52.571156889943616,52.57115615830749,52.57115538728876,52.571154588532366,52.57115377406464,52.57115295626172,52.57115214755175,52.57115136024198,52.57115060638759,52.57114989743951,52.57114924410685,52.57114865621347,52.57114814261658,52.571147711239256,52.57114736851672,52.57114711952792,52.57114696837054,52.571146917437474
52.57098782263699,52.57098786882864,52.5709880064805,52.5709882329946,52.570988545168916,52.57098893813699,52.5709894058445,52.570989940971536,52.570990535730594,52.5709911810796,52.570991867274294,52.570992583974935,52.57099332019789,52.570994064713645,52.57099480616926,52.57099553337694,52.570996235418576,52.57099690167017,52.57099752201039,52.57099808706257,52.57099858828183,52.57099901813596,52.57099937016734,52.570999639074365,52.57099982086483,52.57099991279046,52.570999913368254,52.57099982257623,52.57099964175204,52.57099937357339,52.57099902208442,52.57099859257952,52.57099809154185,52.57099752657325,52.57099690624661,52.570996239940605,52.57099553777054,52.57099481034695,52.57099406860853,52.57099332382431,52.570992587353174,52.57099187039895,52.5709911839118,52.57099053828912,52.5709899432559,52.570989407741,52.57098893978517,52.57098854664582,52.57098823424644,52.57098800717656,52.57098786918447,52.57098782264372
52.57084741188977,52.57084745420586,52.570847580442624,52.57084778803656,52.570848074091685,52.57084843419664,52.570848862919455,52.57084935332248,52.570849898292074,52.57085048973759,52.5708511187269,52.570851775711894,52.57085245053094,52.57085313286673,52.570853812387426,52.57085447884471,52.57085512223894,52.57085573285257,52.57085630139254,52.57085681925015,52.57085727859767,52.57085767256365,52.570857995262585,52.5708582418197,52.57085840852238,52.57085849283929,52.570858493411166,52.57085841019726,52.570858244428976,52.57085799858765,52.57085767637893,52.5708572826701,52.57085682339121,52.570856305533916,52.57085573696635,52.57085512626674,52.570854482690464,52.57085381598171,52.570853136184176,52.5708524536021,52.57085177866149,52.570851121623846,52.57085049248023,52.57084990073455,52.570849355280814,52.57084886430967,52.570848435190236,52.57084807458331,52.57084778798589,52.5708475796223,52.570847452954276,52.570847410319885
52.570725697471936,52.57072573653749,52.57072585326292,52.57072604511611,52.57072630934396,52.570726641710706,52.570727037428014,52.570727490198465,52.570727993446475,52.570728539818866,52.570729120852725,52.57072972760948,52.570730350774255,52.570730980899164,52.570731608474645,52.57073222398024,52.57073281815309,52.570733382046704,52.57073390709668,52.57073438535446,52.57073480959494,52.57073517348505,52.57073547160332,52.5707356994296,52.57073585347481,52.570735931378174,52.57073593191149,52.57073585502801,52.57073570186117,52.570735474739145,52.5707351770842,52.57073481340631,52.57073438917347,52.57073391085024,52.57073338571978,52.570732821704816,52.57073222732931,52.570731611591185,52.57073098379937,52.570730353450266,52.570729730171806,52.57072912343588,52.57072854241281,52.570727995852344,52.57072749195738,52.57072703830385,52.570726641726736,52.57072630839831,52.57072604348541,52.570725850950375,52.57072573401098,52.57072569491526
52.57062269080801,52.57062272720346,52.57062283605104,52.570623014920315,52.57062326127117,52.5706235708563,52.570623939407284,52.570624361308845,52.57062483031844,52.57062533956709,52.570625881054376,52.57062644638983,52.57062702699324,52.57062761410795,52.57062819889414,52.570628772452295,52.57062932611429,52.570629851561364,52.57063034084537,52.570630786573886,52.5706311820072,52.57063152121434,52.5706317991258,52.57063201152447,52.57063215512716,52.57063222771463,52.57063222817743,52.57063215647846,52.57063201365993,52.570631801924634,52.570631524476276,52.570631185517115,52.57063079013836,52.570630344360794,52.570629854976595,52.570629329382456,52.57062877551963,52.57062820176371,52.570627616801254,52.57062702945515,52.57062644867805,52.57062588330105,52.57062534182185,52.57062483237506,52.570624362619824,52.5706239396398,52.570623569830104,52.57062325898564,52.57062301203818,52.570622832759895,52.57062272417712,52.570622688232845
52.57053840115091,52.570538435441385,52.57053853795293,52.570538706254155,52.5705389380659,52.57053922948147,52.57053957656043,52.570539974018374,52.57054041568581,52.570540895106035,52.57054140489494,52.570541937178064,52.57054248385046,52.57054303663357,52.57054358722214,52.57054412724318,52.57054464850267,52.57054514317862,52.57054560383922,52.57054602355779,52.57054639598477,52.57054671548247,52.57054697724358,52.570547177304185,52.570547312565836,52.570547380915,52.57054738132736,52.570547313788815,52.570547179266846,52.57054697984129,52.570546718557964,52.57054639937248,52.5705460270729,52.57054560732398,52.57054514653188,52.570544651667696,52.570544130195785,52.57054358999138,52.57054303923827,52.57054248622374,52.57054193934729,52.57054140693142,52.57054089695098,52.57054041704844,52.57053997445102,52.570539575899275,52.57053922749362,52.57053893476148,52.57053870246767,52.57053853421008,52.57053843270256,52.57053839937909
52.570472835642384,52.57047286831459,52.57047296596346,52.57047312608172,52.570473346729784,52.57047362435534,52.570473955125195,52.57047433403119,52.57047475487001,52.57047521144117,52.570475696952876,52.57047620395561,52.57047672467598,52.570477251197154,52.57047777563661,52.57047829006464,52.570478786655784,52.5704792579398,52.570479696849894,52.57048009678609,52.57048045169207,52.57048075615466,52.57048100556738,52.570481196175656,52.570481325037356,52.57048139012336,52.57048139046753,52.57048132608439,52.570481197909785,52.57048100789853,52.570480758968614,52.5704804548972,52.570480100240125,52.57047970037336,52.570479261416594,52.57047879003805,52.570478293317954,52.570477778731075,52.57047725407278,52.570476727229696,52.57047620617596,52.570475698847716,52.570475212842894,52.57047475544529,52.57047433354032,52.5704739536318,52.57047362164332,52.57047334290504,52.57047312207871,52.5704729624882,52.570472866398994,52.57047283500838
52.570425999681525,52.57042603109833,52.57042612503999,52.570426279368775,52.57042649241914,52.570426760510614,52.570427079698554,52.570427445344485,52.57042785146832,52.570428292013816,52.570428760508605,52.57042924979346,52.570429752315825,52.57043026038065,52.570430766384256,52.57043126275023,52.57043174196292,52.57043219680036,52.57043262042682,52.57043300644234,52.57043334900135,52.57043364286208,52.57043388355663,52.5704340674815,52.57043419181328,52.5704342545883,52.57043425487377,52.570434192693156,52.57043406898855,52.57043388562011,52.57043364538908,52.570433351950435,52.57043300972993,52.57043262389598,52.57043220034173,52.570431745533675,52.57043126627804,52.570430769749414,52.57043026345421,52.57042975499069,52.570429252036355,52.570428762261336,52.57042829300046,52.57042785133194,52.57042744394961,52.570427077249946,52.570426757097195,52.570426488605776,52.57042627620673,52.570426122821836,52.570426030374804,52.570425999869265
52.57039789693805,52.570397927466104,52.57039801920451,52.57039817024491,52.57039837886463,52.570398641386504,52.57039895359792,52.57039931116935,52.57039970846361,52.570400139430774,52.570400597721424,52.57040107639456,52.57040156806758,52.570402065177625,52.57040256026328,52.57040304596463,52.57040351495797,52.57040396013489,52.570404374760656,52.5704047525386,52.57040508776339,52.570405375320625,52.57040561082168,52.57040579075642,52.5704059123863,52.5704059737849,52.5704059740344,52.570405913142615,52.570405792066715,52.57040561263519,52.57040537757273,52.570405090446215,52.570404755620736,52.57040437815245,52.570403963757705,52.57040351876448,52.57040304982661,52.57040256394661,52.570402068473165,52.570401570841476,52.57040107854778,52.57040059911426,52.57040013973313,52.57039970739105,52.57039930870672,52.57039895005822,52.57039863731784,52.570398375286295,52.570398168019885,52.57039801831717,52.570397927686635,52.57039789732525
52.57038852898662,52.57038855916072,52.57038865039514,52.57038880059996,52.57038900790995,52.57038926866661,52.57038957856637,52.570389933439365,52.57039032780906,52.570390755586224,52.57039121043393,52.57039168549344,52.5703921734647,52.57039266685113,52.57039315824663,52.57039364037318,52.570394105975105,52.57039454796129,52.57039495961238,52.570395334658585,52.570395667446846,52.5703959529128,52.57039618668305,52.570396365275386,52.57039648599093,52.57039654691687,52.57039654714277,52.57039648666755,52.570396366447504,52.570396188305246,52.57039595494769,52.57039566991282,52.570395337554785,52.57039496291005,52.57039455162543,52.570394109964255,52.57039364450765,52.57039316216933,52.570392670240544,52.570392176115284,52.57039168722982,52.57039121108934,52.57039075488489,52.570390325624125,52.57038992996252,52.570389574277726,52.570389264379585,52.57038900473506,52.57038879918983,52.57038865035011,52.57038855980034,52.57038852951973
