Model: _005_20_26_CPC_metacentric_tensed_MCF10A_chr19_PMP1__from_pyvcell_compare
Simulation: 898407604_0
(SimID_898407604_0 (PDE Simulation)) 
Sim time range (0.0 500.0) (saved timepoints 51) 
Number of variables 42 
Variable names ['BUB1a', 'BUB1a_pknl1', 'CPCa', 'CPCi', 'H2A', 'H3', 'H3_CPCa', 'H3_CPCi', 'H3S10rep', 'HASPINa', 'HASPINi', 'I', 'KNL1', 'NDC80', 'NDC80_TTKa', 'NDC80_TTKi', 'NDC80_pTTKa', 'NDC80_pTTKi', 'pH2A', 'pH2A_SGO1', 'pH2A_SGO1_CPCa', 'pH2A_SGO1_CPCi', 'pH3', 'pH3_CPCa', 'pH3_CPCi', 'pH3S10rep', 'pKNL1', 'pKNL1_bub1a', 'PLK1a', 'PLK1i', 'pTTKa', 'pTTKi', 'pNDC80', 'pNDC80_TTKa', 'pNDC80_TTKi', 'pNDC80_pTTKa', 'pNDC80_pTTKi', 'SGO1', 'SGO1_CPCi', 'SGO1_CPCa', 'TTKa', 'TTKi'] 
 
2D Slice for variable pTTKi at time 400.0 in plane XY at Z = 0 
 
X in rows, Y in columns 
0.06469952715674782,0.06469949014933153,0.06469937748674588,0.064699189008527,0.06469892364329678,0.06469857947624268,0.06469815697786976,0.06469765308034367,0.06469706727234652,0.06469639852382027,0.06469564395976282,0.06469480227003836,0.06469387147455595,0.06469285055825541,0.06469173811119559,0.06469053417096289,0.06468923814346796,0.06468784908718596,0.06468636869889716,0.06468479743829395,0.06468313628007955,0.06468138728757016,0.06467955200200115,0.06467763267592112,0.0646756320921836,0.06467355392814803,0.06467140415505243,0.06466919044105633,0.0646669232555736,0.06466461536141811,0.06466227995545956,0.0646599308895913,0.0646575815755137,0.06465524548021546,0.06465293603635926,0.0646506671394771,0.06464845204057255,0.06464630364052408,0.06464423560565968,0.06464226063830465,0.06464039112078226,0.0646386389694619,0.06463701616290969,0.06463553279948936,0.06463419900904939,0.0646330239387511,0.06463201547482401,0.06463118060728731,0.06463052508290422,0.06463005343260675,0.06462976929424005,0.06462967433516456
0.06469681124692409,0.06469677416920158,0.06469666186218864,0.06469647363165643,0.06469620754126891,0.06469586504128194,0.06469544248487048,0.0646949397038001,0.06469435560005694,0.06469368701193401,0.0646929332877712,0.06469209201226707,0.06469116206210784,0.06469014150029938,0.06468902954266734,0.06468782589487954,0.06468652914796029,0.06468513995717443,0.06468365874184029,0.06468208621611204,0.0646804236760854,0.06467867265130493,0.0646768349839361,0.06467491308584085,0.06467290936518304,0.06467082761185027,0.06466867356909414,0.06466645535346827,0.06466418360461505,0.06466187053902454,0.0646595297478451,0.06465717492080622,0.06465481975409818,0.06465247740973294,0.06465016190300034,0.06464788675481392,0.06464566519649115,0.06464351065980957,0.06464143632781194,0.06463945530514369,0.06463757972424702,0.06463582215142437,0.06463419382780407,0.0646327055708226,0.06463136734906066,0.0646301883669232,0.06462917655571454,0.06462833888079844,0.06462768103357067,0.06462720800028947,0.06462692269219682,0.0646268274906381
0.06468866210462945,0.06468862543289587,0.06468851359871661,0.0646883254304302,0.06468806196147257,0.06468772038276834,0.06468729989437567,0.06468680056303726,0.06468621822489312,0.06468555256304231,0.06468480129334979,0.06468396220990265,0.06468303382280616,0.06468201472140275,0.06468090393723529,0.06467970026014713,0.06467840314376669,0.06467701275780022,0.06467552918087187,0.0646739532487184,0.06467228599140931,0.06467052902393654,0.06466868443354566,0.0646667542704894,0.06466474111929647,0.06466264853765033,0.06466048246058419,0.06465825117755039,0.06465596498531889,0.0646536366319587,0.06465127967037809,0.06464890767594714,0.064646534361202,0.06464417371560084,0.06464183938417674,0.06463954500867364,0.06463730418880174,0.064635130607775,0.06463303751134765,0.064631038028732,0.06462914494808945,0.06462737055314338,0.06462572641212279,0.06462422358038097,0.06462287214435235,0.06462168131204325,0.06462065908292478,0.06461981270428083,0.06461914826807359,0.0646186702565554,0.06461838208048688,0.06461828590325468
0.06467507905183846,0.06467504275313997,0.06467493094842656,0.0646747454766759,0.06467448392857483,0.06467414549096599,0.06467373023668466,0.06467323394609382,0.06467265609470366,0.06467199502155914,0.06467124743353568,0.06467041229750523,0.06466948713915785,0.06466847059747581,0.06466736163931439,0.06466615846324932,0.06466486074222996,0.06466346809767379,0.06466198057760006,0.06466039879055026,0.0646587238736137,0.06465695751725702,0.06465510146561938,0.06465315756170727,0.06465112843495206,0.06464901786019148,0.06464683179307648,0.06464457847638316,0.06464226843183174,0.06463991437533184,0.06463752986895359,0.06463512912566823,0.06463272597996325,0.06463033432071356,0.0646279683801793,0.06462564197710623,0.06462336910255502,0.06462116338244457,0.0646190388713213,0.06461700867124871,0.06461508600467143,0.06461328334089197,0.06461161266086718,0.06461008514078467,0.0646087113834189,0.0646075004634825,0.06460646106707034,0.06460560036719362,0.06460492459498368,0.06460443844998248,0.06460414547068813,0.06460404734485403
0.06465606071212647,0.06465602378632766,0.06465591482116809,0.0646557315996914,0.06465547374391237,0.06465514128986745,0.06465473007141541,0.06465423999276401,0.06465366889854224,0.06465301357730258,0.06465227225034408,0.06465144234914438,0.06465052222833902,0.06464950998216615,0.06464840323790688,0.06464720123978261,0.06464590275244106,0.06464450699353715,0.06464301426718091,0.06464142476481907,0.06463973957091539,0.06463796003172738,0.06463608762470105,0.06463412452322498,0.06463207324500057,0.06462993750326805,0.06462772321669312,0.06462543880412279,0.06462309506499807,0.0646207045914626,0.06461828159691102,0.0646158402777909,0.06461339477564727,0.06461095962953743,0.06460854901365866,0.06460617747303174,0.06460385903896043,0.06460160822299248,0.06459943906313045,0.06459736549669169,0.06459540089738464,0.06459355825694858,0.06459185002304799,0.06459028782570352,0.06458888228828394,0.06458764325922267,0.06458657937190766,0.06458569851656604,0.0645850067905676,0.06458450898409493,0.0645842088608447,0.06458410842194615
0.06463160479178685,0.06463156962652514,0.06463146205496396,0.06463128247705476,0.06463103108968367,0.06463070356616708,0.06463030016969827,0.06462981847229822,0.06462925516610483,0.06462860829902396,0.06462787502037866,0.06462705303353099,0.06462614007212833,0.06462513286011658,0.06462403020127237,0.06462282995981986,0.0646215306466605,0.064620131569726,0.06461863242056864,0.06461703328828808,0.06461533500334168,0.06461353848723286,0.06461164542758112,0.06460965765038908,0.06460757770993156,0.06460540932787957,0.06460315863323751,0.06460083418249608,0.06459844647528185,0.06459600917970573,0.06459353626749935,0.06459104227463906,0.06458854194609193,0.06458605010331467,0.06458358154741795,0.06458115094066187,0.06457877341747918,0.06457646364210581,0.06457423659089159,0.06457210638080939,0.06457008713960864,0.06456819258677494,0.06456643545912283,0.06456482786031303,0.06456338102981335,0.06456210519069144,0.06456100977421181,0.06456010235612827,0.06455938964954006,0.06455887667385087,0.06455856740635424,0.06455846404972092
0.06460171066696982,0.06460167555563458,0.06460157124353917,0.06460139771842549,0.06460115173528073,0.06460083280303577,0.06460043896791873,0.06459996707066644,0.06459941455339918,0.0645987784120762,0.06459805614611829,0.06459724480524566,0.06459634046724576,0.06459534091482122,0.06459424361780708,0.06459304595405638,0.06459174632783067,0.06459034381421559,0.06458883744944484,0.0645872270002688,0.06458551285156643,0.06458369604420955,0.064581777778558,0.06457975999121912,0.06457764509779221,0.06457543678416804,0.06457314133908358,0.06457076731964674,0.06456832595969744,0.0645658304855841,0.06456329570807733,0.06456073655037693,0.06455816830497936,0.06455560607510615,0.06455306553649576,0.06455056203777525,0.06454811103744407,0.06454572842275705,0.06454342932004321,0.06454122878658095,0.06453914184321315,0.06453718255688594,0.06453536455496577,0.06453370049283626,0.06453220234220722,0.06453088106804573,0.06452974604976768,0.06452880565533475,0.06452806679471694,0.06452753507819556,0.06452721458947892,0.0645271076719711
0.06456637406433811,0.06456634062680722,0.06456624055717768,0.06456607239821784,0.06456583491776566,0.06456552628292124,0.06456514411561567,0.06456468471405392,0.06456414577186438,0.06456352404455379,0.06456281575908897,0.06456201727798602,0.06456112459141838,0.06456013485898557,0.0645590446572106,0.06455785131841371,0.06455655259410739,0.06455514676683691,0.06455363242932516,0.06455200917143378,0.06455027708024562,0.06454843663275854,0.06454648900436269,0.06454443572635012,0.06454227933814673,0.06454002365898642,0.06453767487138881,0.06453524177710838,0.06453273588413427,0.0645301710114466,0.06452756215623505,0.06452492500950957,0.06452227511892898,0.0645196286852734,0.06451700159352133,0.06451441034363524,0.06451187113780027,0.06450940053153922,0.06450701461401692,0.0645047295237297,0.06450256073824047,0.06450052351517914,0.0644986319719735,0.0644968999698363,0.0644953401467081,0.06449396369287579,0.064492780907536,0.06449180073731306,0.06449103043221624,0.06449047628089145,0.06449014213112712,0.06449003009917993
0.0645255925751527,0.06452556089349795,0.06452546549387143,0.06452530477679767,0.06452507752283236,0.06452478148426426,0.06452441318679608,0.06452396991849425,0.06452344826092184,0.06452284395311755,0.06452215310860557,0.06452137079116103,0.06452049310558862,0.06451951614671401,0.06451843577438393,0.06451724867467133,0.06451595211088514,0.06451454361527506,0.06451302135720666,0.06451138432698367,0.06450963209943923,0.06450776486007272,0.06450578351090468,0.06450368952320726,0.06450148522315305,0.06449917446257838,0.06449676362157718,0.06449426180614577,0.06449168065159547,0.06448903447123368,0.06448633903766415,0.06448361011515023,0.06448086437011241,0.06447811856923415,0.06447538984239722,0.06447269516621129,0.06447005199990646,0.06446747776804841,0.06446498959855958,0.06446260449056636,0.0644603392597728,0.06445820982735137,0.06445623173486784,0.06445441950051184,0.06445278641540453,0.06445134483972208,0.06445010565724632,0.06444907844579298,0.06444827122484284,0.06444769025460224,0.06444733938347919,0.06444722237452942
0.06447936225201155,0.06447933265534793,0.06447924240793475,0.06447909066681302,0.06447887598234878,0.06447859461539396,0.06447824404036119,0.06447782071730215,0.06447731998267382,0.06447673743051761,0.0644760677491251,0.06447530593162053,0.064474447079172,0.06447348625723537,0.0644724190047275,0.06447124103276083,0.06446994857993918,0.064468538658531,0.06446700869447003,0.06446535716432811,0.06446358306519649,0.06446168624148176,0.064459667120974,0.06445752717564539,0.06445526868979681,0.0644528951608047,0.06445041338044778,0.06444783260030648,0.06444516490798397,0.06444242515408803,0.0644396294158406,0.06443679457941877,0.06443393790576146,0.06443107733324752,0.06442823069311852,0.06442541611437452,0.06442265231279679,0.06441995768799341,0.06441735052615455,0.06441484928051149,0.06441247177582557,0.06441023530313904,0.06440815633807886,0.06440625053478519,0.06440453224824136,0.06440301481462138,0.06440171001693963,0.06440062813105595,0.06439977749377632,0.06439916509329598,0.06439879545516795,0.06439867230953247
0.06442767784720987,0.06442764995342273,0.06442756631454057,0.06442742581975378,0.06442722559287833,0.06442696270905546,0.06442663391564162,0.06442623440722461,0.06442575922658711,0.06442520272402505,0.06442455929346093,0.06442382288101442,0.06442298751288178,0.0644220475012704,0.06442099724122752,0.06441983153618855,0.06441854603482523,0.0644171364648016,0.06441559980863262,0.06441393356185075,0.06441213629936686,0.06441020734943369,0.06440814695855074,0.06440595594892323,0.06440363643194016,0.06440119244953495,0.06439863041281561,0.06439596013609575,0.064393194111082,0.06439034784432401,0.06438743784673367,0.06438448201188751,0.06438149870952341,0.06437850653320414,0.06437552466980147,0.06437257270376243,0.06436967034431117,0.06436683726643251,0.06436409349160388,0.06436145871184606,0.0643589521246796,0.06435659232184594,0.06435439718298847,0.06435238353736397,0.0643505672734924,0.06434896243227656,0.06434758197369596,0.06434643664527676,0.06434553627849152,0.06434488769337014,0.06434449649160007,0.06434436571798134
0.06437053264851172,0.0643705074411457,0.06437043199931285,0.06437030466350017,0.06437012218091347,0.0643698815381436,0.06436957865747371,0.06436920765837052,0.06436876320198982,0.06436823876829958,0.06436762741983162,0.06436692189739612,0.06436611557154583,0.06436520169393863,0.06436417348577271,0.064363024537295,0.06436174931266822,0.06436034279782286,0.06435880086108971,0.06435712050647983,0.06435529929968205,0.06435333611059255,0.06435123049294021,0.06434898341674641,0.06434659665264557,0.0643440739532906,0.06434142238133378,0.06433865178487193,0.06433577522348032,0.06433280849353887,0.06432976953412757,0.06432667669543618,0.06432354960549462,0.06432040814715066,0.0643172728184764,0.06431416437754646,0.06431110409219813,0.06430811350362237,0.0643052141200941,0.06430242691104379,0.06429977295726928,0.06429727228959019,0.06429494450778833,0.06429280785413982,0.06429087942700608,0.06428917459163039,0.06428770732994357,0.06428649009091394,0.06428553233599854,0.06428484270792972,0.064284426344802,0.06428428755785898
0.06430792046828611,0.06430789854498788,0.06430783292604772,0.06430772086689311,0.06430755976491154,0.06430734582226746,0.06430707340163848,0.06430673713364121,0.06430632965274785,0.06430584352089719,0.06430527080952834,0.06430460329440685,0.06430383308746881,0.0643029518859251,0.0643019514465951,0.06430082442100664,0.06429956394541692,0.06429816388220184,0.06429661913518474,0.06429492555438573,0.06429308023145956,0.06429108101238747,0.06428892725213724,0.06428661922876189,0.06428415864596312,0.06428154936679767,0.06427879833785732,0.06427591588883745,0.06427291559826481,0.0642698142619854,0.0642666302605314,0.06426338354961618,0.06426009454803422,0.0642567847664797,0.06425347597461732,0.06425019067366766,0.06424695201388687,0.06424378316960186,0.06424070712348973,0.06423774725511429,0.0642349260783224,0.06423226569347706,0.06422978740419862,0.06422751098601338,0.06422545484929146,0.06422363652030831,0.0642220710636451,0.06422077132182354,0.0642197489265507,0.064219012173427,0.06421856773273053,0.06421841923020129
0.06423983299863908,0.06423981539841071,0.06423976076113037,0.06423966735931243,0.06423953183295629,0.06423934887718859,0.06423911359989055,0.06423881833473082,0.06423845498653853,0.06423801504117498,0.06423748906544886,0.06423686775038401,0.06423614153900728,0.06423530046807971,0.06423433494445195,0.06423323620283002,0.0642319960255851,0.06423060695788065,0.06422906283397588,0.06422735816462925,0.06422548896772065,0.06422345275465081,0.06422124784982836,0.06421887415120169,0.0642163333196271,0.06421362898639701,0.06421076829122202,0.06420776206325346,0.06420462455411864,0.0642013730942117,0.0641980274127269,0.06419460836335299,0.06419113807200189,0.06418763931394889,0.06418413568380237,0.06418065164908099,0.06417721214065529,0.06417384221832761,0.06417056718674947,0.06416741238814233,0.0641644025841824,0.06416156194913787,0.0641589133009729,0.06415647859290162,0.06415427857212753,0.06415233184414404,0.06415065476562878,0.06414926221301841,0.06414816631120564,0.06414737650636679,0.06414689983195107,0.06414674024145679
0.06416626163891759,0.06416624821132612,0.06416620685655851,0.06416613564644283,0.06416602960316309,0.06416588450934099,0.06416569307482274,0.06416544628738528,0.06416513547139804,0.06416475063204953,0.06416428097237468,0.0641637153488236,0.06416304238672349,0.06416225049205239,0.06416132843585515,0.06416026598170013,0.06415905306675787,0.06415768086805068,0.0641561413868978,0.0641544284066671,0.06415253684088214,0.0641504627767455,0.06414820424791941,0.06414576063028969,0.06414313305329104,0.0641403250277962,0.06413734429676436,0.06413420179515167,0.06413091235948587,0.06412749460422035,0.06412396910233241,0.06412035818916381,0.06411668544955235,0.06411297560853126,0.06410925401940688,0.06410554726098239,0.06410188241504833,0.06409828681743364,0.06409478833865948,0.0640914145331874,0.06408819254536745,0.06408514865604109,0.06408230812192518,0.06407969566548345,0.06407733311386248,0.06407524154588497,0.06407343878419469,0.06407194157818848,0.06407076259832695,0.06406991292565706,0.06406939958675612,0.06406922865919767
0.06408719441807642,0.06408718633179082,0.06408716074880194,0.06408711543699216,0.06408704515012463,0.06408694423032314,0.06408680388131935,0.06408661478609382,0.06408636664961335,0.06408604766534577,0.06408564510966053,0.06408514628175058,0.06408453761770451,0.06408380560595427,0.06408293733545008,0.064081920346252,0.06408074303609515,0.0640793945004078,0.06407786560775912,0.0640761483177991,0.06407423629857101,0.06407212473166903,0.06406981066226307,0.06406729282395808,0.06406457195397751,0.06406165186065055,0.06405853989152971,0.06405524788805042,0.06405179134152957,0.06404818979198819,0.06404446501017294,0.06404064106088603,0.06403674335742676,0.06403279821898437,0.0640288333632882,0.06402487787740756,0.06402096100541718,0.06401711299850608,0.0640133641176357,0.06400974481854836,0.06400628452641725,0.064003012505106,0.06399995700274748,0.06399714414437205,0.06399459936235294,0.06399234457783844,0.06399040083703599,0.06398878550246827,0.06398751333152988,0.06398659566931265,0.06398604246005957,0.06398585708048536
0.06400261927208392,0.06400261733065664,0.0640026104683343,0.06400259552450543,0.06400256710590625,0.06400251790177411,0.06400243819710567,0.06400231749062506,0.0640021435014693,0.0640019024155505,0.06400157986686736,0.06400116052626541,0.06400062894386666,0.06399996943830034,0.06399916698047588,0.06399820689446509,0.06399707502409234,0.06399575913982075,0.06399424777280924,0.0639925313504117,0.063990602019102,0.06398845390963412,0.0639860828483624,0.06398348695223456,0.06398066665089447,0.06397762534530818,0.06397437095098972,0.06397091545831356,0.06396727547952147,0.06396347127668119,0.06395952653907122,0.0639554667932597,0.06395131917811249,0.06394711247067779,0.06394287711286083,0.06393864415823922,0.06393444634103497,0.06393031628558533,0.06392628757760208,0.06392239333239591,0.06391866648063024,0.06391513903013187,0.06391184212885313,0.06390880523687918,0.0639060552606054,0.06390361789866351,0.06390151558044609,0.06389976773069683,0.06389839025132092,0.06389739781395923,0.06389679789221597,0.06389659761912017
0.06391252124940539,0.06391252689663898,0.06391254187605828,0.06391256292406174,0.06391258317597084,0.0639125946340956,0.06391258662512653,0.06391254623659115,0.06391245946590547,0.06391231054609743,0.06391208245677905,0.06391175782374008,0.06391131861086995,0.06391074662727485,0.0639100241194807,0.06390913389646857,0.0639080598587003,0.06390678680483977,0.06390530159540748,0.06390359275324269,0.06390165064167691,0.06389946773411667,0.06389703906443628,0.06389436175019293,0.0638914356198189,0.06388826426051242,0.06388485538348271,0.0638812218009989,0.06387738073794023,0.06387335408162963,0.06386916679855353,0.06386484615347618,0.06386042189015773,0.06385592523665075,0.06385138893418936,0.06384684770033126,0.06384233666940575,0.0638378921438173,0.06383355109696894,0.06382934988821223,0.06382532480048556,0.0638215118507083,0.06381794506646793,0.06381465659884752,0.0638116773096823,0.06380903528743818,0.06380675490975003,0.06380485806693686,0.06380336405579058,0.06380228564628285,0.06380163491309011,0.06380141721039008
0.06381688455993678,0.06381689844073253,0.0638169389327498,0.06381700158341504,0.06381707896399298,0.06381716194328645,0.06381723742580377,0.06381729135509298,0.06381730739414411,0.06381726693984938,0.06381715066431194,0.06381693828960992,0.06381660895460617,0.06381614164900487,0.06381551575697529,0.06381471114563773,0.06381370886235499,0.06381249148209085,0.06381104305517293,0.06380935004100331,0.06380740071213453,0.06380518627316191,0.06380269995838865,0.06379993822199677,0.06379690049604413,0.06379358956704505,0.06379001386282741,0.0637861865142388,0.06378212591871006,0.06377785506102183,0.06377340055459496,0.06376879231115332,0.06376406218734178,0.06375924408958647,0.06375437414152363,0.06374949012381699,0.06374463065592541,0.06373983614082064,0.06373514668877653,0.063730602732506,0.06372624531305018,0.06372211310322906,0.06371824417379011,0.06371467462419843,0.06371143909518943,0.06370856695015857,0.06370608751746722,0.06370402487126414,0.06370239832108654,0.06370122527064853,0.06370051668116286,0.06370027925371637
0.06371568846807305,0.06371571237547924,0.06371578270862792,0.06371589399490878,0.06371603825392272,0.06371620450710073,0.06371637798399843,0.06371654252274046,0.06371667880737295,0.06371676566894477,0.06371678093811414,0.06371670125312416,0.0637165023201554,0.06371615989592253,0.06371564999329928,0.0637149493593902,0.06371403574546472,0.06371288870857951,0.06371148986017615,0.06370982273408955,0.06370787376216616,0.06370563178269022,0.06370308907492603,0.06370024068607515,0.06369708522579717,0.06369362552244412,0.0636898699397007,0.06368583238334687,0.06368153204744806,0.06367699347283388,0.06367224560547227,0.0636673202950818,0.06366225227962352,0.0636570785046458,0.06365183876131687,0.06364657402937313,0.06364132767278914,0.06363614321243403,0.06363106558483132,0.0636261404252534,0.06362141146118802,0.0636169227858747,0.0636127164404285,0.06360883340452705,0.06360530963040302,0.06360218141940602,0.0635994793271878,0.06359722961485242,0.06359545625869356,0.06359417610134076,0.06359340268994798,0.06359314450368266
0.06360891117466569,0.06360894681553919,0.06360905171946274,0.06360921998292546,0.06360944207961569,0.06360970537355269,0.06360999316731887,0.06361028669527904,0.063610563525793,0.06361079983563837,0.06361096963385272,0.06361104615574677,0.06361100145935678,0.06361080721679868,0.06361043591036347,0.06360986043704765,0.06360905522753581,0.06360799629863194,0.06360666203058138,0.06360503322567027,0.06360309355330394,0.06360083004451063,0.06359823304706563,0.06359529636545293,0.06359201764811999,0.06358839958782961,0.06358445050911286,0.06358018499779489,0.06357562336888856,0.06357079209443835,0.06356572190388951,0.06356044760134769,0.06355500653896297,0.06354943961652863,0.06354379000935068,0.06353810337343982,0.06353242655371791,0.06352680872879013,0.06352129968149214,0.06351594885890653,0.06351080583424713,0.06350591943751442,0.06350133693714645,0.06349710180008859,0.06349325779728414,0.06348984240007106,0.06348689060368091,0.06348443267539194,0.06348249388296627,0.06348109411114115,0.06348024914532067,0.0634799659071539
0.06349652708695978,0.06349657626488402,0.06349672143819332,0.06349695552203405,0.06349726822236017,0.0634976446302646,0.06349806568610844,0.06349850943303204,0.06349895050693723,0.06349936125637319,0.06349971223236686,0.06349997224138844,0.06350010877870027,0.06350008992982045,0.06349988338264655,0.06349945806915253,0.06349878419993672,0.0634978340428402,0.06349658225893075,0.06349500646049348,0.06349308757718962,0.06349081000916582,0.06348816215830606,0.06348513630682723,0.06348172920286949,0.06347794292214345,0.06347378607156715,0.06346927382077869,0.0634644279148358,0.06345927646796554,0.06345385276238584,0.06344819417307733,0.06344234189799937,0.06343634038249545,0.06343023708493407,0.06342408214142943,0.06341792789832142,0.06341182849194828,0.06340583883643114,0.06340001397621112,0.06339440964615865,0.06338907969230471,0.06338407576283704,0.06337944941430437,0.0633752460627515,0.06337150982004028,0.06336827901292595,0.06336558751169812,0.06336346390410687,0.06336193081056851,0.06336100416805816,0.06336069384262391
0.06337850634058839,0.06337857122015095,0.06337876299435564,0.06337907383155186,0.0633794918599918,0.06337999962885192,0.06338057532645902,0.06338119395075376,0.06338182632875725,0.0633824407253145,0.06338300321747649,0.06338347779738479,0.0633838275026757,0.06338401499215195,0.06338400368957822,0.06338375731345758,0.0633832415521674,0.06338242423400062,0.06338127620557286,0.06337977110493385,0.06337788653302746,0.06337560449315932,0.06337291072878488,0.06336979575163691,0.06336625535457378,0.06336229103637657,0.06335791141093564,0.06335313245672995,0.06334797738425345,0.06334247611073446,0.06333666462009839,0.06333058363100239,0.06332427792449864,0.06331779599567643,0.06331119056659094,0.0633045168269489,0.0632978324624708,0.06329119774582803,0.0632846731912045,0.06327832095176303,0.0632722019691934,0.06326637655458982,0.06326090377220515,0.06325583882397622,0.06325123473104309,0.06324713924676818,0.06324359637273849,0.0632406436376385,0.06323831329422429,0.0632366299953307,0.06323561260204927,0.06323527290424816
0.06325481533997136,0.06325489812391619,0.06325514390283343,0.06325554375233783,0.06325608380115193,0.06325674379437789,0.06325749919945113,0.06325832096583152,0.06325917572772544,0.06326002716164356,0.06326083614307793,0.06326156132702708,0.06326216026244869,0.06326259047457684,0.06326280922842326,0.06326277510416599,0.0632624484692991,0.0632617924387183,0.06326077266249316,0.06325935906435373,0.06325752557578188,0.06325525058166583,0.06325251730505914,0.0632493145304744,0.06324563659366171,0.06324148409762785,0.06323686603567769,0.06323179926549222,0.06322630803009363,0.06322042474752816,0.06321418829902081,0.06320764286993763,0.06320083686507952,0.06319382471476565,0.06318666369778957,0.06317941454562082,0.06317214210617327,0.0631649121700412,0.0631577930191857,0.06315085272906173,0.06314416022247626,0.06313778268527398,0.06313178545031244,0.06312623135622603,0.06312117832034134,0.06311668178117674,0.0631127894864644,0.06310954429547165,0.06310698212749491,0.06310513092267757,0.06310401294934442,0.0631036371490333
0.06312541439338935,0.06312551818327038,0.0631258267332221,0.06312632955332188,0.06312701077307913,0.06312784709778478,0.06312881084765531,0.06312986815431927,0.06313098099533235,0.06313210775605144,0.06313320334426908,0.06313422047089814,0.06313511063888354,0.06313582480416545,0.06313631388544301,0.06313653052165892,0.06313642910707651,0.06313596674925548,0.06313510435378024,0.06313380681428361,0.06313204382508669,0.06312978994799509,0.063127025895715,0.06312373788015334,0.06311991842637013,0.06311556790263222,0.0631106951706777,0.06310531755740481,0.06309946127589526,0.06309316100916199,0.06308645881638258,0.06307940223258598,0.06307204570422209,0.0630644475841264,0.06305667145635953,0.06304878502115098,0.06304085952227076,0.063032968334277,0.0630251869832696,0.06301759223752566,0.06301026026068209,0.06300326631263518,0.06299668386909812,0.06299058215191618,0.06298502835919371,0.06298008237881654,0.06297579892270516,0.06297222631693801,0.06296940447585522,0.06296736617787568,0.06296613237715862,0.06296572122091344
0.06299025930153064,0.06299038742713114,0.06299076830748142,0.06299139013060763,0.06299223446599188,0.06299327515238137,0.06299447971471246,0.06299580976748319,0.06299722180112156,0.06299866754172163,0.06300009597664745,0.06300145261567748,0.06300268187832592,0.0630037273746172,0.06300453336012068,0.06300504504780864,0.06300521007444074,0.06300497949454725,0.06300430800778498,0.06300315511490368,0.06300148553011137,0.06299927022421982,0.0629964860753394,0.06299311653818053,0.06298915291154775,0.06298459429235798,0.06297944956470997,0.06297373693760273,0.06296748418620313,0.06296072872116885,0.0629535158669148,0.06294589824571623,0.06293793435740286,0.06292968907591527,0.06292123239627505,0.06291263971508461,0.06290398890725085,0.0628953626456766,0.06288684476806836,0.06287852061163014,0.0628704755271143,0.06286279371248095,0.06285555677482364,0.06284884412043323,0.0628427292379684,0.06283728014783901,0.0628325589620754,0.06282861937972707,0.0628255072646667,0.06282325665461679,0.06282189775907546,0.0628214410444093
0.06284929864263576,0.06284945468123122,0.06284991916072619,0.06285067840490718,0.06285171146429355,0.06285298793906088,0.06285447099012346,0.06285611642220772,0.06285787416082826,0.06285968971518416,0.06286150367460235,0.06286325411825262,0.06286487739346876,0.06286630910371879,0.06286748498251057,0.06286834255500434,0.06286882200929744,0.06286886673890173,0.06286842492818094,0.06286744987072498,0.06286590114678517,0.06286374469620236,0.06286095348033706,0.06285750844857287,0.06285339848607058,0.06284862191899115,0.06284318716750996,0.06283711336888764,0.0628304301374393,0.06282317796324352,0.06281540599129297,0.06280717117325708,0.06279853805021063,0.06278957783409311,0.0627803685429106,0.06277099199437904,0.06276153648925613,0.06275209291696929,0.06274275505351116,0.06273361811150067,0.06272477744192555,0.06271632708895188,0.06270835974191974,0.06270096304090034,0.06269421994660189,0.0626882079133072,0.062682996175101,0.06267864554327464,0.06267520606837851,0.06267272128114779,0.062671216564905,0.06267071382556698
0.06270247340183252,0.06270266171871791,0.06270322267323106,0.06270414071497413,0.06270539127079874,0.06270693998331073,0.06270874447815375,0.06271075396200206,0.06271291156717028,0.06271515419038848,0.06271741427284104,0.06271962091850465,0.06272170131101214,0.06272358147624803,0.06272518837203024,0.06272645034395491,0.06272729873341772,0.06272766899917112,0.06272750170300202,0.06272674326131562,0.0627253469232345,0.06272327341986246,0.0627204914791445,0.062716978629379,0.06271272162610123,0.06270771705634752,0.06270197326113085,0.06269551032724271,0.06268836022062643,0.0626805660079154,0.0626721812093913,0.06266326810437797,0.06265389714188944,0.06264414782729642,0.06263410447012603,0.06262385942429981,0.06261351009829673,0.06260315773149759,0.06259290661312313,0.06258286362279152,0.0625731348097675,0.06256382666113475,0.06255504207719934,0.06254687949703577,0.06253943359825853,0.0625327907946787,0.06252702869311522,0.06252221603613203,0.06251841218131972,0.06251565993922466,0.06251399604161448,0.06251343880083995
0.06254971612064525,0.06254994181519453,0.06255061398859196,0.06255171488293496,0.06255321646019493,0.06255507902625794,0.0625572541795805,0.06255968388040205,0.06256230263187965,0.06256503839993503,0.06256781401393356,0.06257054809770896,0.06257315741199045,0.06257555780225997,0.06257766541596257,0.06257939844386322,0.06258067856936544,0.06258143221394105,0.0625815909511207,0.06258109362289212,0.06257988650531401,0.06257792439740256,0.0625751712881308,0.06257160092875858,0.06256719686076656,0.06256195440467545,0.06255588194557847,0.06254900035833572,0.06254134322955575,0.06253295779530096,0.06252390153181892,0.06251424246953098,0.06250405895262602,0.06249343689158616,0.06248247046422683,0.06247126247350228,0.06245992026731107,0.06244855651946013,0.06243728863493909,0.06242623470268666,0.06241551482997589,0.062405247765436336,0.06239554815549373,0.06238652896295437,0.06237829560128055,0.062370944487385276,0.06236456504877952,0.06235923557631694,0.062355018843964105,0.06235196990420121,0.06235012474768167,0.06234950747905326
0.0623909495955586,0.06239121823492591,0.062392018710846944,0.06239333039228318,0.062395120827597156,0.06239734533510013,0.06239994768704566,0.06240286143191607,0.062406011829772345,0.06240931652870399,0.06241268656163001,0.062416029576642454,0.06241925041236463,0.062422252568261706,0.0624249405214039,0.062427221099966915,0.06242900502275619,0.06243020780300243,0.06243075180923116,0.06243056684579374,0.06242959163273905,0.06242777435435305,0.06242507342922543,0.06242145781324652,0.06241690833006201,0.062411419016767215,0.062404997196818836,0.06239766458362398,0.06238945790059848,0.062380427011331424,0.06237063497412503,0.06236015629935075,0.062349076577643645,0.062337489724254826,0.062325502257357564,0.06231322554593725,0.06230077978682663,0.06228829133420338,0.0622758897422739,0.06226370850933729,0.06225188158001555,0.06224054101622085,0.06222981842367337,0.06221983952065229,0.06221072154861034,0.062202576878288306,0.06219550478195794,0.06218959207341948,0.06218491413719219,0.062181529846892375,0.062179481710389464,0.062178796005759304
0.06222608528001569,0.062226403573578545,0.0622273514860099,0.06222890576064306,0.06223102932120843,0.062233670264655386,0.062236764471335845,0.062240235790751115,0.06224399870961627,0.06224795834220574,0.06225201363610611,0.062256058833986806,0.06225998490087542,0.06226368216077977,0.06226704156938189,0.062269957008027926,0.06227232644825124,0.06227405395725662,0.062275050812382424,0.0622752372809063,0.062274543365756156,0.06227290954619001,0.06227028789341262,0.06226664264150418,0.06226195172940733,0.062256206182392276,0.06224941318538116,0.062241595918166116,0.06223279252298123,0.0622230576466569,0.062212459521817386,0.062201079831854834,0.06218901081726588,0.06217635972435239,0.06216324003276512,0.06214977758400389,0.06213610606029138,0.06212236490468392,0.06210870026035115,0.06209526057640096,0.062082195234793976,0.062069655062824344,0.06205778641506006,0.06204672954539851,0.06203662117676136,0.06202758442344832,0.06201973251913442,0.06201316576832267,0.06200796810431478,0.06200420653229547,0.062001929273315576,0.06200116702270747
0.06205502169892553,0.06205539696956261,0.06205651468204905,0.06205834839435734,0.06206085506038629,0.06206397551696888,0.06206763579982534,0.06207174899856055,0.06207621651396482,0.062080930164798015,0.062085774193053576,0.062090627690603396,0.06209536640563679,0.06209986520008448,0.06210399984257116,0.06210764936720866,0.06211069784464648,0.06211303596936115,0.06211456328187529,0.062115188751161954,0.06211483251738288,0.06211342673018153,0.062110916532584985,0.06210726117126282,0.062102433612181276,0.062096423476660015,0.06208923719774481,0.06208089809493204,0.06207144788282785,0.062060944961464394,0.06204946375986474,0.06203709202774935,0.062023934577308724,0.06201010503772405,0.061995731895252856,0.06198095405306295,0.061965919180508235,0.061950783929405354,0.06193571046084726,0.061920864539163956,0.06190641590543053,0.06189253210223787,0.06187937718661492,0.061867113610559264,0.06185589075853738,0.061845851186250474,0.06183712284450653,0.06182981977522386,0.06182403621916292,0.06181984931876723,0.061817314237507366,0.061816465870695884
0.061877642292953276,0.06187808338215652,0.06187939652818003,0.061881551762804785,0.06188449940786394,0.06188817155673907,0.06189248314982323,0.061897334431140316,0.06190261242614579,0.06190819303748192,0.06191394406127561,0.061919727307490076,0.061925401176852295,0.061930822626571326,0.06193585056939619,0.061940347240573845,0.06194418100192737,0.06194722805770229,0.06194937383031806,0.06195051515759918,0.06195056137730062,0.061949435218092715,0.06194707425065676,0.06194343099079128,0.06193847487582897,0.061932192413147895,0.06192458895787216,0.06191568927006011,0.061905537563816504,0.061894196852937955,0.06188174698438935,0.061868286594348884,0.06185392682874336,0.06183879554827575,0.0618230340196813,0.061806795849898885,0.061790245511893285,0.061773557024828465,0.061756911417782674,0.061740495655802044,0.06172449864053383,0.0617091083041846,0.06169451333324578,0.06168089177679676,0.06166841734556926,0.06165724899487089,0.06164753437526162,0.06163940034141655,0.06163295636245564,0.0616282898591945,0.06162546407777872,0.06162451799582161
0.061693814192671004,0.061694330714077435,0.06169586890657792,0.061698394195048745,0.06170184925055918,0.06170615591129407,0.061711216569394774,0.06171691646308479,0.06172312587211373,0.06172970289520749,0.06173649618369293,0.061743347849968565,0.061750096046327294,0.06175657830407922,0.061762633702503476,0.061768106179323386,0.061772846261094944,0.06177671329611586,0.061779577620682244,0.06178132263654147,0.061781845206562484,0.061781057758316674,0.061778889249614874,0.061775285500873856,0.061770210956271616,0.06176364908824635,0.0617556041978867,0.061746102224845806,0.06173518972525243,0.06172293473122018,0.061709424962760766,0.06169476595831279,0.06167908120741607,0.06166251103642718,0.061645211468055794,0.061627352129735045,0.061609116017527984,0.06159069707358293,0.06157229761666533,0.061554126475130456,0.06153639532666901,0.061519318362927525,0.06150310392166776,0.06148795809143694,0.06147407381996723,0.061461635651354464,0.06145080728777382,0.061441736255028634,0.061434546689467386,0.061429338559149574,0.061426183875801135,0.06142512772123414
0.06150338405795079,0.0615039878030218,0.06150578500222005,0.06150873616188784,0.06151277502362793,0.06151781170819855,0.06152373345192085,0.06153040868413081,0.06153768850926079,0.06154540992388721,0.06155339994314693,0.061561477916552684,0.0615694594067596,0.06157715932058026,0.061584395026358596,0.06159098926282786,0.0615967724770314,0.06160158560266397,0.06160528236549966,0.06160773041054843,0.06160881320098294,0.06160843225456294,0.06160650614839663,0.06160297383240792,0.061597794068478574,0.061590946791839456,0.06158243541261351,0.06157228609823865,0.061560549195556986,0.06154729741087664,0.06153262583166245,0.061516649380479065,0.061499503948391314,0.061481343599903766,0.0614623395398516,0.0614426804607122,0.06142256953450446,0.06140222202282835,0.06138186433367739,0.0613617298751021,0.061342057690848766,0.061323086249996606,0.06130505454247131,0.061288191854778025,0.061272721869238586,0.06125884935692217,0.06124676464133148,0.06123663489360438,0.061228602453571125,0.06122278136118607,0.061219254749451224,0.061218073762250524
0.06130617698267737,0.06130688090118286,0.06130897645818346,0.061312417892022096,0.061317128775302966,0.06132300488937283,0.06132991695711169,0.0613377133077381,0.06134622241204977,0.06135525776495561,0.06136462088230401,0.06137410537056981,0.06138350107458684,0.061392597263193883,0.06140118649276864,0.061409067696481724,0.06141604920699656,0.061421951462358286,0.06142660892439123,0.06142987240561766,0.06143161130541994,0.06143171311739245,0.061430087088814804,0.06142666357465179,0.061421394829954956,0.061414257660990845,0.061405253351826686,0.0613944095264728,0.0613817789966007,0.061367440560901716,0.06135149595871404,0.061334072235130266,0.06131531679081392,0.061295398036250184,0.061274506286189516,0.06125284955833325,0.06123065236269855,0.061208155456973855,0.06118561065650319,0.061163280204186446,0.06114143117969088,0.061120334695010735,0.06110025753646447,0.06108146399112413,0.061064203120949054,0.06104871235309931,0.06103520736109739,0.061023879794526,0.06101489280932505,0.061008377278652076,0.061004428984697656,0.06100310650814007
0.061101991514695815,0.06110281083349683,0.061105250179222456,0.06110925632356935,0.06111474054202715,0.06112158297322243,0.06112963397848101,0.06113871863061521,0.061148639693454666,0.061159182916058694,0.061170120630513726,0.061181217398544145,0.061192233185033064,0.06120292834574794,0.06121306745290318,0.061222422917497736,0.06123077823898851,0.06123793051299175,0.06124369364149276,0.061247900168610744,0.061250402084378375,0.061251074243800725,0.06124981395851728,0.061246542025110665,0.061241204702793164,0.06123377427116521,0.06122425031268158,0.06121266107039183,0.061199063012269274,0.061183539184662364,0.06116620219999847,0.06114718788723548,0.06112665724311643,0.061104796609379924,0.061081814128948926,0.06105793902649024,0.06103342143343831,0.06100852799183768,0.060983540219591646,0.060958751191252526,0.06093446212229194,0.060910976550497556,0.060888599643336795,0.060867626855689104,0.06084834553088838,0.060831024870187864,0.06081591207904868,0.06080322715557769,0.060793157396681854,0.06078585379352614,0.06078142664382193,0.060779943569653834
0.06089059632843205,0.06089154882878509,0.06089438436649114,0.06089904114038271,0.060905416603585436,0.06091337139381681,0.060922732671882356,0.06093329826273746,0.060944840944425066,0.06095711404595749,0.06096985719131605,0.06098280057527739,0.06099567065792138,0.06100819490323758,0.06102010640677862,0.06103114775107867,0.06104107443281324,0.06104965847240566,0.061056690655417585,0.061061982621332125,0.061065369352245706,0.061066710305357576,0.061065889856710194,0.06106281917183741,0.06105743782942831,0.061049712241070954,0.0610396412099598,0.061027253026321095,0.06101260642615105,0.06099579292395795,0.0609769312946464,0.06095616971323528,0.060933684637389046,0.06090967876520614,0.060884380708169074,0.06085804388368336,0.060830944798364046,0.06080337928391078,0.06077566170060559,0.060748120252608465,0.06072109223326232,0.0606949223026027,0.06066995260316932,0.06064652177113002,0.06062495613252226,0.0606055635141852,0.060588628020232134,0.060574402077792376,0.06056310225745737,0.060554902402560264,0.060549930528609706,0.06054826441504176
0.06067172557242993,0.060672831432234155,0.060676124272910706,0.06068153174870138,0.060688934555803736,0.06069817092016094,0.060709040388093,0.060721308861401944,0.06073471394554404,0.06074897213932339,0.06076378421533253,0.06077884159389128,0.06079383233810224,0.06080844665528032,0.06082238215166556,0.060835347950803066,0.060847068971210186,0.06085728866847701,0.060865772920975704,0.06087231095754326,0.06087671880944226,0.06087883883412088,0.06087854214445922,0.06087573005644586,0.060870332591452456,0.06086231323109643,0.06085166650470769,0.06083842176546234,0.06082264233486011,0.060804423580280556,0.06078389458554339,0.060761216044476804,0.06073657882772595,0.060710204494343264,0.060682343416647744,0.06065327535351545,0.06062330439479288,0.06059275988857297,0.060561991748105,0.06053136655148984,0.060501264576569916,0.060472072729082,0.06044418048468638,0.06041797236247413,0.060393820599277455,0.06037207876254693,0.06035307296359227,0.06033709476821179,0.060324394300442494,0.060315173236918714,0.0603095801835603,0.060307705654194965
0.06044507252130594,0.06044635595646548,0.06045017710028999,0.06045645140776828,0.060465039961847995,0.06047575401700792,0.06048836066182431,0.06050258810921354,0.06051813321137047,0.060534668977805184,0.060551851638808156,0.06056932796398744,0.060586742107339275,0.06060374221607545,0.060619985941565875,0.060635145251762584,0.06064891043111647,0.06066099482272575,0.06067113594831357,0.06067909973522428,0.06068468055720014,0.06068770337901928,0.06068802541561045,0.060685535458426705,0.06068015684154272,0.060671845301685,0.060660594430753056,0.06064643388649233,0.06062942872271916,0.06060968175037061,0.06058733121230505,0.060562550067347606,0.060535545223961394,0.060506557292423095,0.06047586182526453,0.060443763445874245,0.060410599321621974,0.06037673364044452,0.06034255567264964,0.060308475449711255,0.060274919760535,0.06024232573513185,0.06021113488379302,0.06018178450603822,0.06015470144737685,0.06013029106776828,0.0601089296835987,0.060090954542459864,0.06007665597568494,0.060066268721980176,0.060059965839277044,0.06005785292483057
0.060210284400205843,0.06021177303383112,0.0602162054978126,0.06022348241658316,0.06023344104394961,0.06024586084160083,0.06026047020795415,0.06027695293353288,0.06029495794639921,0.06031410742784814,0.06033400600510184,0.060354248994190035,0.06037443062716637,0.06039415145256342,0.0604130239813136,0.060430678783104826,0.060446768956286805,0.06046097332348178,0.06047300044796082,0.06048258948598244,0.0604895126004235,0.06049357639189885,0.060494622297278845,0.06049252803895673,0.06048720613174987,0.060478608393336686,0.060466724769392154,0.060451584414820625,0.060433256040204594,0.060411848367901894,0.06038750964105411,0.060360424632928476,0.06033081675248086,0.06029894919241589,0.060265118892968976,0.060229661910519205,0.06019294821214601,0.060155380623667376,0.0601173911370067,0.060079438542815326,0.06004200143418214,0.06000557362768094,0.05997065527049582,0.05993774617821472,0.05990733467720723,0.059879887722298936,0.05985584061583621,0.05983558467621256,0.05981945853372048,0.059807735864516515,0.05980061966277877,0.05979823355052912
0.059966952689165805,0.059968679521824664,0.059973820707256285,0.05998225898258662,0.0599938031860955,0.06000819475036601,0.060025115480927094,0.06004419704677342,0.060065031289033885,0.06008718114207448,0.06011019114425148,0.06013359757811579,0.06015693769350172,0.0601797575593797,0.060201619990438805,0.06022210960901401,0.06024083789454947,0.060257447670423694,0.060271614675142006,0.06028305044853135,0.06029150357235652,0.0602967613018523,0.06029864893072789,0.06029703057026978,0.06029181128044296,0.060282935298476836,0.060270389695530065,0.06025420321968337,0.060234447655366605,0.06021123835985875,0.0601847311797064,0.06015512460871259,0.06012266060850718,0.06008762021613581,0.06005032821560301,0.060011150730542424,0.05997049362232463,0.05992880029932025,0.059886551568365795,0.059844257712358004,0.05980245649738457,0.05976170465020111,0.05972257074120935,0.05968562493580071,0.05965142781738964,0.05962051888106456,0.059593402652625464,0.05957053564676495,0.05955231336800098,0.0595390575076577,0.059531006596198616,0.05952830637383432
0.059714605336514626,0.059716608981545446,0.05972257335845325,0.059732359743617916,0.05974574248315585,0.05976241673779176,0.059782009161821616,0.059804088489050715,0.05982817926846564,0.05985377477572644,0.059880349813949116,0.05990737236908818,0.05993431419553528,0.059960660988999964,0.059985919250353514,0.0600096230588381,0.060031339230182494,0.060050670625337595,0.060067258703316515,0.06008078575229778,0.06009097630098711,0.060097596420081584,0.06010045476078106,0.060099403746935634,0.06009433766626613,0.06008519468982404,0.060071958081762744,0.060054656635686356,0.06003336468503806,0.06000820182410738,0.05997933422641246,0.05994697369621555,0.05991137678711939,0.05987284713833678,0.059831736215966366,0.05978844140021975,0.05974340527422669,0.05969711810922966,0.059650109312627535,0.059602948530746006,0.059556238071368055,0.05951060646598042,0.05946669908925345,0.059425167676749914,0.059386657620592136,0.059351793056941944,0.05932116129018337,0.05929529637520616,0.05927466326405136,0.05925964131197971,0.05925051254559345,0.05924744990802928
0.05945269424981874,0.05945502037793595,0.05946194349201022,0.05947329852053024,0.059488817530727,0.059508140164517595,0.0595308255560502,0.05955636735613255,0.059584210148203136,0.059613765092984404,0.05964442540683226,0.05967558004542461,0.05970662698630369,0.05973698295309589,0.05976609253654019,0.05979343436831674,0.05981852642594211,0.05984092922665945,0.059860248314592024,0.05987613569845764,0.05988829046376681,0.059896457186208465,0.05990042932081921,0.05990004535061635,0.0598951896509159,0.059885794076884935,0.05987183875675313,0.0598533508627931,0.05983040626402035,0.05980313089245938,0.05977169879192391,0.05973633321123373,0.059697307072678084,0.05965494649736098,0.059609627920345847,0.05956178050916909,0.059511889135185826,0.05946048762321057,0.05940816204255432,0.05935554495719133,0.05930331060951148,0.05925216746966824,0.05920284880042318,0.059156100897164665,0.05911266734871027,0.05907327256592448,0.059038602830454125,0.05900928576772,0.05898587033590544,0.05896880676040841,0.05895843059244729,0.058954948532945216
0.05918058171358756,0.05918328487518416,0.059191327811978965,0.05920451307946011,0.05922252127360365,0.05924492311045401,0.059271196215270334,0.059300743696750806,0.05933291436634169,0.059367022092601154,0.059402364703294734,0.0594382404144877,0.05947396254199705,0.05950887110936536,0.05954234175924459,0.05957379285203355,0.05960269010300666,0.059628549692839775,0.05965093936081957,0.0596694811423408,0.05968384646542516,0.05969376179273289,0.05969900264967558,0.05969939446352701,0.05969481307949102,0.0596851839418866,0.05967048188050464,0.05965073369818344,0.05962601685951665,0.05959646096111574,0.059562247757600155,0.05952361028330039,0.0594808394883769,0.05943427893669895,0.059384331157649815,0.05933146050676555,0.05927618857276154,0.05921910011377005,0.059160838950297036,0.05910210581796228,0.05904365403760577,0.05898628177305826,0.05893082237269175,0.05887813035370512,0.05882906451678982,0.05878446858194993,0.058745147033889396,0.0587118411531339,0.05868520274967529,0.058665769756281065,0.0586539440050707,0.05864997403068497
0.05889752379540536,0.058900668951948607,0.058910024447167586,0.05892535253374247,0.058946269309930646,0.058972261035918065,0.05900270547110679,0.059036895502948515,0.05907406473238209,0.05911341183846099,0.05915412266924596,0.059195390963661124,0.05923643394454615,0.059276505446078764,0.05931490601210043,0.05935098865014505,0.059384164272856414,0.0594139018917579,0.059439733645094285,0.05946124684909154,0.059478091547247605,0.059489972171659654,0.05949664854737228,0.059497935528259896,0.05949369913053346,0.05948385741692697,0.05946838308443239,0.059447299961988456,0.059420686111697006,0.05938867499246544,0.059351451926446884,0.05930926356495355,0.05926241030621236,0.05921125524623175,0.05915622767433234,0.0590978201540719,0.05903659675313157,0.058973191441739035,0.058908308505771924,0.05884272220120182,0.05877727193204147,0.058712855619784586,0.05865041943930213,0.05859094288540379,0.05853542015957023,0.05848483595979981,0.05844013782362436,0.05840220560824853,0.05837181852464752,0.058349623080619105,0.058336104644208193,0.058331564431843314
0.05860264849664281,0.05860631437599277,0.05861721453378076,0.05863506054971189,0.05865938809819286,0.05868957836329786,0.058724885232389126,0.058764467127032455,0.05880741855963814,0.058852800455782346,0.05889966834554826,0.05894709468586073,0.05899418781500098,0.05904010683465734,0.05908406958712408,0.05912536030222618,0.05916333152910915,0.05919740831493031,0.05922708049361583,0.059251910052381715,0.05927152037380597,0.05928559807583258,0.059293890490832196,0.059296199787599375,0.059292383951280586,0.059282356964239245,0.05926608550180998,0.059243591638071864,0.059214954150833055,0.05918030479540182,0.05913983814658869,0.05909380273706104,0.05904251183008514,0.058986346033621316,0.05892575360024977,0.05886125857379178,0.05879346346271018,0.058723051148823084,0.05865078916774535,0.058577528351603125,0.058504200985582795,0.058431814917825176,0.05836144358666336,0.05829421046490045,0.05823126759068697,0.05817376834941659,0.058122833484743286,0.05807951328995174,0.05804474517323509,0.05801931269271947,0.058003807128877004,0.057998597011459284
0.058294930533552,0.05829921259237381,0.05831193876009637,0.058332756739945715,0.05836110036505327,0.0583962181248495,0.05843721029166484,0.058483069329605876,0.05853272058907594,0.05858506142492762,0.058638993084224836,0.05869344885260602,0.05874741553536651,0.05879994640134758,0.0588501713375255,0.058897302076049506,0.05894063480114304,0.058979544435976534,0.059013489357254985,0.059042000171506015,0.05906468093995936,0.059081203307714936,0.05909130068489468,0.05909476740080989,0.05909145567077344,0.0590812725212928,0.05906418158835496,0.059040202975341266,0.05900941054493735,0.05897194129534474,0.05892798511503743,0.05887779761050694,0.058821699951971805,0.05876008274875273,0.058693413311245446,0.05862224184914733,0.05854720531681148,0.058469035537147655,0.05838856171516634,0.0583067139523058,0.058224523222598315,0.05814311731332084,0.058063712030547665,0.05798759535209803,0.057916104525633165,0.05785059420060686,0.05779239602552972,0.05774277112391863,0.057702855971111834,0.05767360833321542,0.05765575570912407,0.057649753378891395
0.0579731577644955,0.0579781727015843,0.05799306933656701,0.058017413019880795,0.05805050694839313,0.058091431786672226,0.05813909411345834,0.0581922804357516,0.058249710405822594,0.058310083877995814,0.0583721219213695,0.05843459914384607,0.05849636473577035,0.05855635779057213,0.05861361578772326,0.05866727744457405,0.05871657894727312,0.058760854980661324,0.058799528174044165,0.05883210770697563,0.0588581801543285,0.05887740392551217,0.058889505354975814,0.05889427214132752,0.058891551114486546,0.05888124575670813,0.05886331660002097,0.058837777740015494,0.05880470526174112,0.05876422658386354,0.05871653414884646,0.058661882882327765,0.05860059562399115,0.0585330697895991,0.05845978587410254,0.058381312927872,0.05829831960888516,0.05821158042886061,0.05812198415185322,0.058030540608059115,0.057938383046035116,0.0578467679662869,0.05775706874910171,0.0576707607614746,0.05758939730386663,0.057514573692453434,0.05744787947256203,0.05739083854493663,0.057344840199285665,0.05731106641592254,0.05729042197287936,0.05728347572987538
0.057635889165295454,0.05764178160623418,0.05765927375132532,0.057687824048295054,0.057726567054525585,0.05777436728894816,0.05782988579632056,0.05789165168532519,0.05795813089762018,0.05802778711911056,0.058099130860898775,0.058170754445739395,0.05824135577394739,0.05830975305041106,0.058374887758004916,0.05843582505299297,0.0584917488222008,0.05854195316200642,0.058585836169297675,0.0586228878659791,0.05865268366793135,0.058674876031695085,0.058689186119913285,0.05869539961089273,0.0586933605441057,0.0586829708678492,0.058664185625197915,0.05863701978293699,0.0586015376832465,0.05855786607761691,0.05850619030651862,0.058446759932096935,0.05837989379860825,0.05830599030723886,0.05822553347504591,0.05813910552173728,0.05804739672440081,0.05795121745438785,0.057851510815912756,0.057749362343555134,0.057646008211622884,0.05754284054829953,0.0574414043019745,0.05734338594512963,0.05725058968829209,0.05716489883728179,0.05708821881928774,0.057022403863221806,0.056969166996053124,0.05692998277889248,0.05690599024541262,0.05689791043375407
0.05728140146489916,0.05728835164902935,0.05730896915230539,0.057342571712808175,0.05738807312812684,0.05744405760858754,0.057508870190534744,0.057580714895756356,0.057657745151236325,0.05773814106565535,0.05782016663088635,0.0579022090053473,0.05798280345526191,0.05806063970081699,0.058134565652540555,0.05820357757674253,0.058266812746550684,0.05832353609210267,0.058373126133590525,0.05841506473511391,0.05844892359014061,0.05847435450310636,0.05849108124504201,0.058498890040348216,0.05849762719555553,0.058487192418100575,0.05846754190535261,0.05843868018382012,0.058400669490879804,0.058353625667178,0.058297724031493504,0.0582332019186453,0.05816036873049934,0.058079612935844904,0.05799141373673289,0.0578963543930536,0.05779513585489572,0.057688593658944735,0.05757771401810777,0.057463650059126944,0.05734773752866083,0.05723150589928126,0.05711668304815365,0.0570051897383751,0.056899119539989815,0.05680069843135841,0.05671222024295896,0.05663595663400356,0.05657404011283202,0.056528332166430204,0.05650028705242332,0.05649083254529288
0.05690761836563411,0.0569158539001579,0.05694026351934218,0.05697997936152179,0.05703362337741896,0.05709940905052405,0.057175271267011454,0.05725899949261035,0.05734836039328034,0.05744119302989379,0.05753547650698782,0.05762937190937283,0.057721239512867326,0.057809643549075584,0.05789334118762822,0.05797127252309834,0.058042539350570715,0.058106388166899024,0.05816219306160815,0.05820943678186377,0.058247697677039634,0.05827663696016741,0.058295985524112894,0.05830553812793996,0.058305145257610456,0.05829471036979309,0.058274183980264994,0.058243569651500654,0.058202917953189874,0.058152332964916446,0.058091973011166684,0.05802205818123906,0.05794287774926685,0.057854800098733325,0.057758287239191845,0.05765390921079132,0.05754236284662971,0.05742449192873605,0.05730130976220407,0.057174023045460286,0.057044055524484806,0.05691306954741488,0.056782981208750936,0.056655965751119836,0.05653444520516017,0.05642105115090262,0.0563185547981095,0.05622975793473315,0.056157342595057995,0.05610368997792519,0.05607068602230337,0.05605954477166165
0.05651201953979811,0.056521829306779334,0.05655087916786103,0.05659805534061397,0.0566615870437137,0.0567391926974045,0.05682826437214075,0.056926059589851585,0.057029863348013216,0.057137107888440564,0.05724544830222319,0.05735279951806919,0.0574573465539968,0.0575575318195413,0.05765204052273135,0.057739769773358755,0.05781980506423433,0.05789139343331248,0.05795391808934412,0.05800687897756514,0.05804987367156386,0.058082581548545356,0.05810475097594262,0.05811619078676204,0.0581167613976789,0.05810636870190178,0.05808496608847533,0.0580525486601838,0.058009156596195655,0.057954876116514197,0.05788984420887772,0.057814254436945316,0.05772836527328379,0.05763251339906635,0.05752712781422749,0.05741274829824504,0.057290047135137454,0.05715985463509551,0.0570231882902529,0.05688128494357878,0.05673563567208903,0.056588020475322194,0.05644053906393735,0.056295633128128394,0.056156089298046684,0.0560250133385657,0.05590576058628886,0.0558018092761348,0.05571656831600127,0.0556531284922823,0.05561397886810326,0.05560074094600258
0.056091518489000174,0.056103272486585684,0.056138051500884384,0.056194417446562124,0.056270067047547966,0.056362040394522674,0.05646700211137733,0.05658151786856066,0.05670227422282204,0.05682622325781193,0.05695065926056687,0.05707324321330937,0.0571919904292181,0.057305246498510015,0.05741164418045162,0.05751006706091905,0.057599609001617764,0.057679539615556955,0.05774927397710916,0.05780834586791579,0.05785638733336411,0.05789310764409259,0.05791828408882304,0.05793174522658559,0.0579333659979525,0.0579230620856704,0.057900785984821096,0.05786652726475074,0.05782031125979404,0.057762203129464465,0.05769231125245901,0.05761079286375861,0.05751786544048418,0.0574138185325215,0.057299030660615306,0.0571739900778771,0.057039320007868516,0.05689580879452335,0.05674444655324752,0.0565864665301997,0.05642339340900478,0.05625709436326398,0.05608983187709309,0.05592431030514913,0.05576370677139658,0.055611669369681406,0.05547226123666026,0.05534982371224252,0.05524873750751463,0.05517307850691243,0.05512619873731674,0.055110313636669836
0.05564230593626122,0.0556564757970797,0.05569838906833743,0.055766195257419056,0.055856854341580546,0.055966454600666495,0.056090662491204916,0.05622513708317057,0.056365824947839566,0.056509124002190804,0.056651944076669646,0.056791699536138295,0.0569262684987403,0.05705393178853566,0.05717331260208912,0.057283316403159715,0.05738308024719565,0.05747192661523752,0.057549326885353795,0.057614871368972725,0.05766824076315508,0.057709193467619296,0.05773754086560616,0.05775314259742747,0.05775589463111922,0.057745723111031044,0.05772258393752927,0.05768645881288977,0.05763735664456718,0.057575316601017154,0.057500410557615435,0.057412751192333696,0.057312501316225915,0.05719988733802138,0.05707521753001399,0.0569389042033785,0.056791491425773305,0.056633690879959356,0.05646642395029368,0.056290874142771626,0.05610854910927702,0.055921352379643775,0.055731663358735244,0.05554241931534224,0.055357189675815856,0.05518021959971316,0.05501641349815996,0.05487120906651153,0.054750295791659416,0.054659142759467046,0.05460236867179674,0.05458307869213787
0.05515965078835687,0.05517681948729751,0.055227674419336674,0.055309890920458786,0.05541938081399363,0.05555084245588322,0.05569853801109619,0.0558569325752474,0.056021073000462086,0.05618674388142139,0.05635047553491455,0.0565094796674603,0.0566615520927903,0.05680497132746181,0.05693840661271519,0.05706083787851521,0.05717148744348571,0.057269767836709125,0.05735523760015029,0.05742756350427123,0.05748650212709074,0.05753186707056206,0.05756352219152131,0.057581364435006735,0.057585315979962436,0.057575319404251965,0.05755133395880583,0.05751333366964705,0.057461308661966005,0.057395266722742,0.057315237035933254,0.057221277003407615,0.05711348145348253,0.05699199703077829,0.05685703975474466,0.056708918269555764,0.05654806400410826,0.05637506976833595,0.05619073765596748,0.05599614074991498,0.05579269974607846,0.05558227666934446,0.055367287405476466,0.05515083070382464,0.05493682453616736,0.05473012861913615,0.05453661057367552,0.05436308084408913,0.05421699730470327,0.05410583884083851,0.05403613704113636,0.05401237159256055
0.05463768349709808,0.05465848627426458,0.054720554603655554,0.05482117437196187,0.05495467480505089,0.055113603078462754,0.055290194492033165,0.05547734893174707,0.05566906331151836,0.05586049753734489,0.05604786840598766,0.05622827861149783,0.05639953918702517,0.05656001772825471,0.056708508496904654,0.056844128841568614,0.0569662416803381,0.0570743911735441,0.057168253059409244,0.05724760587201626,0.057312291368037345,0.05736220331283659,0.05739726497942089,0.05741742084013617,0.05742262638515288,0.05741284298205638,0.05738803524129985,0.0573481699040991,0.05729321530362322,0.057223143708769325,0.05713793446118393,0.05703757963723116,0.05692209347386403,0.05679152487279324,0.05664597504516577,0.056485619890461046,0.0563107410108852,0.05612176464494403,0.05591931388522655,0.055704276883938565,0.05547789575124027,0.05524188124350479,0.05499856000683793,0.05475105875123564,0.05450352485596818,0.05426136877703357,0.05403148409340013,0.05382234272219233,0.053643783556213485,0.05350623979511086,0.053419234586605205,0.05338943668870773
0.05406929089949146,0.054094061729834504,0.05416999408734726,0.0542945569173451,0.054459347340870816,0.05465332818287206,0.054865750858298666,0.05508753314785298,0.055311551518487954,0.055532448570259345,0.05574629456145741,0.05595025154917332,0.05614229997958877,0.0563210207967601,0.05648543174646119,0.05663486891392271,0.05676889390683444,0.0568872279447564,0.05698970708359869,0.05707623758203122,0.05714677731371907,0.05720130931883451,0.05723983116015207,0.0572623425285701,0.05726883729194594,0.057259299433401696,0.057233701662540847,0.05719200214965132,0.057134145732761356,0.057060065257880814,0.056969683634075355,0.05686291902535473,0.05673969196967418,0.05659993738494086,0.056443619024113385,0.056270751069222295,0.056081426056964284,0.055875853321732755,0.05565441043709083,0.05541771420711496,0.055166715802642,0.054902830969468956,0.05462811749329804,0.054345515094272205,0.05405916381669437,0.05377481038429973,0.05350028091014657,0.05324591615536581,0.05302469111398508,0.052851460540378516,0.052740639015252055,0.05270247644470318
0.053446708599826816,0.0534738666463243,0.05356613649768138,0.05372284932812175,0.053929710518197546,0.05416924144001218,0.0544263703285462,0.054689740555682535,0.05495130008160075,0.0552055049649547,0.05544860107494843,0.05567808408810251,0.05589231234009767,0.05609023853206271,0.05627122488408648,0.05643491048936271,0.05658112157807504,0.05670980851248604,0.05682099433079989,0.056914748646331094,0.05699115816689254,0.05705031348647367,0.05709229525159275,0.057117165785426624,0.0571249624972544,0.05711569636106065,0.05708934813894369,0.05704586812092463,0.056985176247523237,0.056907162380269216,0.05681168800571801,0.05669858915049836,0.05656768251946673,0.056418773534818376,0.056251668683731104,0.05606619241391034,0.05586221125677002,0.05563966689809688,0.05539862306139011,0.05513933173403321,0.05486232584184405,0.05456855335070941,0.0542595691149978,0.053937815012538685,0.05360702705506997,0.05327282713174908,0.05294354894847494,0.05263128656754158,0.052352886995539985,0.052129891975750124,0.05198524499111441,0.05193513703514722
0.05276525532933446,0.05278426282843258,0.0528935263523209,0.053096348939061226,0.05336234948646706,0.05366215308043752,0.05397508190036641,0.0542879096107646,0.05459243133556066,0.05488361555612806,0.05515841565856306,0.055415034636416276,0.055652471102949866,0.05587023313738285,0.05606815140461283,0.05624625962067295,0.0564047129678334,0.056543730140658,0.05666356058121295,0.056764454174045915,0.056846647257221834,0.05691034738099527,0.05695572738671532,0.05698291780612101,0.05699200483989839,0.05698302726321742,0.05695597606033015,0.05691079394357248,0.05684737457154758,0.05676556266926367,0.05666515454895266,0.05654589877119167,0.05640749959173284,0.056249621378164784,0.05607189659621649,0.055873936881194075,0.05565535024215424,0.05541576513955528,0.05515486707810676,0.05487245180732612,0.054568504333812634,0.054243316779282874,0.053897668464221136,0.053533104695886846,0.05315238142384346,0.05276018878154387,0.05236434465994691,0.05197772855243844,0.05162111567900496,0.05132595150328304,0.05113166838457166,0.051064071562509285
0.05204082207924791,0.05200068279114896,0.05212371806154925,0.052402315428627916,0.05275614074711886,0.05313641249126367,0.053518063734225664,0.05388836812860294,0.054240773469401364,0.05457192160419905,0.054880188418572014,0.0551649287769782,0.05542606229482643,0.055663830896053215,0.05587865513525526,0.05607104167110718,0.05624152586034374,0.05639063613408943,0.05651886855393203,0.056626674735596884,0.056714449166480656,0.05678252623662664,0.05683117566574091,0.05686060099514546,0.05687093821897557,0.0568622563475139,0.05683455763708867,0.056787777027592315,0.0567217816254185,0.05663637073510233,0.05653127323428459,0.05640614742065297,0.056260579985686836,0.05609408726082312,0.055906116462777426,0.05569605037085882,0.05546321418447484,0.05520688779354479,0.054926326541609144,0.0546207932017089,0.054289609225626534,0.05393223554782006,0.05354840319904958,0.05313832766497381,0.05270307832622023,0.05224524850139795,0.051770252221557844,0.051288988612038816,0.050823453614873865,0.0504176161343532,0.05014849922889279,0.05005510637834589
0.05138886632282469,0.05105191600406091,0.05119615944912695,0.05162896258637975,0.05211824687550328,0.05260346961255253,0.05306627838946278,0.05350046856890485,0.053904047574042234,0.05427675568301656,0.054619128566059175,0.054932078625659124,0.05521668014621883,0.05547405372009666,0.055705295994541104,0.055911443347273534,0.05609344889940032,0.05625217084796989,0.05638836984322902,0.0565027046865738,0.05659573612902388,0.05666792725822721,0.056719647323630495,0.05675117287689618,0.056762691065412034,0.056754301626200404,0.0567260179104884,0.05667776774085777,0.056609393061780325,0.05652064730591832,0.05641119309311312,0.0562805980813895,0.0561283314065074,0.055953759082282103,0.05575613965065762,0.05553461965555505,0.05528822946011716,0.055015880841562136,0.05471636733165034,0.054388368745053706,0.054030463665085404,0.05364115500785807,0.05321891580309714,0.05276227150879115,0.052269950563833975,0.051741183141676354,0.05117637926685435,0.05057897985423764,0.04996158466332468,0.04936986961495326,0.04898783477884268,0.04885784342962775
0.0,0.04962747938940941,0.04998098484387436,0.050794568262035975,0.051478429106315934,0.052086533650075706,0.05263657348656268,0.05313660839138601,0.05359162790993643,0.05400538479702364,0.05438098470518547,0.054721104569255524,0.05502809120180867,0.05530400594117514,0.05555066241009389,0.05576964689150571,0.05596234041632785,0.05612993806770036,0.0562734627200554,0.05639378255030185,0.05649162032311119,0.05656756622383464,0.056622086150860305,0.05665552789807469,0.056668128374649025,0.05666001648126613,0.05663121701826849,0.05658165195039307,0.05651113841009698,0.056419386899635646,0.056305996487150727,0.056170448119554135,0.056012097301180334,0.05583016452692252,0.055623723978486535,0.0553916898069108,0.055132800314653146,0.05484559895916669,0.05452841259786791,0.054179325559627164,0.05379614950635172,0.053376383978617215,0.05291716393160688,0.05241517737911875,0.05186652030423441,0.05126639774096474,0.05060840860928317,0.04988255425673916,0.04906868889925197,0.04811145438733536,0.04757513252689637,0.0474007896868388
0.0,0.04862753107783171,0.049091310588237104,0.0500808778837615,0.05090665553750712,0.051620392117766034,0.052249812486490584,0.052810837269911134,0.05331364891123359,0.053765436818389356,0.054171660955560585,0.05453667360773293,0.054864039714152435,0.05515673615242448,0.05541726548273414,0.05564774514534186,0.05584996728760124,0.056025445373769724,0.05617545384553303,0.05630105535159986,0.056403125300726116,0.05648237254019282,0.056539352012190285,0.05657447804086918,0.05658803272934778,0.05658017259547277,0.056550933409219406,0.05650023127528951,0.056427861198517046,0.05633349500649745,0.05621667343324886,0.05607679820117816,0.05591312030820764,0.0557247258875683,0.055510518028979175,0.05526919454123048,0.054999219766100046,0.05469879004169375,0.054365790450270575,0.05399774044442202,0.05359172199699764,0.05314428326548142,0.05265130052402828,0.05210776635096353,0.05150743671704031,0.05084218772381494,0.05010075298641641,0.04926608636765379,0.04830976574426808,0.04718123139566603,0.04653961339640474,0.04633107537530098
0.0,0.04792174992651828,0.0484425922202252,0.049521125908850085,0.050438330251985776,0.05123065683296951,0.051923935309778534,0.05253602917104157,0.05307963137127099,0.053564132758041366,0.053996749356852745,0.0543831818561485,0.0547280361503346,0.055035078087500015,0.05530742206674745,0.05554765525604614,0.055757933434757156,0.055940054594072565,0.056095513380990836,0.05622554439379767,0.05633115786389262,0.05641316523164109,0.056472199850071084,0.05650873339797252,0.056523087801142076,0.05651544350037336,0.05648584571957749,0.0564342054661453,0.056360299699315886,0.05626376617027084,0.05614409594266108,0.056000621981056604,0.055832505046832896,0.05563871454822653,0.05541800452071547,0.05516888358660782,0.05488957577533764,0.054577972519840416,0.05423157097916622,0.05384739500752354,0.053421890878393864,0.05295078993124135,0.0524289167037274,0.05184991333375982,0.0512058218089993,0.050486423039355355,0.04967815941632792,0.048762399085032056,0.04771294835186802,0.046493925977309995,0.04578896859657954,0.04555837664549473
0.0,0.04743726156714731,0.04798768666725673,0.04911289276203841,0.050085969425613906,0.05093169551597441,0.05167141764068468,0.05232220973571028,0.05289745038825934,0.05340764097074047,0.053861093735075895,0.054264467694534246,0.05462314076959716,0.05494149972828946,0.05522314133115311,0.05547103018627409,0.055687616650266614,0.05587492724307493,0.05603463469850894,0.05616811328595112,0.056276480525312984,0.056360630617508956,0.056421259776967346,0.0564588857088426,0.056473862037433535,0.05646638850670424,0.05643651742065695,0.056384156777828535,0.05630906851496132,0.056210863794468394,0.05608899395161691,0.05594273761244584,0.05577118354364974,0.055573207791278376,0.05534744530980217,0.05509225274663601,0.054805661462283516,0.05448531824846112,0.054128409619470165,0.053731564163277776,0.05329072780954644,0.05280100177624992,0.052256428088405485,0.05164970527768187,0.05097180674689365,0.050211470293245096,0.049354539374755084,0.04838322593854571,0.04727563917869897,0.04600667259100386,0.04526531896369801,0.045021638708577554
0.0,0.04713274914870047,0.04769806881375707,0.048847183972965384,0.049851974518307585,0.05073029070169609,0.051499812275740776,0.0521762618075242,0.05277291225950086,0.053300688673028104,0.05376849767766544,0.05418357103521697,0.054551795006541864,0.05487796902599053,0.05516602304419618,0.05541918377119529,0.05564010692510608,0.055830979110994786,0.055993598998149714,0.05612943760554849,0.056239687859427796,0.05632530231328931,0.056387020681640886,0.05642539294054869,0.05644079489481773,0.056433439326599125,0.05640338420506449,0.056350535071727714,0.05627464338740406,0.05617530203625191,0.056051934842201875,0.05590378280021814,0.055729884266925524,0.05552905037494672,0.055299832935495785,0.0550404826179663,0.05474889618146099,0.05442254997310815,0.05405841386017256,0.05365284349432355,0.053201443400942704,0.05269889280446183,0.0521387285820337,0.05151307845053996,0.05081234590922859,0.05002486535554282,0.04913660513189313,0.04813107651076895,0.04698982635175122,0.04569412134591877,0.044933100965366825,0.044682257982497746
0.0,0.04698554898577529,0.04755711157196015,0.048716370719754716,0.049735484828717424,0.050629159140306315,0.05141315588987573,0.052102330951507084,0.05270974111858225,0.053246431210914366,0.05372154643246669,0.054142589957425005,0.05451568983635206,0.05484585366737069,0.055137179247974066,0.055393027391150276,0.05561615883617041,0.05580884352294223,0.0559729441068718,0.05610998138808442,0.05622118790382065,0.0563075454080748,0.05636981643051458,0.05640856745350637,0.05642418550788552,0.05641689027476254,0.05638674266089046,0.05633364658999353,0.05625734857277971,0.056157432007724065,0.05603330686693019,0.05588419442312966,0.055709107318914895,0.055506823504697406,0.05527585206978172,0.05501438912898348,0.0547202626139808,0.054390860745650166,0.05402304299586103,0.053613026190028466,0.05315624188682709,0.052647159612723655,0.05207907174649004,0.051443843284719605,0.050731640002260756,0.049930689730644934,0.0490271659857242,0.04800540419768365,0.0468487408555168,0.04554134835168293,0.04477172782983816,0.04451773960901432
0.0,0.04698554898616067,0.047557111241800155,0.048716371086004136,0.04973548484589124,0.0506291589619023,0.05141315599020238,0.052102330741695076,0.052709741706892674,0.05324643066861766,0.05372154653707301,0.05414258990748043,0.0545156898350606,0.05484585371288844,0.05513717932904808,0.05539302732127318,0.05561615878866932,0.05580884372797937,0.05597294404794411,0.0561099813860619,0.056221187905039,0.05630754538924576,0.056369816393535346,0.05640856750624548,0.0564241854808778,0.05641689037368373,0.056386742655239054,0.056333646548274295,0.05625734852467683,0.05615743203468744,0.05603330693316932,0.05588419441145758,0.05570910728445383,0.05550682347252511,0.05527585205758492,0.05501438918959449,0.05472026263106881,0.054390860659614425,0.05402304303192284,0.05361302619673059,0.053156241796380656,0.052647159584331055,0.05207907200828822,0.05144384293774412,0.05073164039495828,0.04993068951041106,0.04902716609557286,0.04800540414801501,0.04684874082555788,0.04554134832364053,0.0447717279622011,0.044517739561817864
0.0,0.04713274896640111,0.047698068908055204,0.04884718378552053,0.04985197485129275,0.05073029054870083,0.05149981209131805,0.052176262308992784,0.05277291178420881,0.053300689026592664,0.05376849727465354,0.05418357110099937,0.05455179490376292,0.05487796909837814,0.05516602314053279,0.05541918379366703,0.055640106862386754,0.0558309793636992,0.05599359903281186,0.056129437529717954,0.056239687920545726,0.056325302180505375,0.056387020621269844,0.05642539304276291,0.05644079493982532,0.05643343936376799,0.05640338427353641,0.056350535068649336,0.056274643334225584,0.05617530201288613,0.05605193493397541,0.05590378283730737,0.05572988418982835,0.055529050328872946,0.055299832946041176,0.05504048267401684,0.05474889616780623,0.054422549974157734,0.0540584138285211,0.05365284343642745,0.053201443440657366,0.05269889290775725,0.05213872833824431,0.051513078838990374,0.050812345652040486,0.05002486555875829,0.04913660504763931,0.048131076509948106,0.0469898263388149,0.045694121361845606,0.04493310100781482,0.04468225801011173
0.0,0.04743726185767299,0.04798768665379945,0.049112892825382705,0.05008596914110756,0.05093169588360477,0.05167141767378961,0.05232220932058515,0.05289745069696895,0.05340764062411986,0.053861094133879676,0.05426446739358303,0.05462314078011957,0.05494149970952214,0.05522314131720289,0.05547103024283413,0.05568761677797418,0.05587492728090544,0.05603463478317845,0.05616811330460777,0.05627648049769064,0.05636063052013191,0.05642125977629193,0.05645888575437022,0.05647386205950975,0.056466388456127614,0.056436517534187595,0.056384156851792294,0.05630906853055482,0.056210863785701747,0.056088993934914066,0.05594273766362193,0.05577118354437796,0.05557320782559302,0.05534744536800711,0.0550922526860586,0.05480566138919117,0.054485318345045185,0.05412840960232278,0.05373156414042967,0.05329072792459016,0.05280100161523507,0.05225642827303071,0.051649705196195585,0.05097180689444555,0.05021147022389393,0.04935453937682806,0.04838322590540847,0.04727563916813721,0.04600667266859162,0.045265318817273574,0.045021638859328424
0.0,0.047921749685214086,0.048442592372228636,0.04952112570506565,0.05043833064739112,0.05123065672353972,0.05192393517855771,0.052536029239271746,0.053079631178136105,0.053564133121186706,0.053996749042472834,0.0543831822007673,0.05472803588379838,0.05503507807926764,0.055307422171220554,0.055547655247787944,0.05575793347967165,0.05594005475524003,0.056095513263891235,0.056225544384422954,0.05633115794481253,0.05641316528995645,0.05647219979018891,0.0565087333193873,0.05652308776382604,0.05651544363592669,0.056485845684006275,0.05643420549417967,0.056360299793958006,0.056263766242308506,0.05614409591581915,0.05600062204539862,0.0558325050727271,0.055638714602397936,0.05541800460455514,0.05516888356277333,0.05488957570468551,0.05457797244307544,0.05423157111804717,0.05384739503185534,0.053421890777052845,0.05295079007225195,0.052428916575735944,0.05184991341730295,0.05120582185554439,0.050486423058115806,0.049678159342821035,0.04876239900186495,0.04771294846778722,0.04649392587747594,0.045788968731471064,0.045558376553589276
0.0,0.048627531589018426,0.04909131012521357,0.05008087818114905,0.05090665563149878,0.051620392052861036,0.05224981232471226,0.05281083733494669,0.0533136490341703,0.053765436619389706,0.054171661322345466,0.054536673297808036,0.05486403993381143,0.05515673609373561,0.05541726562006189,0.055647745177931404,0.055849967125795735,0.05602544551932778,0.05617545387081354,0.05630105518767449,0.05640312549765155,0.056482372569822824,0.05653935194820413,0.05657447799598605,0.05658803274475076,0.05658017263529901,0.056550933386941234,0.05650023126809544,0.05642786132213299,0.0563334950239374,0.05621667353871822,0.056076798278087724,0.05591312031894977,0.055724725869092696,0.055510518092025424,0.055269194586617866,0.054999219694928554,0.05469878999837239,0.05436579045708002,0.0539977404572833,0.053591722198738145,0.05314428310050083,0.0526513004970438,0.052107766478931276,0.051507436671673096,0.05084218767181317,0.050100752970795526,0.04926608636680875,0.0483097656838758,0.0471812315287388,0.04653961327994356,0.046331075416418746
0.0,0.04962747906871831,0.04998098542699737,0.05079456790702161,0.05147842900167904,0.052086533768839864,0.05263657345579364,0.0531366083865713,0.05359162793616365,0.05400538487454554,0.05438098457568829,0.05472110479793557,0.05502809104475301,0.055304006176780704,0.05555066254556181,0.05576964668261066,0.05596234048685866,0.05612993799527176,0.056273462819366904,0.05639378256304868,0.05649162036186421,0.05656756627376708,0.05662208616035981,0.056655528034729785,0.05666812835340589,0.05666001627871961,0.05663121705708653,0.05658165203030278,0.05651113841171057,0.05641938698141215,0.05630599663316298,0.05617044819685744,0.05601209732380705,0.05583016450816204,0.05562372397926403,0.05539168977744142,0.05513280030315059,0.05484559892000504,0.054528412535577234,0.054179325681316545,0.0537961494608427,0.053376384044751715,0.052917163964262395,0.052415177308857926,0.051866520322148287,0.05126639760089971,0.05060840861281282,0.04988255430589064,0.049068689020829656,0.04811145429770028,0.047575132570757836,0.047400789662294676
0.05138886670627524,0.05105191652840654,0.05119615889871231,0.05162896272356485,0.052118246990133905,0.05260346945005697,0.053066278493286614,0.0535004685874389,0.05390404763681076,0.054276755689571604,0.05461912860303176,0.05493207855877675,0.05521668033241775,0.0554740538190019,0.0557052960251221,0.055911443332579774,0.056093448836071126,0.05625217103058035,0.05638836978550886,0.056502704793771175,0.05659573612962594,0.05666792738305057,0.05671964737975638,0.056751172912324205,0.05676269108605233,0.05675430156403771,0.05672601784880823,0.05667776780131184,0.05660939311357692,0.056520647447721846,0.05641119318854486,0.05628059814370655,0.056128331419802925,0.055953759136696674,0.05575613967302473,0.05553461957091069,0.05528822926700702,0.05501588090805805,0.05471636736925981,0.05438836869132773,0.05403046372983551,0.05364115495682065,0.05321891578404884,0.05276227148865971,0.052269950498311166,0.05174118311739459,0.05117637918841656,0.05057897994534579,0.04996158462460881,0.04936986962425099,0.04898783477884611,0.04885784345415422
0.0520408225572298,0.0520006824047006,0.05212371807721807,0.05240231522101916,0.05275614098854278,0.05313641265247715,0.05351806361866361,0.05388836806677111,0.0542407735029452,0.054571921694359316,0.05488018847026028,0.05516492883887685,0.05542606221817651,0.05566383102429606,0.05587865527740579,0.05607104170022823,0.05624152603253234,0.056390635988078634,0.05651886876994274,0.05662667476011009,0.056714449158273735,0.05678252627894924,0.05683117575938877,0.056860600975782376,0.05687093826691449,0.05686225645741551,0.05683455768499672,0.056787777011230875,0.056721781705509414,0.056636370742386526,0.05653127336998868,0.05640614746400737,0.05626058006722448,0.056094087284074313,0.05590611652463784,0.05569605022875419,0.05546321418897659,0.05520688765396126,0.05492632651142655,0.05462079334262151,0.05428960914998819,0.05393223545600557,0.05354840310572139,0.05313832758247531,0.05270307840393328,0.05224524848478849,0.05177025211400744,0.05128898855183421,0.05082345362883138,0.05041761624928602,0.05014849921836541,0.05005510616879215
0.052765254873574766,0.05278426308458755,0.05289352617534363,0.05309634887200331,0.05336234972705964,0.053662153205068806,0.05397508191548292,0.05428790950782013,0.054592431251271986,0.05488361572708827,0.05515841570650886,0.05541503457506843,0.05565247116103876,0.055870233099837185,0.05606815145280648,0.056246259988636096,0.05640471289441394,0.05654373033652128,0.05666356056604486,0.05676445431759737,0.056846647225965094,0.05691034744112699,0.05695572733900236,0.0569829178618607,0.05699200496109448,0.056983027309441076,0.05695597616993807,0.056910794031290214,0.05684737450544761,0.056765562757496876,0.05666515460101821,0.05654589884918463,0.056407499629975516,0.05624962150305705,0.05607189646391497,0.05587393702107512,0.05565535010878455,0.05541576511482688,0.055154867090765884,0.05487245178581153,0.05456850425664507,0.05424331671551028,0.053897668339308646,0.05353310469783172,0.053152381466497985,0.0527601887661704,0.052364344591943536,0.05197772843129318,0.05162111573919042,0.05132595147867302,0.05113166834194962,0.051064071575378386
0.053446708740249246,0.053473866502439855,0.05356613661354658,0.053722849517100435,0.05392971052461382,0.05416924147550073,0.05442637036270521,0.05468974060616967,0.054951300193113096,0.05520550483794042,0.05544860103537833,0.055678084073685075,0.055892312300573184,0.05609023878757163,0.05627122479987532,0.05643491043100752,0.0565811220702871,0.05670980844758298,0.05682099452981933,0.056914748573195006,0.056991158178332585,0.057050313603996275,0.05709229534133659,0.05711716569900243,0.05712496261074393,0.057115696463195954,0.05708934816626086,0.05704586815740124,0.056985176361264656,0.05690716249479658,0.05681168798180992,0.05669858914495399,0.05656768264973131,0.05641877349534054,0.056251668873795,0.05606619226234446,0.05586221132845157,0.05563966689802478,0.05539862305348447,0.05513933171025098,0.054862325752247205,0.054568553259989175,0.05425956922369637,0.05393781496720094,0.05360702698978245,0.05327282722614778,0.05294354876962536,0.05263128662620737,0.052352886873423474,0.052129891957204494,0.05198524502003986,0.05193513713296796
0.05406929079792539,0.05409406181391821,0.05416999426471863,0.05429455699371196,0.054459347398381805,0.05465332808297366,0.05486575108192894,0.055087533113362494,0.05531155150720888,0.05553244874031022,0.05574629436298603,0.05595025143375759,0.05614230013415937,0.05632102075774883,0.05648543199118993,0.056634869042830945,0.05676889373913945,0.05688722835975988,0.05698970692038206,0.0570762377698716,0.05714677718297561,0.05720130932438137,0.05723983132205262,0.05726234257461678,0.05726883726803016,0.05725929955454337,0.057233701674774685,0.05719200224552406,0.05713414578824296,0.05706006529080035,0.05696968368048793,0.05686291908316796,0.05673969193979262,0.056599937628505056,0.05644361888180401,0.056270751250833084,0.056081426124223885,0.05587585321418477,0.055654410449714184,0.05541771425470808,0.05516671574611008,0.054902831008947627,0.054628117483113026,0.054345515002959185,0.05405916407558777,0.05377481022441463,0.053500280902809,0.0532459160682866,0.05302469106178976,0.05285146056754774,0.052740639147269536,0.05270247634136219
0.05463768351061827,0.054658486569411295,0.054720554559685795,0.054821174317002216,0.054954674894570225,0.05511360325876136,0.05529019435282832,0.055477349051627926,0.05566906325758148,0.05586049756663492,0.05604786858473568,0.056228278401971754,0.05639953918750608,0.056560017913505546,0.056708508449001716,0.0568441291446342,0.05696624182938245,0.057074390661546306,0.057168253674422756,0.05724760575216103,0.05731229146906624,0.05736220316935693,0.057397264977709764,0.05741742095915857,0.05742262640594723,0.05741284292867547,0.057388035344271796,0.0573481699415296,0.057293215312709554,0.05722314379376416,0.05713793453657722,0.057037579576018016,0.056922093694463397,0.056791524780138505,0.0566459752109228,0.05648561997050621,0.056310741092955675,0.056121764625134546,0.05591931391225866,0.05570427688576959,0.05547789583254192,0.05524188121618199,0.054998559847390834,0.054751059043454516,0.05450352465455139,0.054261368977573235,0.05403148394698755,0.053822342669392724,0.05364378368033004,0.05350623991214071,0.05341923445338018,0.05338943676502536
0.05515965114340394,0.0551768194638364,0.055227674396208265,0.05530989089513263,0.05541938096533237,0.05555084245411819,0.05569853800255825,0.05585693252665433,0.05602107312667376,0.056186743833710154,0.056350475499811065,0.05650947974853281,0.05666155220423501,0.05680497129547468,0.056938406708664485,0.0570608378773479,0.05717148750437136,0.05726976805990987,0.05735523720113784,0.05742756408112641,0.05748650198347356,0.057531867115776535,0.05756352220078099,0.05758136431286567,0.057585316001636175,0.057575319550174094,0.057551333917771015,0.05751333357021562,0.057461308763439384,0.05739526679118394,0.057315237064439015,0.057221277143316915,0.05711348137261631,0.05699199724843303,0.05685703968859141,0.05670891825855336,0.05654806410614097,0.05637506989666983,0.056190737718694865,0.05599614078465922,0.055792699689434816,0.055582276569913124,0.05536728773419574,0.05515083045429542,0.05493682464798844,0.054730128540449806,0.05453661067266161,0.054363080882817175,0.05421699749346764,0.054105838866243164,0.054036136944913465,0.05401237178932959
0.05564230596987269,0.0556564759449289,0.05569838907602507,0.05576619534384655,0.05585685425780237,0.05596645463930334,0.0560906625117906,0.056225137026974924,0.05636582495180911,0.056509124071625845,0.05665194396574824,0.056791699705435635,0.056926268615209275,0.057053931777840676,0.05717331256249443,0.05728331648783719,0.0573830802701728,0.05747192666362115,0.05754932708784198,0.05761487105687694,0.05766824122104076,0.05770919331803358,0.05773754086114666,0.057753142665739554,0.05775589455880933,0.05774572317046146,0.05772258388986481,0.057686458840655964,0.0576373567349226,0.05757531655245023,0.05750041066316458,0.05741275118369926,0.057312501464218985,0.05719988731054741,0.05707521747748641,0.05693890416752942,0.05679149149385836,0.05663369096030464,0.056466424046608794,0.05629087413109373,0.05610854906785473,0.05592135267399077,0.05573166310477111,0.05554241949915704,0.05535718951221213,0.05518021974760787,0.055016413578908026,0.05487120920047793,0.05475029579395788,0.05465914291987768,0.05460236876321009,0.054583078639029
0.05609151853661444,0.056103272573240985,0.05613805159205717,0.05619441750377417,0.05627006696926327,0.05636204046009739,0.0564670021421212,0.05658151790083812,0.0567022741264267,0.056826223296664896,0.05695065940164221,0.057073243075606635,0.05719199058841936,0.05730524640594025,0.05741164428984014,0.057510067203508645,0.057599609027282644,0.057679539629536196,0.05774927399531425,0.05780834603947092,0.05785638708513544,0.0578931079170157,0.05791828411067204,0.057931745148561004,0.05793336601851469,0.057923061980307874,0.05790078608756194,0.05786652721173677,0.057820311298158726,0.057762203268514875,0.057692311166485793,0.05761079300480146,0.05751786554548807,0.0574138184388591,0.05729903061941785,0.057173990057361804,0.05703931996914019,0.05689580885748153,0.056744446553324564,0.0565864665638811,0.05642339361522828,0.05625709425096205,0.056089831976330544,0.055924310168339354,0.0557637068656417,0.055611669504874305,0.055472261334406955,0.055349823655367926,0.05524873763361618,0.05517307872698823,0.05512619870263241,0.05511031380209939
0.056512019584309216,0.05652182938884336,0.05655087926751353,0.056598055288358165,0.05666158720457831,0.05673919267149128,0.056828264437734845,0.05692605967604073,0.057029863338454216,0.05713710777086778,0.05724544824164935,0.05735279977237312,0.05745734631280349,0.057557532007755645,0.05765204060619666,0.05773976988868144,0.05781980519518084,0.05789139341751035,0.05795391810413447,0.05800687898645227,0.05804987366707534,0.0580825814463706,0.05810475113607028,0.058116190984070754,0.058116761056212454,0.058106368807344905,0.05808496603470593,0.05805254877291616,0.05800915651999413,0.05795487613297555,0.057889844313260344,0.057814254487681176,0.05772836526919033,0.05763251345337163,0.05752712780983474,0.05741274830910913,0.0572900470776168,0.05715985467763222,0.05702318828389884,0.05688128498320209,0.05673563565479704,0.05658802049441884,0.05644053901427371,0.05629563323736834,0.05615608927663955,0.0560250134067285,0.055905760641118546,0.055801809280709616,0.055716568489195845,0.05565312855876313,0.055613978897997386,0.0556007411900975
0.05690761862832387,0.056915854052378936,0.05694026348111299,0.05697997948349182,0.05703362339496206,0.057099409126880725,0.057175271326353395,0.05725899963563842,0.05734836041479231,0.057441192809029054,0.05753547647879345,0.05762937195490493,0.05772123971088052,0.057809643389342635,0.057893341420513375,0.057971272570535776,0.05804253935910967,0.05810638841957016,0.05816219297230824,0.058209436685408726,0.05824769783891977,0.058276636810757725,0.058295985475139735,0.058305538181228925,0.05830514559585777,0.05829470996815112,0.058274184115754836,0.0582435696063788,0.05820291809078357,0.0581523328177093,0.05809197307253453,0.05802205829402741,0.057942877792456354,0.057854800074676485,0.05775828725162221,0.05765390920784377,0.05754236287407974,0.057424491961865075,0.057301309705940585,0.05717402301770097,0.0570440555385094,0.056913069491768185,0.056782981347553066,0.0566559657944052,0.056534445159524487,0.056421051116484565,0.056318554864227356,0.056229757970921224,0.056157342648948144,0.05610369013898573,0.056070686066782977,0.05605954479753676
0.05728140162486182,0.057288351754357154,0.057308969188358753,0.05734257179847266,0.05738807322848328,0.05744405770451554,0.057508870286938026,0.05758071492010798,0.05765774523120558,0.05773814100783095,0.05782016640680942,0.05790220917549988,0.057982803373851734,0.058060639905707166,0.05813456559188148,0.05820357759889287,0.05826681298639978,0.05832353607503925,0.058373126148743376,0.05841506477188304,0.05844892354706862,0.05847435464223517,0.05849108102908865,0.05849889007279756,0.05849762719081675,0.058487192870088904,0.05846754148571795,0.058438680247443295,0.0584006694819774,0.05835362585549039,0.05829772387209487,0.05823320199943956,0.05816036876611305,0.05807961295535133,0.05799141378823028,0.05789635433538289,0.0577951358815783,0.057688593631742544,0.05757771396890057,0.05746364990999549,0.05734773751070156,0.05723150609766329,0.05711668312053155,0.05700518972015871,0.056899119553234824,0.05680069840605936,0.056712220320092696,0.05663595657417852,0.056574040103109215,0.056528332295124606,0.056500287137290314,0.056490832521741204
0.057635889180627245,0.05764178159272743,0.05765927391433532,0.057687824180368344,0.05772656712063451,0.05777436731122081,0.05782988584399093,0.057891651709509793,0.05795813093613189,0.05802778713897429,0.05809913088839201,0.05817075432236673,0.058241355827507404,0.05830975308308123,0.05837488779949888,0.05843582516862163,0.05849174876582732,0.05854195331973558,0.058585836193980174,0.05862288785080554,0.058652683819204146,0.0586748759424821,0.05868918615797206,0.0586953995785494,0.058693360623975115,0.05868297057823545,0.05866418629868619,0.05863701937657607,0.05860153763726952,0.05855786619190359,0.05850619040434782,0.0584467598032762,0.05837989387350343,0.05830599026078853,0.058225533592876196,0.058139105562227754,0.058047396552406295,0.05795121753577861,0.05785151070781648,0.057749362178002396,0.057646008292391845,0.05754284063462579,0.05744140427952756,0.057343385914030084,0.057250589733046635,0.057164898869334624,0.05708821885719835,0.05702240383179361,0.05696916707054783,0.05692998273525207,0.05690599028662642,0.056897910607626626
0.05797315758790182,0.057978172817731446,0.05799306940669415,0.058017413103523714,0.058050506986489385,0.05809143171164652,0.058139094093380694,0.058192280603848845,0.05824971042090048,0.05831008376489926,0.05837212211452564,0.05843459917805954,0.0584963645496299,0.05855635776072176,0.05861361605583602,0.058667277315291956,0.058716579149128964,0.05876085489210371,0.05879952828959201,0.05883210786024145,0.058858180048628826,0.05887740405852894,0.058889505449036816,0.05889427205674624,0.05889155105006117,0.058881245823598674,0.05886331623691014,0.0588377784952858,0.05880470492270035,0.05876422639093474,0.058716534362997286,0.058661883024947785,0.05860059553909529,0.05853306985858575,0.058459785800867865,0.058381312882248924,0.058298319696051905,0.05821158023362762,0.058121984111592424,0.05803054067895206,0.05793838303162892,0.05784676789442771,0.05775706876401849,0.05767076073902298,0.057589397288637274,0.05751457368409207,0.05744787949572081,0.057390838632754376,0.05734484024772933,0.057311066414842154,0.05729042202464362,0.0572834758130212
0.05829493060612421,0.058299212658068235,0.058311938622361045,0.058332756777677894,0.05836110031620391,0.058396218130672715,0.05843721036202147,0.05848306937147748,0.058532720642801475,0.05858506138026364,0.05863899307989142,0.058693449029271635,0.058747415519964846,0.0587999462817597,0.058850171258827806,0.058897302354110365,0.05894063460184108,0.05897954473456635,0.05901348927631472,0.05904200014708231,0.05906468124802721,0.05908120333328346,0.059091300522080996,0.05909476754927926,0.05909145565838267,0.0590812723914619,0.0590641816698856,0.05904020268066357,0.059009411093354155,0.058971941062127886,0.05892798506330601,0.05887779786277986,0.058821699971497096,0.05876008274748494,0.05869341326301803,0.058622241788039466,0.058547205216935294,0.05846903550781149,0.0583885617659097,0.05830671397821618,0.058224523110769054,0.058143117329326637,0.0580637120213802,0.05798759534363819,0.05791610452190848,0.05785059417701692,0.057792396132787666,0.05774277114562298,0.05770285598920435,0.05767360836758851,0.057655755841315943,0.05764975328257698
0.058602648575297796,0.058606314356594406,0.0586172143804286,0.05863506047289294,0.05865938811722028,0.05868957840805423,0.05872488532132592,0.05876446716260848,0.058807418454526174,0.05885280052192294,0.05889966844425767,0.05894709462219147,0.05899418794489997,0.059040106853864203,0.05908406947167297,0.05912536011451301,0.05916333192012436,0.059197407998366244,0.05922708077797047,0.05925191004920802,0.05927152040191437,0.0592855982868907,0.059293890470955485,0.05929619966023132,0.05929238410537924,0.05928235688360694,0.059266085371174455,0.05924359173637942,0.05921495381330326,0.05918030536972517,0.05913983808031421,0.05909380261459885,0.05904251217099263,0.058986345819049386,0.05892575365358593,0.05886125848067815,0.0587934633476652,0.058723051243149346,0.05865078928359071,0.05857752828211299,0.058504200944474394,0.05843181495882654,0.05836144356424328,0.05829421042136519,0.05823126758809979,0.0581737683219839,0.058122833597909415,0.05807951336739873,0.05804474522906257,0.05801931264908128,0.05800380721735115,0.05799859704790236
0.058897523624841144,0.05890066902094824,0.05891002443494347,0.05892535246460475,0.058946269273387183,0.05897226111848052,0.05900270552897552,0.059036895513843286,0.059074064723790856,0.0591134118337532,0.05915412270978551,0.0591953909183028,0.05923643396209065,0.05927650555410302,0.05931490593765746,0.05935098862735719,0.05938416408529533,0.05941390227566362,0.05943973338232402,0.05946124717152264,0.05947809146895384,0.059489972103546854,0.05949664877228956,0.05949793549522418,0.05949369888983392,0.05948385751965861,0.0594683829727911,0.05944729997358579,0.05942068622195313,0.05938867461304232,0.05935145256747656,0.059309263627942206,0.059262409907940204,0.05921125577308721,0.05915622731486167,0.05909782015295421,0.059036596896411754,0.058973191449479385,0.05890830843078515,0.058842722221727664,0.05877727200642366,0.05871285560986977,0.05865041942583824,0.058590942897719954,0.05853542015322494,0.05848483591807743,0.058440137897488975,0.058402205742507464,0.05837181855729764,0.05834962302896557,0.05833610469721871,0.05833156450515615
0.05918058177191339,0.05918328502598965,0.05919132779077559,0.05920451310297877,0.059222521273787264,0.05924492313422318,0.059271196227594275,0.05930074373018226,0.059332914405752446,0.05936702213345553,0.05940236458808629,0.05943824031590967,0.05947396261676337,0.05950887115279075,0.059542341774248594,0.05957379288469359,0.05960269008530105,0.0596285496085183,0.05965093970804001,0.0596694807389332,0.05968384673620207,0.05969376189658131,0.05969900248448906,0.05969939440919344,0.059694813131648455,0.05968518372558661,0.05967048190430407,0.05965073368227901,0.05962601689480487,0.05959646112383422,0.05956224758707482,0.05952361053308498,0.05948083967153744,0.05943427852911195,0.059384331529142395,0.05933146040323184,0.05927618866459573,0.05921910007827128,0.05916083889520436,0.05910210586598781,0.05904365396315464,0.05898628188901514,0.058930822405294334,0.05887813031147299,0.05882906459968923,0.05878446857878292,0.0587451470992803,0.05871184118042145,0.0586852028061859,0.05866576972802712,0.05865394405344194,0.05864997403737989
0.05945269436242259,0.0594550205186985,0.05946194353889763,0.05947329846032725,0.05948881759424708,0.05950814024422829,0.05953082558003703,0.05955636736135777,0.05958421018759197,0.05961376511287741,0.05964442532107148,0.059675580002648165,0.05970662693964892,0.05973698296940697,0.0597660925745772,0.05979343448790799,0.05981852640824282,0.059840929309121056,0.059860248160324876,0.059876135915684185,0.05988829019551869,0.05989645734902095,0.05990042937049528,0.059900045141769505,0.05989518954440676,0.05988579425407009,0.05987183870414358,0.05985335068503838,0.059830406434600046,0.059803131011401445,0.05977169864327803,0.05973633318698186,0.05969730714483003,0.05965494665471689,0.05960962765864108,0.059561780941364176,0.059511888944704515,0.05946048753669828,0.05940816209109078,0.05935554492058017,0.059303310665727235,0.05925216744439035,0.059202848859673925,0.059156100977441964,0.059112667342880794,0.05907327255012847,0.059038602862379976,0.059009285823681895,0.058985870291175836,0.05896880676240519,0.05895843068824897,0.05895494852068937
0.05971460545532888,0.05971660910330905,0.059722573427608734,0.05973235970416274,0.05974574243187785,0.059762416923811346,0.05978200928723534,0.05980408843909059,0.059828179203599056,0.059853774890757994,0.0598803498572112,0.0599073722211856,0.0599343141550287,0.05996066094659345,0.0599859192654942,0.0600096231442206,0.06003133945793628,0.06005067041811361,0.06006725884324946,0.06008078576917502,0.060090976318318355,0.06009759616597859,0.0601004548503536,0.0600994037707684,0.060094337595507676,0.06008519462062267,0.06007195817615547,0.06005465681387347,0.06003336445038468,0.060008201766286046,0.05997933455084491,0.05994697336172516,0.059911376773888435,0.0598728472815277,0.05983173640403727,0.059788441089906316,0.05974340553455887,0.05969711794348406,0.05965010914743229,0.059602948542491374,0.059556238157321036,0.05951060643208609,0.059466699092597365,0.059425167752173505,0.059386657621252927,0.0593517930237768,0.0593211612442015,0.0592952964354008,0.05927466323526266,0.059259641316345806,0.059250512519064075,0.05924744997374525
0.05996695278454577,0.05996867967023345,0.05997382076558955,0.05998225896561248,0.059993803191566546,0.06000819489410958,0.06002511557571489,0.06004419697336233,0.06006503131257971,0.060087181230293295,0.060110191149114055,0.06013359758903786,0.0601569376441262,0.060179757535987435,0.06020161995441019,0.060222109655019895,0.060240837871202664,0.06025744793607312,0.06027161456628707,0.06028305048727423,0.06029150355569156,0.060296761274182376,0.060298648768601235,0.06029703065633922,0.060291811215526334,0.06028293539019773,0.06027038971737274,0.060254203133670775,0.06023444784698092,0.060211238304369585,0.06018473085531797,0.06015512502178041,0.06012266040171691,0.060087620170679173,0.0600503282797225,0.06001115078557275,0.059970493356492655,0.05992880029009426,0.05988655142637797,0.059844257678879166,0.05980245641490381,0.05976170468847925,0.05972257081334437,0.0596856248744276,0.059651427779903336,0.059620518792490376,0.05959340260994575,0.059570535661017415,0.05955231331740678,0.05953905756142732,0.05953100656902734,0.05952830633977405
0.06021028445620532,0.060211773112021715,0.06021620562222764,0.060223482402965614,0.060233441007448936,0.06024586101874862,0.060260470180398845,0.06027695294778591,0.06029495805217796,0.060314107505032695,0.06033400599314051,0.06035424900862319,0.06037443071971706,0.06039415141098323,0.06041302397416595,0.060430678619551044,0.06044676906785295,0.060460973337288657,0.06047300060245041,0.06048258937430182,0.060489512566238045,0.06049357641118971,0.06049462238508328,0.0604925277528502,0.06048720624694404,0.06047860855341875,0.060466724706023066,0.06045158431793056,0.06043325606529133,0.06041184857752141,0.06038750957685557,0.06036042432054385,0.06033081708185847,0.060298948903813585,0.060265118866764826,0.06022966190645281,0.0601929481051456,0.06015538037886276,0.06011739110681577,0.060079438422902205,0.06004200144831146,0.06000557349220078,0.05997065528453493,0.05993774618394611,0.05990733452496834,0.05987988767906332,0.059855840456107846,0.0598355846788604,0.059819458453031195,0.059807735913877995,0.05980061964046906,0.059798233474654
0.0604450727206715,0.06044635596071356,0.060450177210288905,0.060456451404225446,0.06046503991369133,0.06047575418796541,0.06048836068065076,0.06050258808435337,0.06051813329287695,0.060534669109074686,0.06055185170514039,0.060569327969178674,0.06058674212037313,0.06060374226260269,0.06061998586042379,0.06063514522403661,0.06064891030795128,0.06066099485223454,0.06067113602384865,0.060679099789842456,0.06068468048006991,0.06068770339248695,0.060688025342789075,0.060685535663206794,0.06068015660452659,0.060671845235109205,0.06066059456663476,0.06064643373143691,0.06062942865518171,0.06060968197279633,0.06058733125325612,0.060562549947512985,0.06053554500877659,0.060506557459851965,0.06047586154160151,0.06044376333529378,0.06041059919463158,0.06037673359893906,0.060342555463316905,0.06030847538640786,0.06027491970063417,0.060242325655305476,0.060211134686690725,0.060181784507316115,0.06015470138149961,0.06013029102565405,0.06010892949250521,0.06009095447963187,0.06007665589949919,0.060066268673618285,0.06005996579174198,0.06005785283842843
0.060671725722297884,0.06067283147631583,0.06067612437935927,0.06068153166123331,0.06068893456661115,0.06069817104789037,0.06070904043256782,0.06072130879022842,0.060734714058419355,0.06074897227387578,0.0607637842452057,0.060778841643792894,0.0607938322838746,0.06080844664511478,0.06082238221314478,0.060835347855483876,0.060847068914514635,0.060857288629249606,0.060865772890862445,0.060872311097557794,0.060876718724782265,0.060878838727039884,0.060878542302695675,0.0608757298800332,0.06087033265478934,0.060862312972905945,0.06085166639115515,0.06083842184095623,0.060822642330393736,0.06080442352787214,0.06078389465733228,0.06076121608795217,0.06073657873996216,0.06071020424198498,0.06068234340787045,0.060653275050765836,0.06062330430193474,0.060592759808138684,0.06056199160183176,0.060531366573519436,0.06050126433981134,0.06047207254683826,0.0604441804010663,0.060417972189488155,0.06039382058666531,0.06037207871173164,0.0603530728608417,0.06033709468534675,0.06032439413992551,0.060315173203149906,0.06030958013697858,0.06030770551967398
0.06089059661771051,0.06089154873748888,0.06089438446412827,0.060899041096675426,0.060905416576821206,0.06091337146941911,0.060922732701607474,0.060933298299032955,0.06094484095875957,0.06095711411215454,0.06096985723395954,0.06098280056310677,0.060995670651582914,0.061008194924143555,0.061020106361684825,0.061031147737718804,0.061041074438788694,0.06104965840491709,0.061056690586994526,0.061061982503242504,0.0610653694423172,0.061066710260529844,0.06106588971210425,0.06106281923179844,0.061057437541543934,0.06104971230380137,0.06103964100255816,0.06102725289936792,0.06101260662434454,0.06099579278790038,0.060976931175094215,0.06095616984908654,0.06093368459258979,0.06090967851264833,0.06088438050075462,0.060858043858922,0.06083094454423553,0.060803379156603686,0.06077566167366702,0.06074812002929433,0.060721092273693704,0.06069492193219808,0.060669952407671514,0.06064652169391996,0.06062495602327516,0.060605563527226874,0.060588627908392007,0.06057440204086395,0.060563102151025,0.060554902346967344,0.06054993039496382,0.06054826419784612
0.06110199170476916,0.06110281084921353,0.06110525034905743,0.061109256145072316,0.061114740543560184,0.061121582979462595,0.061129634028432,0.06113871871445141,0.06114863975460005,0.061159182799182824,0.061170120594712836,0.06118121743824173,0.06119223307744825,0.061202928296331525,0.06121306749284863,0.061222422990668185,0.06123077809775142,0.06123793053066696,0.06124369354559347,0.06124789998725062,0.061250402047026295,0.061251074279358435,0.061249813787537785,0.06124654188178079,0.06124120476651522,0.06123377396350554,0.06122425040078468,0.06121266100304126,0.061199062627793704,0.06118353935683745,0.061166202228160736,0.06114718764076087,0.06112665724166365,0.06110479656812734,0.06108181392667563,0.061057938962125906,0.0610334212644465,0.06100852775839805,0.06098354001960774,0.06095875106718108,0.06093446182780323,0.06091097672463032,0.060888599229043695,0.06086762678486233,0.06084834546238164,0.06083102476821243,0.06081591199194352,0.06080322703929563,0.060793157333046646,0.06078585372511518,0.060781426557712216,0.06077994317092041
0.0613061771375044,0.06130688088070681,0.061308976606251744,0.0613124178489979,0.0613171287251147,0.06132300482298152,0.061329917027439146,0.061337713365043955,0.06134622242014708,0.0613552576078813,0.06136462085571152,0.06137410524192997,0.06138350101470949,0.0613925972129782,0.06140118649803836,0.06140906761388381,0.061416049274296405,0.06142195132709094,0.06142660886762583,0.061429872371470545,0.06143161109979369,0.06143171297851959,0.06143008698677211,0.06142666354121825,0.061421394608240656,0.06141425772539653,0.06140525323999121,0.061394409378478246,0.0613817789186031,0.06136744031437424,0.06135149606305114,0.06133407217069743,0.06131531645672172,0.06129539809898002,0.061274506365710496,0.061252849325290216,0.06123065227222679,0.061208155171303735,0.06118561045335076,0.06116327987599253,0.061141431116885706,0.06112033439736991,0.06110025786931469,0.061081463567237634,0.061064203010459873,0.061048712191619364,0.061035207213075884,0.06102387968405896,0.061014892735817144,0.061008377205120166,0.061004428922778305,0.06100310619147514
0.06150338412459972,0.06150398769615208,0.06150578507266219,0.06150873615917084,0.06151277505509667,0.06151781150527422,0.06152373342628902,0.06153040874683007,0.061537688347357324,0.06154540998829176,0.06155339980076352,0.061561477866367585,0.06156945928353456,0.06157715929551165,0.06158439493388499,0.061590989200955064,0.061596772335502134,0.061601585685700906,0.06160528225532727,0.061607730263522814,0.06160881314793674,0.061608431933813324,0.06160650613461827,0.061602973565757904,0.061597794183869646,0.06159094669194115,0.06158243512774633,0.061572286136333275,0.0615605492145217,0.06154729720036448,0.06153262553728978,0.06151664937452062,0.061499503968514294,0.06148134348776546,0.06146233950725895,0.06144268046868383,0.06142256930183505,0.06140222177093468,0.06138186405328474,0.06136172972958683,0.061342057305649594,0.06132308637214556,0.061305054215211235,0.061288192169882176,0.06127272146006609,0.061258849129939404,0.06124676442705016,0.061236634786621384,0.06122860243228395,0.06122278129878647,0.061219254702342026,0.06121807344206604
0.06169381394190372,0.06169433055861794,0.06169586893616459,0.061698394138457915,0.06170184924688145,0.06170615575868432,0.061711216436873884,0.06171691627015967,0.061723125926026946,0.06172970277081734,0.061736496340772676,0.061743347727434776,0.06175009597818919,0.06175657807960127,0.06176263359560508,0.06176810609235115,0.06177284618073634,0.06177671318343052,0.06177957762268412,0.06178132257235865,0.06178184499938079,0.06178105771648793,0.06177888881387706,0.061775285617586675,0.061770210885319574,0.06176364879742581,0.0617556041765629,0.06174610223685874,0.061735189589147914,0.06172293466599414,0.061709424747674296,0.06169476573940293,0.06167908123492421,0.06166251115652975,0.06164521137117822,0.061627351972522934,0.06160911584543468,0.061590696850222,0.06157229741196657,0.061554126178528526,0.061536395433116495,0.06151931796725253,0.06150310397959786,0.06148795778817867,0.06147407411600347,0.061461635263947864,0.06145080702772405,0.061441736093988605,0.06143454668993831,0.06142933842146088,0.06142618387158044,0.06142512738205507
0.06187764206992741,0.06187808318406592,0.06187939646791159,0.061881551718455934,0.061884499402966316,0.0618881712673435,0.061892482869456054,0.06189733451625667,0.06190261216607309,0.06190819310214019,0.061913944020413746,0.0619197274017669,0.06192540103847411,0.061930822413120895,0.06193585035602725,0.061940347073271534,0.06194418093582769,0.06194722791645071,0.06194937381297747,0.06195051506076725,0.06195056140414894,0.0619494348607318,0.06194707419628194,0.06194343094521534,0.06193847464978442,0.061932192299056256,0.06192458893679479,0.061915689227706835,0.06190553747012655,0.061894196551927134,0.06188174714977817,0.06186828637701215,0.061853926698687126,0.06183879556015888,0.06182303403286198,0.06180679570126149,0.061790245284769146,0.061773556831648306,0.06175691146099579,0.06174049556806567,0.0617244982551842,0.06170910860510165,0.06169451288769332,0.061680891697806016,0.06166841711322485,0.06165724924440495,0.0616475340399336,0.06163940008871463,0.06163295624530889,0.06162828975848952,0.061625464031206646,0.061624517792275006
0.06205502133973625,0.062055396812322014,0.06205651456461665,0.06205834835558066,0.062060854914665564,0.06206397504534702,0.06206763579741503,0.06207174883412544,0.06207621652863952,0.06208093000217713,0.062085774240891435,0.06209062765760803,0.06209536627199879,0.06209986510488453,0.06210399963834831,0.06210764911371801,0.062110697596269755,0.06211303595833695,0.062114563135599515,0.06211518884900799,0.06211483217876962,0.06211342674350829,0.06211091653577848,0.062107260823430835,0.06210243361620531,0.06209642346722847,0.062089236907200564,0.06208089807125223,0.062071447839584334,0.06206094490057123,0.06204946353863765,0.062037092404336976,0.06202393427086524,0.06201010490369813,0.06199573184420442,0.06198095386234331,0.06196591921372792,0.06195078389952091,0.061935710266836676,0.06192086472472587,0.06190641582887538,0.061892531657558474,0.061879377441577045,0.06186711315764929,0.061855890605182144,0.06184585113321417,0.061837123008540745,0.061829819507851845,0.06182403605159862,0.06181984912633782,0.061817314363279516,0.06181646563245362
0.06222608502545925,0.06222640341170679,0.06222735138767048,0.06222890571012684,0.062231028934492685,0.06223367004961367,0.062236764202956374,0.0622402358778716,0.06224399845540173,0.06224795837910212,0.062252013602208056,0.06225605865195968,0.06225998488463327,0.0622636820184621,0.062267041418570854,0.062269956820462526,0.06227232632810484,0.06227405360167473,0.06227505089103312,0.0622752370333997,0.06227454343794438,0.06227290943289916,0.0622702875928153,0.062266642729162866,0.062261951634752476,0.06225620595080511,0.06224941308993433,0.062241595775545194,0.062232792494077184,0.0622230577614848,0.062212459648017485,0.06220107953133756,0.062189011179500035,0.06217635937794898,0.06216323980886898,0.06214977761740454,0.062136105951942563,0.062122365117018886,0.06210870031670865,0.0620952603121894,0.06208219535435918,0.06206965495885393,0.062057785925212945,0.06204672983571858,0.062036620970145166,0.06202758418029992,0.062019732618209436,0.062013165902676394,0.06200796806255328,0.06200420629453448,0.06200192925903794,0.06200116691685834
0.06239094928994713,0.06239121830623441,0.062392018564274274,0.062393330217892916,0.06239512082931738,0.06239734505357007,0.06239994750243632,0.06240286119125675,0.06240601189485685,0.062409316280487646,0.062412686385849306,0.0624160296371594,0.06241925030878691,0.06242225239955025,0.06242494045696716,0.06242722112293112,0.06242900472799179,0.06243020780375655,0.06243075130784533,0.062430566870442204,0.06242959161424975,0.06242777421916609,0.06242507333140125,0.06242145774079025,0.06241690828935127,0.062411418799469154,0.06240499707929116,0.06239766457561123,0.062389457874510154,0.06238042705300397,0.06237063502175452,0.06236015636279129,0.06234907623931811,0.06233748997898861,0.06232550213215083,0.06231322540263401,0.06230077990210786,0.06228829138318355,0.06227588991638193,0.06226370850540214,0.06225188126044635,0.06224054115027919,0.06222981853207272,0.062219839090914164,0.06221072180831746,0.06220257687264642,0.062195504479038696,0.06218959234531549,0.062184914318144976,0.06218152983070688,0.062179481471202,0.06217879584573754
0.06254971587014722,0.06254994174365201,0.06255061392883614,0.06255171501983627,0.06255321628839809,0.06255507890463514,0.06255725402370324,0.06255968377566022,0.06256230247190435,0.06256503822716053,0.06256781391505041,0.06257054801455714,0.0625731573725268,0.06257555782091366,0.06257766530501815,0.06257939827763832,0.06258067875721267,0.06258143174078659,0.0625815909340365,0.06258109344010641,0.06257988627588837,0.0625779243934059,0.06257517141331194,0.0625716007642565,0.06256719660833297,0.06256195440978313,0.06255588189924033,0.0625490002754415,0.06254134332061784,0.0625329576959658,0.06252390141838757,0.06251424258561053,0.06250405891193127,0.06249343674482579,0.062482470704498715,0.062471262546462764,0.062459920237414625,0.062448556727284776,0.0624372885847422,0.06242623484497303,0.062415514926045794,0.06240524746480148,0.062395548305573756,0.06238652917514412,0.06237829536748382,0.06237094458327451,0.06236456539141628,0.062359235178098,0.06235501924705825,0.06235196992367983,0.062350124746853496,0.06234950730108139
0.06270247301760953,0.06270266172587581,0.06270322272227408,0.06270414082981357,0.06270539111633637,0.06270693991836697,0.06270874439174552,0.06271075381585964,0.06271291137919467,0.06271515414322432,0.06271741416408352,0.06271962089280667,0.06272170135111996,0.06272358147785523,0.06272518829781647,0.06272645047749305,0.06272729838174265,0.06272766911253148,0.06272750159701872,0.06272674308062691,0.0627253467537741,0.06272327332958179,0.06272049141169327,0.06271697858483365,0.06271272160790332,0.06270771692157766,0.06270197323927534,0.06269551038819578,0.06268836012929502,0.06268056595718532,0.06267218113444431,0.06266326804995703,0.06265389743783009,0.06264414777740379,0.06263410457226617,0.06262385962591452,0.06261351021505923,0.06260315771950968,0.06259290671429207,0.0625828635760723,0.06257313501817527,0.06256382666474031,0.06255504196215873,0.06254687978665749,0.06253943376687268,0.0625327907211531,0.06252702878104142,0.06252221651417653,0.06251841168647271,0.06251566041270769,0.06251399597629077,0.06251343916104667
0.0628492983470094,0.06284945474757594,0.06284991918972968,0.06285067848523866,0.06285171142346253,0.06285298790110119,0.06285447085196293,0.06285611616442216,0.06285787425810084,0.06285968961249551,0.06286150357284412,0.06286325418560124,0.06286487739282155,0.06286630907549745,0.06286748513714258,0.06286834239944981,0.0628688221503192,0.06286886668178036,0.06286842487041451,0.06286744984583885,0.0628659010817623,0.06286374444992243,0.06286095330806217,0.06285750846293056,0.06285339851463559,0.06284862200011981,0.062843187234147,0.06283711323747829,0.06283043009211016,0.06282317801146915,0.06281540592399334,0.06280717117553365,0.06279853818543206,0.06278957818123873,0.06278036850890785,0.06277099212637914,0.06276153659512479,0.06275209303210769,0.06274275511473507,0.06273361812407671,0.06272477741482115,0.06271632733657279,0.06270835984159095,0.0627009630641504,0.06269422017785278,0.06268820813105302,0.06268299630720413,0.06267864546515567,0.06267520665335254,0.06267272076954229,0.06267121716778395,0.06267071414850474
0.06299025915724964,0.06299038756069966,0.06299076809242687,0.06299139032766987,0.06299223435365461,0.06299327510626244,0.06299447955997424,0.06299580975249598,0.06299722173128228,0.06299866764251229,0.06300009602568409,0.06300145251183284,0.06300268187989537,0.06300372745811741,0.06300453319287971,0.06300504516422227,0.06300521012840074,0.06300497958202465,0.06300430807360805,0.06300315510791009,0.06300148551511914,0.06299927013869165,0.06299648593407127,0.06299311647915101,0.0629891529227478,0.06298459453796278,0.06297944963955067,0.06297373685829866,0.0629674841830789,0.06296072871076264,0.06295351590913109,0.062945898257475,0.06293793448209331,0.06292968923112927,0.06292123266278193,0.06291263966951124,0.06290398909153318,0.06289536276952792,0.06288684485362006,0.06287852068597286,0.06287047554533512,0.06286279378256397,0.06285555713860123,0.06284884430127409,0.06284272923031274,0.06283728029246374,0.062832559261238,0.06282861968193028,0.06282550695800854,0.06282325760416156,0.06282189714785179,0.06282144210043002
0.06312541435292458,0.06312551819633887,0.0631258267954184,0.06312632955514719,0.06312701056832032,0.06312784703768202,0.06312881074634394,0.06312986807880822,0.06313098111663867,0.06313210785197391,0.0631332033121045,0.06313422055734806,0.0631351106750649,0.06313582465658135,0.06313631397156527,0.06313653049663888,0.06313642913719915,0.06313596691392898,0.06313510447883862,0.0631338068905668,0.06313204380830263,0.06312979005297573,0.06312702591706713,0.06312373772972929,0.0631199184804704,0.06311556800120224,0.06311069523762289,0.06310531764153889,0.06309946132501469,0.06309316103183452,0.06308645871443533,0.06307940244453442,0.06307204581388003,0.0630644476680072,0.06305667159157977,0.06304878525132246,0.0630408596610593,0.06303296836233735,0.06302518712714435,0.06301759236609568,0.06301026040589713,0.06300326650421323,0.06299668387921693,0.06299058256251165,0.06298502846024395,0.06298008249236034,0.06297579920258675,0.06297222650532264,0.06296940484358036,0.06296736614061758,0.06296613320843251,0.06296572077304222
0.06325481491621053,0.06325489831218026,0.06325514373575773,0.06325554387227765,0.06325608358821824,0.06325674365896465,0.06325749909604181,0.06325832092724656,0.06325917581914782,0.06326002726154668,0.06326083622224364,0.06326156129319374,0.06326216036352024,0.06326259052791092,0.06326280916812643,0.06326277514030193,0.06326244864216259,0.06326179241759795,0.06326077279230541,0.06325935922990328,0.0632575257228326,0.06325525065792753,0.06325251735587967,0.06324931453934592,0.0632456364395712,0.06324148411981387,0.06323686621783187,0.06323179930876323,0.06322630809451475,0.063220424871924,0.06321418840973202,0.06320764282277898,0.06320083705082276,0.06319382485637655,0.06318666371077317,0.06317941483631281,0.0631721422600657,0.06316491234733164,0.06315779305314326,0.06315085297360036,0.06314416043059062,0.06313778280960342,0.0631317856923814,0.0631262313615394,0.06312117870908071,0.06311668194253003,0.06311278966697975,0.06310954454425198,0.0631069824196046,0.06310513152457001,0.06310401235778591,0.06310363838525695
0.06337850643379708,0.06337857114973114,0.06337876281920743,0.06337907396117357,0.0633794917647533,0.06337999946230367,0.06338057525281346,0.06338119388742301,0.06338182629073143,0.06338244089398999,0.06338300322635389,0.0633834778445045,0.06338382750999674,0.0633840150876244,0.0633840038025079,0.06338375741810676,0.06338324150177646,0.06338242436796757,0.06338127621386855,0.06337977117703147,0.06337788681865533,0.06337560463943259,0.06337291082354436,0.06336979574050593,0.06336625530134676,0.06336229106505605,0.06335791145311857,0.06335313250824237,0.0633479774152465,0.06334247622174073,0.06333666486289717,0.06333058373815714,0.06332427792977581,0.06331779613494698,0.06331119065188756,0.06330451691926785,0.0632978327227888,0.06329119789195661,0.06328467351266491,0.06327832110201535,0.0632722020579881,0.06326637681826236,0.06326090390165547,0.0632558390526047,0.06325123479755312,0.06324713952863077,0.06324359661305076,0.06324064408688165,0.06323831343018572,0.06323663017146458,0.06323561294562655,0.06323527300044363
0.06349652690762622,0.06349657626071553,0.06349672125523066,0.06349695555178214,0.06349726833952643,0.06349764464977087,0.06349806563481657,0.06349850924461332,0.0634989504096092,0.06349936123599004,0.06349971232149647,0.0634999721681013,0.06350010882432452,0.06350009010650354,0.06349988358113885,0.06349945807073401,0.06349878425699837,0.06349783405268397,0.0634965822944982,0.06349500656340464,0.06349308766939782,0.0634908102622489,0.0634881623326873,0.06348513629487756,0.06348172927478334,0.06347794303214899,0.06347378605337621,0.06346927381155858,0.06346442794474084,0.06345927661520935,0.06345385289530908,0.06344819431877434,0.06344234205521827,0.06343634036977851,0.06343023706466296,0.06342408228418635,0.06341792816247525,0.06341182870025489,0.06340583901496868,0.0634000142515702,0.06339440972724603,0.06338907967300521,0.0633840761882134,0.06337944941827886,0.06337524634024078,0.06337151005307404,0.06336827939742684,0.06336558783975647,0.06336346417389002,0.06336193079231718,0.06336100437573045,0.06336069446574286
0.0636089111693966,0.06360894702067879,0.06360905153194413,0.06360921996808475,0.06360944216122254,0.06360970543616205,0.0636099931605086,0.06361028657386034,0.06361056327316358,0.0636107997300806,0.06361096960749335,0.06361104616539168,0.06361100153956824,0.06361080738133743,0.0636104359551702,0.06360986054996859,0.06360905534277901,0.06360799641254107,0.063606662087278,0.06360503317681455,0.06360309365265573,0.06360083025279312,0.06359823311407585,0.06359529644228862,0.0635920179012096,0.06358839969622179,0.0635844505261745,0.06358018498763612,0.06357562342777641,0.06357079214696516,0.06356572206169357,0.0635604476761015,0.06355500660227081,0.06354943968520295,0.0635437901084418,0.06353810336473308,0.06353242670331163,0.06352680900488361,0.063521299791752,0.0635159489109041,0.06351080607479893,0.06350591969727422,0.06350133679580583,0.06349710221170297,0.06349325789576209,0.06348984267716136,0.06348689092796213,0.06348443285647705,0.0634824939745587,0.06348109453053598,0.06348024900877763,0.06347996623825383
0.06371568852249881,0.06371571237525046,0.06371578257558101,0.06371589411881942,0.0637160384875392,0.06371620446093303,0.06371637813256927,0.06371654232246855,0.06371667860979516,0.06371676539521395,0.06371678086171476,0.06371670129644622,0.06371650238612539,0.06371615995813106,0.06371565007068797,0.06371494945156501,0.0637140359087539,0.06371288891931498,0.0637114898847362,0.06370982279001965,0.06370787380506504,0.06370563183142693,0.06370308911595707,0.06370024086054388,0.06369708541834199,0.06369362565668145,0.06368987005662698,0.06368583242628233,0.06368153201860689,0.06367699350026138,0.06367224565017307,0.06366732036622759,0.06366225230434222,0.06365707867795427,0.06365183889272928,0.06364657414757771,0.06364132756811963,0.06363614328356426,0.06363106582814987,0.06362614045424467,0.06362141157546226,0.06361692288427911,0.06361271671672403,0.06360883311464674,0.06360530998066381,0.06360218177135167,0.0635994793766581,0.06359722991607375,0.06359545633594527,0.06359417613892364,0.06359340306278513,0.06359314452031624
0.06381688428460604,0.06381689844381526,0.06381693891039476,0.06381700159788338,0.0638170790570935,0.06381716195993019,0.06381723741287126,0.0638172916324015,0.06381730720788419,0.0638172667844948,0.06381715060753693,0.06381693820710913,0.06381660884392693,0.06381614158434745,0.06381551581252345,0.06381471126217947,0.06381370906307653,0.06381249160481015,0.06381104318697017,0.06380935013516699,0.06380740074519883,0.06380518620417334,0.06380270003182335,0.06379993836595403,0.06379690056060491,0.06379358974837873,0.06379001400782042,0.06378618665914955,0.06378212587425659,0.06377785491131907,0.06377340056429148,0.06376879238009028,0.06376406230149156,0.06375924419538097,0.06375437425840436,0.0637494901355529,0.06374463076465633,0.06373983606833596,0.06373514655424009,0.06373060289441922,0.06372624529524923,0.063722113143479,0.0637182442563618,0.0637146748592159,0.06371143898030113,0.06370856733100257,0.06370608773616222,0.06370402466944068,0.06370239852944548,0.06370122518592583,0.06370051681536608,0.06370027967294149
0.06391252158022832,0.06391252704426066,0.06391254201566568,0.06391256282753534,0.06391258325321615,0.06391259459268303,0.06391258674812504,0.06391254618311912,0.06391245956019465,0.06391231054098628,0.06391208250982412,0.06391175771542652,0.06391131841549613,0.06391074656581042,0.06391002406403087,0.06390913395933981,0.06390805986619547,0.06390678689130222,0.0639053017791084,0.06390359281662505,0.06390165061256957,0.0638994677796862,0.06389703904163758,0.06389436178090253,0.06389143583169461,0.06388826431892751,0.0638848554845119,0.06388122188673838,0.06387738072438351,0.06387335403412436,0.0638691667202978,0.06386484623578689,0.06386042191331415,0.06385592520725043,0.06385138901280542,0.06384684770487582,0.06384233664042589,0.06383789209287173,0.06383355095303286,0.06382934976938952,0.06382532495325516,0.06382151199393152,0.06381794499530971,0.06381465678970831,0.06381167746996731,0.06380903507548445,0.0638067547836829,0.0638048582572367,0.06380336382947709,0.06380228585816046,0.0638016350461105,0.06380141697507366
0.06400261946717695,0.06400261729517277,0.06400261068349303,0.06400259570800072,0.06400256710187685,0.06400251800690782,0.06400243808656872,0.06400231774229354,0.06400214364835892,0.06400190260658557,0.06400157976850727,0.06400116035151188,0.06400062881620189,0.06399996937090768,0.06399916693998775,0.06399820679199464,0.06399707506895187,0.06399575915531636,0.06399424778144115,0.06399253132467377,0.06399060209291069,0.06398845390658972,0.06398608283561956,0.06398348702676761,0.06398066667779448,0.06397762536920232,0.06397437096748144,0.06397091548486598,0.06396727544092294,0.06396347127903504,0.06395952662057328,0.06395546675179199,0.06395131902451877,0.06394711238213797,0.0639428770352014,0.06393864423472471,0.0639344462694415,0.06393031623393353,0.06392628746026956,0.06392239320682497,0.06391866642193976,0.06391513908901125,0.06391184223403881,0.06390880513017268,0.06390605536925642,0.06390361781123954,0.06390151533344067,0.06389976745800145,0.06389839065959423,0.0638973975733279,0.06389679797794413,0.06389659748716689
0.06408719446995735,0.06408718623563289,0.06408716093049797,0.064087115419061,0.0640870455792222,0.06408694390649874,0.06408680386424263,0.06408661499363415,0.06408636693242273,0.06408604778643665,0.06408564531659028,0.06408514637392877,0.06408453747780285,0.06408380542935899,0.06408293723221395,0.0640819202493672,0.06408074292658995,0.06407939445953086,0.06407786552187372,0.06407614832898081,0.0640742363668374,0.06407212474744671,0.06406981068394502,0.06406729278922782,0.06406457191118799,0.06406165172657345,0.06405853986081704,0.06405524787623837,0.06405179136314801,0.06404818980110355,0.06404446501640082,0.06404064104222351,0.06403674313630167,0.06403279801187192,0.0640288333708722,0.06402487770569794,0.06402096088497576,0.064017112992133,0.06401336405632202,0.06400974462902265,0.06400628444042732,0.06400301261703296,0.0639999569553794,0.06399714423470199,0.06399459905307947,0.06399234444737703,0.06399040071531023,0.06398878530268508,0.06398751317478311,0.06398659581659477,0.0639860423792809,0.06398585685978607
0.06416626171369189,0.06416624788960319,0.06416620691168323,0.06416613574516562,0.06416602982884645,0.06416588482904548,0.0641656929027566,0.06416544618942636,0.06416513543131463,0.06416475078385939,0.0641642812431352,0.06416371556751922,0.06416304243855765,0.06416225045446991,0.06416132842268897,0.06416026591353054,0.06415905292401386,0.06415768053160703,0.0641561412536017,0.0641544284766764,0.06415253685179782,0.06415046283295398,0.06414820428533335,0.06414576060593795,0.06414313289607293,0.06414032495039226,0.06413734422632879,0.06413420178600351,0.06413091240210399,0.06412749457423647,0.06412396901571481,0.0641203580499656,0.06411668528101173,0.06411297534204018,0.06410925379470502,0.0641055470938611,0.06410188232474345,0.06409828677579527,0.06409478840626613,0.06409141460015767,0.06408819250891809,0.06408514850010538,0.06408230810590668,0.06407969534347113,0.0640773329030708,0.06407524124458619,0.06407343884507662,0.06407194135701164,0.06407076248284038,0.0640699127191558,0.06406939975162153,0.06406922826963159
0.06423983329809572,0.06423981511428409,0.06423976093827241,0.06423966711914976,0.06423953196183993,0.06423934934610606,0.06423911376960129,0.06423881816550389,0.0642384548680134,0.06423801495553624,0.06423748918996783,0.064236867996204,0.06423614169818208,0.06423530041211642,0.0642343349119019,0.06423323617436942,0.06423199578130191,0.06423060682034969,0.06422906273740626,0.06422735813880187,0.06422548902387584,0.06422345275409548,0.06422124783567276,0.06421887421621147,0.0642163332878403,0.06421362886274676,0.0642107682604786,0.06420776205496712,0.06420462451807159,0.06420137302577036,0.06419802729981,0.064194608190819,0.06419113783362967,0.06418763908267455,0.06418413546060718,0.06418065157954653,0.06417721204760006,0.06417384217398707,0.06417056727991173,0.06416741245076195,0.0641644026415225,0.06416156171658959,0.06415891290868657,0.06415647831821338,0.06415427843287386,0.06415233167342756,0.06415065470699546,0.06414926210687479,0.0641481660711637,0.06414737623007258,0.06414689978961745,0.06414674037619814
0.06430792058341099,0.06430789871161552,0.06430783258869224,0.0643077209101159,0.06430756007321108,0.06430734589131394,0.0643070736572417,0.06430673706801081,0.06430632948772934,0.06430584333638026,0.06430527069929158,0.06430460354894871,0.0643038333028895,0.06430295198642431,0.06430195148015112,0.06430082424291465,0.06429956368971633,0.06429816372404273,0.06429661903208536,0.06429492553331828,0.06429308019325629,0.06429108104398573,0.06428892735973946,0.06428661932448371,0.06428415863522134,0.0642815493348353,0.06427879826600454,0.06427591588405057,0.06427291560899544,0.06426981420682272,0.06426663020664251,0.06426338338705861,0.06426009433395659,0.06425678450832267,0.06425347583053304,0.0642501906342424,0.06424695195720483,0.06424378315574385,0.06424070715802645,0.0642377472590221,0.06423492604579614,0.06423226552075566,0.06422978700869954,0.06422751060816063,0.06422545476933567,0.06422363642089027,0.06422207097416868,0.0642207711661664,0.06421974875678214,0.06421901214169347,0.06421856774371891,0.06421841885777177
0.06437053283841825,0.06437050729543077,0.064370432220405,0.06437030453855769,0.06437012220342846,0.06436988181386144,0.06436957867214879,0.0643692077561075,0.06436876321799055,0.0643682384893595,0.06436762704593883,0.06436692181248112,0.06436611578162613,0.06436520190802829,0.06436417353125137,0.06436302454092584,0.06436174927645892,0.06436034267757346,0.06435880074130748,0.06435712035122754,0.0643552991601147,0.06435333596513358,0.06435123055564794,0.0643489834858154,0.06434659671057075,0.06434407410428149,0.06434142255157022,0.06433865186007938,0.0643357751852973,0.06433280840927307,0.06432976930021234,0.06432667654664823,0.06432354948778544,0.0643204080584841,0.06431727272754044,0.06431416430362488,0.06431110418825074,0.06430811357296827,0.06430521405946722,0.0643024268524956,0.06429977274113292,0.06429727202380643,0.06429494428667117,0.0642928077852119,0.06429087929220867,0.06428917463965642,0.06428770726895594,0.06428648984792287,0.06428553235458351,0.0642848426594559,0.06428442623271172,0.06428428730145604
0.06442767756172413,0.06442765000261087,0.06442756649141351,0.0644274255657227,0.06442722558973334,0.06442696290441081,0.06442663409692218,0.0644262345573144,0.06442575916368498,0.06442520259167625,0.06442455909422348,0.06442382267395248,0.06442298741500668,0.06442204740595399,0.06442099724933803,0.06441983168405227,0.06441854603351457,0.0644171364314765,0.06441559975698423,0.06441393349588934,0.06441213621108502,0.06441020730185545,0.06440814692349377,0.06440595597372684,0.06440363655054294,0.06440119251054555,0.06439863048770382,0.06439596014586078,0.064393194099213,0.0643903477133451,0.06438743772721825,0.06438448191980121,0.0643814986396215,0.06437850660308746,0.06437552473384131,0.06437257268639507,0.06436967028017603,0.064366837244755,0.06436409343038972,0.06436145862532582,0.06435895198135887,0.0643565922142194,0.06435439719073764,0.06435238367488864,0.0643505673150208,0.06434896234115664,0.06434758180611654,0.0643464365820426,0.06434553600162375,0.06434488757928228,0.06434449653202287,0.06434436553635835
0.06447936275062989,0.06447933263812475,0.06447924229158249,0.06447909070399653,0.06447887558248114,0.06447859457150332,0.06447824433430874,0.06447782096704559,0.06447732015629357,0.06447673734682138,0.0644760675345666,0.06447530575385826,0.06447444687332834,0.0644734861465448,0.06447241901521077,0.06447124103247492,0.06446994859972131,0.06446853866470445,0.06446700874281291,0.0644653570922286,0.06446358288133819,0.06446168611152332,0.06445966720456753,0.06445752729293984,0.06445526873182754,0.06445289527961258,0.06445041337398803,0.06444783259095688,0.06444516485052404,0.06444242498847426,0.0644396293162497,0.06443679445306917,0.06443393797441449,0.06443107740046622,0.06442823068818747,0.0644254162296371,0.06442265229409401,0.06441995755171825,0.06441735043872247,0.06441484926425764,0.06441247182290817,0.06441023533734572,0.06440815644282223,0.06440625066429262,0.06440453222352947,0.06440301490943076,0.06440170987629219,0.06440062786980973,0.06439977746419392,0.06439916518916344,0.0643987954821087,0.06439867201905894
0.0645255932677509,0.06452556128444228,0.0645254656050303,0.06452530476979194,0.06452507736485555,0.06452478110931226,0.0645244131175474,0.06452397014166819,0.06452344854024689,0.06452284416778856,0.0645221530031343,0.06452137064412473,0.06452049293146898,0.06451951594451097,0.0645184356387339,0.06451724868428853,0.06451595222585964,0.06451454373678535,0.06451302137526482,0.0645113842138296,0.06450963189892978,0.06450776471254346,0.06450578351431843,0.06450368954879931,0.06450148535379505,0.06449917454232736,0.06449676366307114,0.06449426176930557,0.06449168058002565,0.06448903445159002,0.06448633882864079,0.06448360997091022,0.06448086438150646,0.06447811861067364,0.06447538983818749,0.06447269524494965,0.0644700520413623,0.06446747759037963,0.0644649894762223,0.06446260459816398,0.06446033933627904,0.06445820999423364,0.06445623202078951,0.06445441959477528,0.06445278649416974,0.06445134492967727,0.06445010542955823,0.06444907846216844,0.06444827147160541,0.06444769019938462,0.0644473393463387,0.06444722270388865
0.06456637438640102,0.06456634111162383,0.06456624079443746,0.0645660724848636,0.0645658349609264,0.06456552622392737,0.06456514373447783,0.06456468474810835,0.06456414604170894,0.06456352431675194,0.06456281587988957,0.06456201707825238,0.06456112449456856,0.06456013468557924,0.06455904452685063,0.06455785131060189,0.06455655264047679,0.06455514672444572,0.06455363240959983,0.06455200918574326,0.06455027707858196,0.06454843669616986,0.0645464889538481,0.06454443572090976,0.0645422793170403,0.06454002361891135,0.06453767479078899,0.06453524164598255,0.0645327358282311,0.06453017107556137,0.06452756220108272,0.06452492493712791,0.06452227507071777,0.06451962859326797,0.06451700159510629,0.06451441021487583,0.06451187105233398,0.06450940047421207,0.06450701479158245,0.06450472969675494,0.06450256093427076,0.06450052373452853,0.06449863226104657,0.06449690021326654,0.06449534013480143,0.06449396341824655,0.06449278077573041,0.0644918011130251,0.0644910308289325,0.06449047609653658,0.06449014225515101,0.06449003016966007
0.06460171051602684,0.06460167601186584,0.06460157183280867,0.06460139757739275,0.06460115192391482,0.064600833003623,0.0646004387881858,0.0645999668234228,0.06459941442339903,0.0645987786761274,0.06459805641672951,0.06459724470805805,0.06459634047345282,0.06459534089841026,0.06459424344561267,0.06459304584986932,0.06459174636424696,0.06459034376186079,0.06458883742437756,0.06458722699975494,0.06458551287613605,0.06458369609834606,0.06458177785603193,0.06457976004337156,0.06457764515442176,0.06457543680341928,0.06457314128967931,0.06457076728420429,0.06456832587787432,0.06456583041916988,0.06456329550872288,0.06456073643480256,0.0645581681357195,0.06455560607398364,0.06455306547716477,0.0645505620077683,0.0645481111512874,0.06454572868871507,0.06454342956656803,0.06454122905534825,0.06453914210275163,0.0645371826258066,0.06453536457661133,0.06453370046549589,0.06453220229320906,0.06453088092250851,0.06452974622497723,0.06452880602266521,0.06452806656125844,0.0645275354785994,0.064527214662528,0.06452710738195377
0.06463160495336129,0.06463156919342056,0.06463146217517737,0.06463128320199464,0.0646310309523112,0.06463070393065941,0.06463030037927706,0.06462981817617378,0.06462925491095468,0.06462860808999292,0.0646278751192004,0.06462705329746428,0.0646261401022048,0.0646251331818829,0.06462403024129347,0.06462282977353237,0.06462153047264797,0.06462013145690436,0.06461863236358711,0.06461703327160773,0.06461533499005107,0.06461353855924173,0.06461164545471709,0.06460965766907972,0.06460757781901032,0.06460540939702428,0.06460315859657306,0.06460083416085458,0.06459844663690939,0.06459600917626492,0.06459353623675991,0.06459104216936468,0.06458854198313783,0.06458604999460481,0.06458358133572235,0.06458115088983693,0.06457877361202034,0.06457646387815862,0.06457423668146754,0.06457210657060734,0.06457008714180801,0.06456819258314984,0.06456643542965813,0.06456482764168163,0.06456338083982101,0.06456210568685841,0.06456101003663837,0.06456010201165946,0.0645593898138626,0.06455887691384603,0.06455856742488546,0.06455846450719696
0.0646560601142035,0.06465602378948879,0.06465591453982396,0.06465573175023905,0.0646554743511854,0.06465514113604905,0.06465473039393793,0.06465424024624983,0.06465366856698358,0.0646530132337122,0.06465227197763311,0.06465144246617352,0.0646505225216806,0.06464951003301332,0.06464840339166569,0.0646472012430882,0.06464590258782725,0.06464450700236177,0.06464301420914935,0.06464142479264179,0.0646397396957534,0.0646379601570062,0.06463608779731624,0.06463412468321221,0.06463207327511768,0.06462993744929275,0.06462772327832647,0.06462543882044552,0.06462309493591664,0.06462070461822357,0.06461828150871082,0.06461584020575664,0.06461339470998656,0.06461095951668262,0.06460854899181669,0.06460617747268455,0.06460385908152712,0.0646016082309972,0.06459943915139936,0.06459736536883634,0.06459540074477418,0.06459355829404032,0.06459185005584454,0.06459028777568034,0.06458888269736737,0.06458764349029703,0.06458657911343729,0.06458569869483105,0.06458500704300577,0.06458450887759885,0.06458420909741716,0.06458410864518185
0.06467507876842873,0.06467504201489296,0.0646749308978038,0.06467474522824414,0.06467448405042218,0.06467414619268888,0.06467373014297298,0.06467323405882142,0.06467265618352075,0.0646719946166896,0.0646712472624504,0.06467041207201749,0.06466948719508536,0.06466847084293052,0.06466736169822988,0.06466615855966452,0.06466486072583753,0.06466346788460228,0.0646619803746746,0.06466039872855454,0.06465872408588405,0.06465695773975756,0.06465510158835813,0.06465315772203889,0.06465112856333469,0.06464901798320352,0.06464683182872386,0.06464457840932465,0.06464226839547865,0.06463991421265172,0.06463752977422364,0.06463512899487318,0.06463272577656798,0.06463033430205568,0.06462796843876692,0.0646256420859444,0.06462336908896453,0.0646211634055552,0.06461903870099507,0.06461700847003962,0.0646150860377365,0.06461328356187258,0.06461161271912086,0.0646100855435424,0.06460871148304705,0.06460750000922863,0.06460646113970969,0.06460560078453871,0.0646049243110686,0.0646044387262918,0.06460414547077199,0.06460404754637614
0.06468866255777685,0.06468862529535127,0.06468851292284365,0.06468832525889615,0.06468806140276534,0.06468772032066895,0.06468730057605762,0.06468680044832972,0.0646862184315752,0.06468555256873756,0.06468480094878781,0.06468396186683308,0.06468303366633442,0.06468201479955746,0.06468090398472498,0.06467970028037055,0.06467840323468542,0.06467701275559215,0.06467552908697012,0.06467395300316586,0.06467228588814083,0.06467052923507192,0.06466868461592105,0.06466675432777798,0.06466474112997042,0.06466264848125035,0.06466048235046866,0.06465825107738665,0.064655965053597,0.06465363656334035,0.06465127948998578,0.06464890750537425,0.06464653441071491,0.0646441737905466,0.06464183950555616,0.06463954509545988,0.06463730400146585,0.06463513042214807,0.06463303732349998,0.0646310381500848,0.06462914519116844,0.06462737078558763,0.06462572673077553,0.06462422354926627,0.064622871742521,0.06462168125135219,0.06462065904123974,0.0646198125693323,0.06461914864858823,0.0646186703070356,0.06461838218389059,0.06461828596919332
0.06469681233657057,0.06469677477564016,0.06469666170675657,0.06469647282724693,0.06469620748158084,0.0646958645345351,0.06469544256654398,0.06469494025395278,0.06469435571266664,0.06469368719371252,0.06469293317606364,0.06469209188331104,0.06469116174726539,0.06469014141330859,0.06468902963330295,0.06468782572168552,0.06468652920220307,0.06468514011808556,0.06468365872104956,0.06468208611016628,0.06468042354256849,0.06467867246489772,0.064676834873853,0.06467491295120599,0.06467290927320134,0.06467082743031474,0.06466867332915503,0.0646664554199556,0.06466418348218317,0.06466187052524437,0.06465952986552541,0.06465717509829844,0.06465481970224891,0.06465247763746695,0.0646501621266062,0.06464788636804499,0.06464566483162269,0.06464351014714008,0.06464143626221765,0.0646394552957962,0.06463757997688112,0.06463582229230183,0.064634193795197,0.06463270536222576,0.06463136768751156,0.06463018832211986,0.06462917635839233,0.06462833903146648,0.06462768102976629,0.06462720794739739,0.06462692280815462,0.06462682751613277
0.06469952893740714,0.06469949127860843,0.06469937794712871,0.06469918880662553,0.06469892287385948,0.06469857917387747,0.06469815653291344,0.06469765335521463,0.06469706790550252,0.06469639870355023,0.06469564385515879,0.0646948018833137,0.06469387112593634,0.06469285015831594,0.06469173811521098,0.06469053414809287,0.06468923794792109,0.06468784923541374,0.06468636863306931,0.06468479730081897,0.0646831362691309,0.06468138703730647,0.06467955180341808,0.06467763274621507,0.06467563218101303,0.06467355381254705,0.06467140397221896,0.06466919015557265,0.06466692309096059,0.06466461528198482,0.06466228009781626,0.06465993086665782,0.06465758165129722,0.06465524554742214,0.06465293578170847,0.06465066685693348,0.06464845150475042,0.06464630387934535,0.06464423596430306,0.06464226090650448,0.06464039137861964,0.06463863917246773,0.06463701588307907,0.06463553306430236,0.06463419893547187,0.06463302351880615,0.06463201578925175,0.06463118056471699,0.06463052512263352,0.06463005364643477,0.06462976953067025,0.06462967449576203
