Model: _005_20_26_CPC_metacentric_tensed_MCF10A_chr19_PMP1__from_pyvcell_compare
Simulation: 898407604_0
(SimID_898407604_0 (PDE Simulation)) 
Sim time range (0.0 500.0) (saved timepoints 51) 
Number of variables 42 
Variable names ['BUB1a', 'BUB1a_pknl1', 'CPCa', 'CPCi', 'H2A', 'H3', 'H3_CPCa', 'H3_CPCi', 'H3S10rep', 'HASPINa', 'HASPINi', 'I', 'KNL1', 'NDC80', 'NDC80_TTKa', 'NDC80_TTKi', 'NDC80_pTTKa', 'NDC80_pTTKi', 'pH2A', 'pH2A_SGO1', 'pH2A_SGO1_CPCa', 'pH2A_SGO1_CPCi', 'pH3', 'pH3_CPCa', 'pH3_CPCi', 'pH3S10rep', 'pKNL1', 'pKNL1_bub1a', 'PLK1a', 'PLK1i', 'pTTKa', 'pTTKi', 'pNDC80', 'pNDC80_TTKa', 'pNDC80_TTKi', 'pNDC80_pTTKa', 'pNDC80_pTTKi', 'SGO1', 'SGO1_CPCi', 'SGO1_CPCa', 'TTKa', 'TTKi'] 
 
2D Slice for variable CPCi at time 310.0 in plane XY at Z = 0 
 
X in rows, Y in columns 
0.005033783993684442,0.005033726558201259,0.005033554149808496,0.0050332666431956545,0.005032863565790683,0.005032344113073757,0.005031706270024399,0.005030946646483944,0.005030059158893817,0.005029033603834671,0.005027853192452472,0.005026491588464074,0.005024908290913096,0.0050230425065084915,0.005020805045848769,0.00501806839165906,0.0050146548178580195,0.005010324810982923,0.00500476997064257,0.004997620688313126,0.004988491136813204,0.004977105316290386,0.004963581827413489,0.004948978273117067,0.004936069330351335,0.004929414582422634,0.004929414420643412,0.004936068809904242,0.004948977420762869,0.004963580649440561,0.004977103826436302,0.004988489364048448,0.0049976186350105594,0.005004767658165323,0.005010322282855905,0.0050146520850566645,0.00501806548428572,0.0050208019490522145,0.0050230392036586,0.005024904833765272,0.005026487974131922,0.005027849433542636,0.005029029748137484,0.005030055257633855,0.0050309426366830605,0.005031702154821506,0.005032339920977097,0.005032859367863481,0.00503326236959447,0.0050335498365214025,0.005033722228773675,0.005033779691130068
0.005033782813524761,0.005033725354457856,0.005033552934854139,0.005033265396724838,0.005032862395839123,0.005032342858243961,0.005031704986671195,0.005030945367761247,0.005030057893321916,0.005029032263705472,0.005027851797765559,0.005026490147903335,0.0050249068307290515,0.005023040982319551,0.005020803497838714,0.005018066789152819,0.005014653138245299,0.005010323068367876,0.005004768137239933,0.0049976187921117335,0.004988489181915336,0.004977103297334596,0.004963579769467842,0.004948976177858659,0.004936067195169108,0.004929412444743035,0.004929412264274585,0.0049360666744221685,0.004948975318671594,0.004963578598698827,0.004977101826654371,0.004988487420106237,0.0049976167601049745,0.005004765857591826,0.005010320553470088,0.005014650419499055,0.005018063865575332,0.00502080039679377,0.005023037720909798,0.0050249033940573205,0.00502648656936459,0.005027848080091357,0.0050290284335270585,0.005030053960458342,0.005030941365361457,0.005031700919871958,0.005032338698287563,0.005032858161432841,0.005033261166240503,0.0050335486622980425,0.005033721062860224,0.005033778488453783
0.005033779225954448,0.00503372174814488,0.005033549336087701,0.005033261816959748,0.005032858721630136,0.0050323391247651126,0.005031701238968792,0.005030941544659841,0.0050300539823146485,0.0050290282511372755,0.0050278476776814875,0.005026485928991939,0.00502490245522506,0.005023036471652204,0.005020798827570216,0.005018061939315372,0.00501464810778908,0.005010317824348024,0.005004762699639915,0.004997613151060781,0.004988483357272113,0.004977097298110847,0.004963573609843092,0.0049489698884351485,0.004936060811869652,0.004929406015045941,0.004929405845671968,0.004936060302551791,0.004948969041081611,0.004963572445429094,0.004977095832692964,0.004988481618653712,0.004997611158926156,0.005004760461148146,0.005010315353949792,0.005014645409962738,0.005018059056037862,0.0050207957778948585,0.0050230332596964645,0.0050248990737265875,0.005026482397326248,0.005027844029691699,0.005029024479139071,0.005030050105055239,0.005030937601452515,0.005031697222689226,0.0050323350524299456,0.005032854554923076,0.005033257608809854,0.005033545137955703,0.005033717523316824,0.005033774980829149
0.005033773304803774,0.005033715851212899,0.005033543396239198,0.005033255826671191,0.005032852652918534,0.005032333014092864,0.005031695018937821,0.005030935245939522,0.005030047524082377,0.005029021635044573,0.005027840885860013,0.005026478926490152,0.005024895232851611,0.005023029006400005,0.005020791101508576,0.005018053929478039,0.0050146397759868264,0.005010309168405877,0.005004753711171696,0.004997603839399449,0.004988473713802904,0.004977087348646512,0.004963563399098299,0.00494895945382862,0.004936050259327088,0.004929395384762036,0.004929395211832243,0.004936049758083404,0.0049489586457689624,0.004963562263470501,0.004977085924119682,0.0049884720108493,0.004997601882983691,0.005004751523067826,0.005010306746351436,0.005014637141413923,0.0050180511132857375,0.005020788123098614,0.005023025869299495,0.005024891947296137,0.005026475496751517,0.005027837326819091,0.005029017960417156,0.005030043748992979,0.005030931383230956,0.005031691113260891,0.005032329031990153,0.005032848628488839,0.005033251747093397,0.005033539291286907,0.005033711721449116,0.005033769189839026
0.005033765165065287,0.005033707657275104,0.005033535198848548,0.005033247552534643,0.005032844313319991,0.005032324568023799,0.00503168648500892,0.005030926503254638,0.005030038586292252,0.005029012486149532,0.005027831501474402,0.005026469253980333,0.005024885252411846,0.005023018703468995,0.00502078042594213,0.005018042843474154,0.0050146282531534185,0.005010297200452887,0.005004741276820135,0.004997590927374803,0.004988460342346416,0.00497707355998681,0.0049635492365332715,0.00494894503188179,0.004936035618921568,0.004929380642363622,0.004929380492178733,0.004936035144808185,0.004948944233780001,0.004963548151061511,0.004977072179812448,0.004988458703118354,0.004997589035950192,0.005004739137746157,0.005010294844502501,0.0050146257127872485,0.005018040112506962,0.0050207775300945175,0.00502301567242082,0.005024882102030218,0.005026465963165365,0.005027828078451026,0.005029008962127686,0.005030034973796876,0.005030922787426022,0.005031682675916427,0.005032320750563539,0.005032840449802826,0.00503324363248682,0.005033531250623842,0.005033703716728593,0.005033761196326113
0.0050337548337848126,0.00503369737072798,0.005033524861226901,0.005033237135199967,0.0050328337879654485,0.005032313944230181,0.005031675633191466,0.005030915446637058,0.005030027322183035,0.00502900096522302,0.005027819644104376,0.005026457046362499,0.005024872671966258,0.005023005679499077,0.00502076692390845,0.005018028812161441,0.005014613678790207,0.005010282041388859,0.005004725515812507,0.004997574560991575,0.004988443402650315,0.0049770560822922525,0.00496353130538799,0.004948926716236559,0.004936017054325542,0.004929361962303323,0.004929361806661748,0.004936016593928725,0.004948925952349578,0.004963530249549094,0.004977054765139301,0.004988441832550088,0.004997572745495972,0.005004723466921317,0.005010279789872074,0.005014611235857227,0.005018026201314948,0.005020764158050576,0.005023002790634337,0.005024869660653429,0.0050264539281617586,0.005027816402687031,0.0050289976131256625,0.00503002389233257,0.005030911953960605,0.00503167205956756,0.005032310289844949,0.005032830125334433,0.005033233414402623,0.005033521114521916,0.005033693621351277,0.005033751118194145
0.005033742598748821,0.005033685094707102,0.005033512512957458,0.005033224685280563,0.005032821244943639,0.005032301195532095,0.005031662686713649,0.005030902296343469,0.005030013903248486,0.005028987186505218,0.005027805490436121,0.005026442482720073,0.005024857622873175,0.005022990103012372,0.005020750751642444,0.005018012023791494,0.005014596216697694,0.005010263871915539,0.005004706615437203,0.0049975549411635,0.004988423082500849,0.0049770351102441,0.004963509760876548,0.004948904720066016,0.004935994751112105,0.004929339495286577,0.004929339344728628,0.004935994309573707,0.004948903989467999,0.0049635087564065695,0.004977033850762332,0.004988421581517158,0.004997553219927538,0.0050047046843651926,0.005010261742039193,0.005014593909873695,0.005018009564491248,0.005020748164044743,0.005022987385531308,0.005024854795680731,0.005026439554837008,0.005027802471720402,0.005028984057105826,0.005030010686635482,0.00503089903957217,0.0050316593785735666,0.005032297824769632,0.0050328178095962175,0.005033221244411761,0.005033509025289523,0.005033681587020208,0.00503373909286635
0.005033728527498762,0.005033670968224528,0.005033498338554765,0.005033210415795789,0.00503280682580348,0.0050322865823266855,0.005031647878517801,0.005030887218422239,0.0050299984647435205,0.005028971361007322,0.005027789237442949,0.005026425734246785,0.005024840314771682,0.005022972168734664,0.005020732149361082,0.005017992682581511,0.00501457608469804,0.005010242908957174,0.005004684808742243,0.004997532294815523,0.004988399601366528,0.004977010858098392,0.00496348483834249,0.004948879261463229,0.004935968932076248,0.004929313486924815,0.004929313343625885,0.004935968513185948,0.004948878576693568,0.004963483891444901,0.004977009673535998,0.004988398189088506,0.004997530669912071,0.005004683009955004,0.005010240935449324,0.0050145739485666615,0.005017990410862582,0.005020729757019869,0.005022969668191353,0.0050248377180538515,0.0050264230453027645,0.005027786463830887,0.005028968513272863,0.0050299955312400986,0.005030884210245137,0.0050316448519355855,0.005032283517430362,0.005032803711013607,0.005033207286612652,0.005033495166675781,0.0050336677885048885,0.005033725313905172
0.005033712789437084,0.005033655286602029,0.005033482541999582,0.005033194536154769,0.005032790775404353,0.005032270353338436,0.005031631380150442,0.0050308703898846235,0.005029981247679408,0.005028953717674834,0.005027771111669193,0.005026407038067483,0.00502482099088035,0.005022952142391091,0.0050207113495812986,0.005017971032333356,0.005014553535118983,0.00501021942429907,0.005004660369719383,0.0049975068627977235,0.004988373224131515,0.004976983602221485,0.004963456803698252,0.004948850623904181,0.004935939870088916,0.00492928420226584,0.0049292840795325124,0.004935939476210033,0.004948849980954899,0.004963455937270834,0.004976982501053295,0.004988371912988366,0.004997505371087708,0.005004658708947564,0.0050102176301042405,0.005014551613476192,0.005017968985106516,0.005020709187548369,0.005022949890752802,0.005024818655704558,0.005026404629394818,0.005027768635907193,0.00502895118836912,0.005029978639654692,0.005030867721293296,0.005031628671258327,0.005032267611545103,0.005032788022838344,0.005033191754957765,0.005033479753930822,0.005033652443623921,0.005033710005664822
0.005033695799735992,0.0050336381831159425,0.005033465411553461,0.00503317728780507,0.005032773355227796,0.005032252691046902,0.005031613436042611,0.005030852072392489,0.005029962520236232,0.005028934532729361,0.005027751370526349,0.005026386677786673,0.005024799921001786,0.005022930292801512,0.00502068862160455,0.005017947373701213,0.005014528880004923,0.005010193727940862,0.00500463356513521,0.004997478974456576,0.004988344266150774,0.004976953636960231,0.004963425982413744,0.00494881911338564,0.0049359078738932674,0.004929251976959373,0.004929251849291929,0.004935907515490882,0.004948818535822525,0.004963425193238645,0.004976952641521447,0.004988343078779657,0.004997477628830552,0.005004632086839907,0.00501019212778929,0.005014527188116146,0.005017945584997959,0.005020686740615637,0.005022928324962095,0.0050247978901850595,0.0050263845884890995,0.005027749234067772,0.005028932344755121,0.005029960305778156,0.005030849797614209,0.005031611103426258,0.005032250346520717,0.005032770990821653,0.005033174898831378,0.0050334630280847725,0.005033635807063682,0.005033693379886906
0.0050336776361607416,0.005033620032419955,0.005033447200101745,0.0050331589246634745,0.005032754804022783,0.00503223389937465,0.005031594313609625,0.0050308325695017034,0.005029942593632397,0.005028914085166757,0.005027730320344476,0.005026364941949949,0.0050247774164339535,0.005022906922415276,0.005020664314484698,0.0050179220428172916,0.005014502459703788,0.005010166127265597,0.0050046047719161865,0.00499744895978365,0.004988313055702229,0.004976921341151733,0.004963392727485967,0.004948785080670143,0.004935873322631933,0.00492921714096875,0.004929217029810457,0.004935873008436273,0.004948784573990812,0.004963392020047596,0.004976920466827369,0.004988312031481737,0.004997447786238802,0.005004603491814074,0.005010164763295754,0.005014501010767254,0.005017920534164782,0.005020662740687377,0.0050229052884116065,0.0050247757366847345,0.005026363224441763,0.0050277285603381044,0.00502891230239427,0.005029940791478337,0.005030830734208674,0.005031592437643722,0.005032231997926839,0.0050327528889967145,0.005033156996415676,0.00503344527326792,0.0050336181263298295,0.005033675726781905
0.005033658720560868,0.005033601112352023,0.005033428169794632,0.00503313975873923,0.005032735441192658,0.005032214262315502,0.005031574343061239,0.005030812216845521,0.005029921770542936,0.005028892695650549,0.0050277082899028575,0.005026342173869853,0.005024753823769845,0.005022882405617926,0.005020638789109356,0.005017895411096752,0.0050144746167741314,0.005010137024913193,0.005004574350298679,0.004997417202920603,0.004988280022280522,0.004976887100734292,0.004963357426075945,0.004948748946749512,0.004935836598841127,0.0049291801182082115,0.004929180031565147,0.0049358363328253115,0.004948748502862553,0.004963356831637579,0.0049768863659612975,0.004988279159881696,0.004997416246190192,0.0050045733041642355,0.005010135912160703,0.005014473454161774,0.005017894198182496,0.005020637544577545,0.005022881152128304,0.005024752542353988,0.005026340864772455,0.005027706973626788,0.005028891367641385,0.0050299204212644446,0.005030810863246551,0.0050315729745378625,0.005032212872401924,0.005032734034439421,0.005033138362368943,0.005033426776875124,0.005033599713017715,0.005033657336308392
0.005033639376065445,0.005033581694600515,0.005033408677348601,0.005033120116485963,0.005032715584186931,0.005032194133242959,0.00503155387911758,0.005030791345399308,0.005029900392609089,0.00502887073271753,0.005027685647085694,0.005026318757670152,0.005024729528674938,0.005022857143252147,0.005020612429901741,0.005017867858095039,0.00501444578379682,0.005010106826229675,0.005004542730356255,0.0049973841616639675,0.00498824557947012,0.004976851354103184,0.004963320541920953,0.004948711144458959,0.004935798157985507,0.0049291413572140645,0.004929141288050924,0.0049357979374548815,0.004948710784905999,0.004963320069157977,0.0049768507728681485,0.004988244912455612,0.004997383430887242,0.005004541944644988,0.005010105996413797,0.0050144449271904345,0.005017866990085528,0.005020611574972807,0.005022856285924238,0.0050247286735216464,0.005026317921066997,0.00502768481614753,0.005028869902726625,0.005029899561955114,0.005030790519668597,0.005031553064334148,0.005032193316193637,0.005032714773167908,0.005033119306746764,0.005033407871596411,0.005033580892650139,0.0050336385500610505
0.005033619864554851,0.005033562182989113,0.005033389061549652,0.005033100355217645,0.005032695611465517,0.005032173881281905,0.005031533289891282,0.0050307703209161985,0.005029878848497642,0.005028848587907374,0.0050276627913915465,0.005026295102233269,0.0050247049598508686,0.005022831526979687,0.005020585674042019,0.005017839841126299,0.005014416405346653,0.005010075993180626,0.005004510389520582,0.004997350295311781,0.00498821021859574,0.0049768145930299355,0.004963282555833475,0.004948672162093914,0.004935758492610266,0.004929101349514494,0.004929101292643056,0.0049357583322692826,0.004948671908834978,0.004963282206100368,0.00497681418136633,0.00498820976644465,0.004997349807071397,0.005004509883342879,0.0050100754760531215,0.005014415897525056,0.005017839372350522,0.0050205852336776945,0.005022831112540281,0.005024704584778284,0.00502629476996572,0.0050276624909760936,0.005028848308861104,0.005029878596295958,0.005030770088854646,0.005031533081399589,0.005032173700098602,0.005032695442259801,0.0050331001992672255,0.005033388914048247,0.005033562029922949,0.00503361971214199
0.0050336006485310674,0.005033542920806458,0.005033369721749121,0.005033080864954621,0.005032675905337399,0.005032153909170435,0.00503151295394045,0.005030749541816493,0.005029857559184987,0.005028826669598442,0.005027640169178049,0.005026271643737088,0.0050246805386640935,0.005022806045734816,0.005020558990497803,0.005017811842952007,0.005014386967686333,0.005010045025960863,0.005004477839458036,0.00499731612395155,0.004988174456749511,0.004976777351855892,0.004963243988788093,0.004948632546324679,0.0049357181517107,0.0049290606294745505,0.004929060590012744,0.004935718057143615,0.004948632393599762,0.004963243787367256,0.0049767771279350965,0.004988174230629372,0.004997315897875467,0.005004477633420265,0.005010044870287862,0.005014386865503222,0.005017811789637121,0.005020558998875396,0.005022806125762788,0.005024680697475868,0.0050262718526318155,0.005027640446487402,0.005028827004538104,0.005029857942248596,0.005030749977213401,0.005031513417519647,0.0050321544089076365,0.005032676446154027,0.005033081423073179,0.005033370292964868,0.005033543492494629,0.005033601218845062
0.005033582084424347,0.005033524335387495,0.00503335105588355,0.005033062044398423,0.005032656887524972,0.005032134605316306,0.0050314932922629636,0.005030729461005184,0.00502983694831365,0.00502880545706959,0.0050276182209693645,0.005026248839289624,0.005024656781324772,0.005022781179940526,0.005020532890387699,0.005017784369148659,0.005014358000066782,0.005010014477705533,0.00500444562148042,0.00499728220510382,0.004988138874034384,0.004976740189043191,0.004963205444529714,0.004948592885188353,0.0049356777068487925,0.0049290197831210235,0.004929019781022028,0.004935677674498687,0.004948592834039638,0.004963205405359991,0.004976740167313809,0.004988138885784223,0.004997282274859783,0.005004445766250552,0.005010014712606384,0.005014358323595817,0.0050177847801561775,0.005020533398093349,0.005022781798741698,0.005024657497640679,0.005026249665717319,0.0050276191282572465,0.005028806453554436,0.0050298380349897,0.00503073060679403,0.005031494508897932,0.005032135868617541,0.005032658195419852,0.00503306339061495,0.005033352399953994,0.0050335257060169425,0.005033583462755821
0.005033564613391621,0.0050335068471003665,0.005033333473266371,0.005033044326961873,0.0050326389726466055,0.00503211641808032,0.005031474773516205,0.005030710522390768,0.0050298175108485135,0.005028785396795746,0.005027597434440684,0.00502622722005609,0.005024634179705781,0.005022757457514777,0.005020507907075223,0.005017757977370691,0.005014330088323453,0.005009984921427642,0.005004414331272217,0.004997249151056221,0.004988104074722026,0.004976703741231195,0.00496316754096903,0.0049485538022344,0.00493563779659526,0.004928979461601654,0.004928979473366945,0.004935637833632715,0.004948553876492629,0.0049631676667453856,0.004976703940157601,0.004988104358610977,0.004997249552970697,0.005004414850674134,0.005009985563877217,0.00501433087012459,0.005017758898688611,0.0050205089715359315,0.005022758661516482,0.005024635518628333,0.005026228699798154,0.005027599041171116,0.00502878712553362,0.005029819334838108,0.0050307124591759894,0.005031476801207315,0.005032118517997137,0.005032641125106457,0.005033046521002399,0.0050333356896524245,0.005033509082151352,0.005033566882171945
0.005033548677026946,0.005033490877610397,0.0050333174221236735,0.005033028161639214,0.005032622618055083,0.005032099821611183,0.005031457867735297,0.005030693216612835,0.005029799707479509,0.005028767008657598,0.005027578336131947,0.005026207298520267,0.005024613276609745,0.005022735442034503,0.005020484618456403,0.005017733282123131,0.005014303832967529,0.005009956977673799,0.005004384607482266,0.004997217606531826,0.004988070716994376,0.0049766686791410915,0.0049631309559481935,0.004948515977680884,0.004935599110665734,0.004928940334507541,0.004928940369980557,0.004935599230632773,0.004948516185107991,0.004963131269362649,0.004976669117757878,0.004988071308846218,0.0049972183515782104,0.0050043855268871295,0.005009958067750911,0.005014305107384652,0.005017734760271086,0.005020486284423769,0.005022737288740718,0.005024615302885804,0.005026209487865543,0.005027580706238912,0.005028769517417065,0.005029802366098182,0.005030696000737982,0.005031460767278157,0.005032102817637245,0.005032625689559861,0.005033031282083892,0.005033320595361898,0.00503349408208478,0.0050335518806012836
0.00503353472109706,0.005033476883834416,0.0050333033776965444,0.005033014010831917,0.005032608309458427,0.005032085299907105,0.0050314430481079205,0.005030678035248665,0.005029784073930041,0.00502875080586472,0.00502756147813337,0.005026189622061204,0.005024594660293461,0.00502271572956543,0.005020463653371027,0.00501771089817947,0.005014279876711731,0.005009931307186412,0.0050043571336721515,0.004997188264985175,0.004988039521990111,0.004976635711636131,0.004963096410008413,0.004948480149346796,0.004935562386959031,0.004928903148155489,0.004928903215459392,0.004935562587498158,0.0049484805074830026,0.004963096932416449,0.004976636417496397,0.00498804041979501,0.004997189384385595,0.005004358485842336,0.0050099328913863145,0.0050142817080738875,0.005017712969938492,0.0050204659633997,0.005022718268488364,0.005024597426826162,0.005026192603018106,0.005027564658025356,0.005028754189195612,0.005029787620230239,0.005030681745420176,0.005031446893829065,0.005032089260388768,0.0050326123641591565,0.005033018147745863,0.005033307592099518,0.005033481127366315,0.005033538920763074
0.005033523204146996,0.005033465363992127,0.005033291819704111,0.005033002359642394,0.005032596526568551,0.005032073326743905,0.005031430841302994,0.005030665503790112,0.005029771130595219,0.0050287373634753385,0.005027547408298189,0.005026174796035425,0.005024578941222454,0.005022698945899409,0.005020445642988501,0.00501769148733337,0.005014258903080255,0.005009908632343322,0.005004332633077854,0.004997161872297558,0.004988011231830264,0.004976605611593699,0.004963064686884112,0.0049484471104838,0.004935528409618008,0.004928868696430274,0.00492886879036205,0.0049355287056980866,0.004948447622613332,0.00496306543440754,0.004976606592061391,0.0049880124765394294,0.004997163401711085,0.005004334449798157,0.0050099107588972595,0.0050142613285070955,0.005017694207043401,0.0050204486513076305,0.005022702236533623,0.005024582504226361,0.00502617862788686,0.005027551485896735,0.005028741669228633,0.0050297756552612405,0.005030670206494465,0.005031435705857848,0.005032078342069605,0.005032601658088404,0.005033007599907406,0.0050332971301868985,0.005033470692261674,0.005033528540625113
0.0050335146483744255,0.0050334568059846735,0.005033283216233603,0.00503299369856499,0.005032587769832213,0.005032064440063508,0.00503142175568027,0.005030656158324858,0.005029761442370946,0.005028727245747482,0.005027536727660165,0.005026163438283836,0.0050245667390552366,0.0050226857444396,0.005020431262140162,0.005017675762328699,0.0050142416524088865,0.005009889690333099,0.005004311876611295,0.004997139216357904,0.0049879866537372195,0.004976579195249046,0.004963036628219264,0.004948417686721528,0.004935498027113731,0.004928837824868908,0.004928837950999077,0.00493549843087784,0.004948418370670847,0.004963037602039511,0.004976580494300548,0.004987988280602403,0.004997141179218725,0.005004314207284372,0.005009892389094618,0.00501424470766223,0.005017679180658772,0.005020435032948397,0.0050226898516972885,0.005024571173040041,0.005026168185574165,0.005027541764688273,0.005028732561493589,0.005029767012100935,0.005030661938851832,0.005031427729673651,0.005032070586892576,0.005032594074928418,0.005033000115382208,0.005033289693159095,0.005033463331551918,0.005033521238770808
0.005033509532684158,0.005033451676246661,0.005033278088819915,0.005032988540999469,0.005032582561243352,0.005032059142636568,0.005031416335583622,0.005030650548953117,0.005029755586994054,0.005028721035210123,0.005027530057576841,0.005026156169892915,0.005024558719718421,0.005022676809041088,0.005020421243879831,0.00501766446182475,0.005014228879112381,0.005009875279861398,0.005004295677051931,0.00499712111628662,0.004987966646926151,0.0049765573511546006,0.004963013105186534,0.004948392783926721,0.004935472144596108,0.004928811439299232,0.004928811622449394,0.0049354726579011665,0.004948393652627932,0.00496301434568747,0.004976558977471372,0.004987968683439705,0.004997123571839822,0.005004298551364769,0.005009878585184483,0.0050142326203355,0.0050176686252512885,0.005020425830004479,0.00502268180445328,0.005024564098454575,0.005026161903037423,0.005027536139666625,0.005028727438203019,0.0050297622780289845,0.005030657497290255,0.005031423511608614,0.0050320665299128575,0.005032590108798965,0.005032996195374392,0.005033285847324695,0.00503345955224114,0.005033517382331758
0.0050335083390534606,0.005033450516307335,0.005033276933016086,0.005032987391238021,0.005032581407911028,0.005032057980881417,0.0050314151170827515,0.005030649253057913,0.005029754140728699,0.005028719346165515,0.0050275280243784635,0.005026153648159711,0.005024555571272563,0.005022672875108457,0.0050204163232449766,0.005017658354358215,0.005014221392697954,0.005009866220643885,0.005004284875315543,0.00499710848034706,0.0049879521318247156,0.004976540996590924,0.004962995071464636,0.004948373358582296,0.004935451730086475,0.004928790538242501,0.004928790738185096,0.0049354523665894115,0.004948374434530446,0.00496299659258522,0.004976542981292865,0.004987954604025416,0.004997111454583104,0.005004288345779155,0.005009870191429131,0.005014225868820158,0.0050176633303258495,0.005020421784419753,0.005022678813020213,0.005024561963952867,0.005026160460478964,0.005027535227977102,0.005028726916457746,0.005029762038887791,0.005030657463792118,0.00503142360906214,0.005032066689602861,0.005032590279591135,0.005032996412170684,0.005033286108575729,0.005033459732591132,0.005033517599278003
0.0050335116157264855,0.005033453799045501,0.0050332802482568354,0.005032990758925398,0.005032584846050659,0.0050320614749077425,0.0050314186784435125,0.005030652845144066,0.005029757699016324,0.005028722800930005,0.005027531264545917,0.005026156560274173,0.005024558021884491,0.0050226746653076575,0.0050204172677000385,0.005017658249574863,0.005014220023650991,0.005009863384729509,0.005004280406210252,0.004997102250496206,0.004987944064808572,0.004976531117367043,0.00496298353635019,0.0049483604457629836,0.004935437825372945,0.004928776110391161,0.004928776364937913,0.004935438583743142,0.004948361729117273,0.004962985364688518,0.004976533493059118,0.004987947004408353,0.004997105761708974,0.005004284517789331,0.005009868084678202,0.005014225302171273,0.005017664097139942,0.005020423679454913,0.005022681619208954,0.005024565493953071,0.005026164527330765,0.005027539680514354,0.005028731623232524,0.005029766910821892,0.005030662415347896,0.005031428568819303,0.005032071596430156,0.005032595175203695,0.005033001290050188,0.005033290874601294,0.00503346449912339,0.0050335223922345134
0.005033519823836108,0.0050334620198498,0.005033288541866872,0.0050329991609604045,0.005032593389129605,0.005032070193851584,0.005031427581148885,0.005030661895893646,0.005029766864778011,0.005028732021094593,0.005027540454005888,0.00502616561503044,0.005024566770131248,0.005022682945688428,0.005020424884838638,0.005017664985928286,0.00501422565965066,0.005009867706856465,0.005004283231211064,0.004997103402824001,0.004987943458928687,0.0049765287757597195,0.0049629795834536024,0.00494835512411921,0.004935431502754215,0.004928769297040793,0.004928769598197203,0.004935432408630766,0.0049483566356500145,0.004962981724042827,0.0049765315708974,0.004987946900256944,0.00499710751146489,0.005004288018675966,0.005009873179460753,0.005014231798717564,0.005017671779124014,0.005020432319612423,0.005022691002866023,0.005024575403076098,0.005026174810212314,0.00502755016385109,0.005028742213688806,0.005029777493379931,0.00503067292648848,0.005031438940011093,0.005032081854465831,0.005032605317923121,0.005033011256286546,0.005033300760630889,0.0050334743600890875,0.005033532151103797
0.005033533442814971,0.0050334756895656285,0.0050333023084049066,0.0050330131062653665,0.005032607579273646,0.005032084678162844,0.005031442362334679,0.00503067698401763,0.005029782248946983,0.0050287476603687814,0.005027556267778632,0.005026181494733593,0.005024582574183478,0.00502269850843011,0.00502044000625727,0.005017679442583075,0.005014239224748075,0.005009880157659108,0.005004294331390698,0.004997112977347306,0.004987951416106045,0.00497653508811683,0.004962984341716658,0.00494835854518886,0.004935433963943457,0.004928771268034483,0.004928771623039729,0.004935435018653687,0.004948360305495805,0.004962986828267001,0.004976538315347212,0.004987955402248128,0.0049971177365000785,0.0050042998508692945,0.005009886446633696,0.005014246286368408,0.0050176872529615075,0.005020448539253981,0.005022707732503106,0.005024592469990315,0.005026192009616413,0.0050275673813476515,0.005028759306682807,0.005029794400396772,0.005030689579448408,0.005031455325612739,0.005032097994169758,0.005032621170635682,0.00503302690429989,0.005033316283029294,0.0050334897046477286,0.005033547561502785
0.005033552995755608,0.00503349526790221,0.005033322047569961,0.00503303310590008,0.005032627927974624,0.0050321054362404615,0.005031463576796339,0.005030698699841669,0.005029804476253613,0.0050287703472587895,0.005027579379558444,0.0050262049254764345,0.00502460619715904,0.0050227221632293175,0.00502046348679544,0.005017702528123593,0.005014261678462609,0.0050099017207478795,0.0050043147612022915,0.0049971321004614695,0.004987969075166084,0.004976551230012033,0.0049629990246369375,0.00494837196664288,0.0049354464513570034,0.004928783294686101,0.004928783698415152,0.004935447663590691,0.004948373990867748,0.0049630018795833244,0.004976554930964949,0.0049879736448752935,0.004997137542239736,0.005004321078941301,0.005009908897686766,0.005014269721474122,0.00501771141987518,0.005020473187978302,0.0050227326521519716,0.005024617440157553,0.005026216870705442,0.0050275919822062405,0.0050287835624288684,0.005029818253345693,0.005030712965429169,0.005031478288258352,0.005032120507550276,0.0050326433073928966,0.005033048757998055,0.0050333378356808255,0.005033511200041421,0.005033568909441911
0.00503357890030691,0.005033521249182389,0.005033348237513858,0.005033059642599734,0.00503265492690666,0.005032132986851833,0.005031491786445423,0.00503072762521475,0.005029834120566279,0.005028800738235956,0.005027610469270299,0.0050262366319390765,0.005024638416549474,0.0050227547321233254,0.005020496201877782,0.005017735176034929,0.0050142940030104876,0.005009933444308398,0.005004345654478011,0.00499716191838428,0.00498799764620392,0.004976578462327007,0.004963024932827588,0.004948396700423207,0.004935470319678136,0.004928806718739746,0.004928807175575465,0.004935471693965761,0.0049483990118283725,0.004963028181320274,0.004976582675486397,0.004988002839718988,0.0049971680933705385,0.0050043528089764805,0.005009941582465502,0.005014303097508796,0.005017745222283605,0.005020507168275951,0.005022766570961159,0.005024651095539856,0.005026250098619096,0.005027624671653333,0.005028815647868801,0.005029849632714361,0.005030743684473028,0.005031508348230402,0.005032149955748097,0.005032672252500533,0.005033077224972869,0.005033366050395102,0.005033539133526953,0.005033596861078968
0.005033611639285217,0.005033554079315619,0.005033381339207209,0.005033093180100183,0.005032689051487557,0.005032167857748743,0.005031527512892742,0.005030764291234354,0.0050298718034669475,0.005028839458803146,0.005027650212449402,0.005026277351328459,0.005024680009904104,0.005022797037962089,0.005020539056207864,0.005017778347811357,0.005014337216537492,0.005009976444187284,0.005004388157057655,0.004997203658591684,0.0049880384111589855,0.004976618115412046,0.004963063441847491,0.004948434171863117,0.0049355069945213065,0.004928842996766841,0.00492884350817981,0.00493550855461831,0.0049484367823592395,0.004963067117547564,0.004976622879371249,0.0049880442692885225,0.004997210607175038,0.005004396211592258,0.0050099855969497125,0.005014347448831046,0.0050177896306844655,0.0050205513658955385,0.005022810325726539,0.005024694214766321,0.005026292450908019,0.005027666154776352,0.005028856144805236,0.005029889171000944,0.0050307823026179655,0.005031546039059802,0.005032186865339265,0.005032708439426597,0.005033112891165412,0.005033401238166104,0.005033574138082075,0.005033631720662679
0.0050336516366576815,0.005033594185596816,0.005033421774188375,0.0050331341585258685,0.005032730780569443,0.00503221051299435,0.005031571259457103,0.005030809257518774,0.005029918092148083,0.005028887133360814,0.0050276992877074335,0.005026327798376174,0.005024731741132377,0.005022849946283056,0.005020592964032943,0.005017833013418803,0.005014392398141913,0.00501003185420407,0.005004443473114062,0.004997258600293991,0.004988092724422538,0.004976671610714859,0.004963116031624278,0.0049484858880977055,0.0049355580275520766,0.004928893684214041,0.004928894272301698,0.00493555978081668,0.004948488818072871,0.004963120163352073,0.004976676957303059,0.004988099284742847,0.004997266394384477,0.005004452488370761,0.005010042082878846,0.0050144038352908605,0.005017845623092732,0.005020606698796823,0.0050228647728735275,0.005024747610264427,0.005026344657751823,0.005027717044603792,0.005028905715695296,0.005029937494763021,0.005030829303118979,0.005031591918620237,0.005032231691625856,0.005032752402718637,0.005033156101231655,0.005033443971975344,0.005033616512115744,0.0050336739951572056
0.005033699271571188,0.00503364195182958,0.005033469946061657,0.005033183000096698,0.005032780535102426,0.005032261416154248,0.005031623506951255,0.005030863042971592,0.005029973547579035,0.0050289443605985255,0.005027758338240723,0.005026388678488544,0.005024794410524036,0.005022914304693407,0.005020658831904959,0.005017900197366303,0.005014460637348774,0.005010100822934388,0.005004512873234661,0.00499732809931106,0.004988162020198717,0.004976740464712343,0.004963184270381311,0.004948553475764744,0.004935625081172753,0.004928960481946631,0.0049289611337826784,0.004935627036859322,0.0049485567557465224,0.0049631888856806845,0.004976746415648091,0.004988169347652735,0.004997336781184517,0.005004522916602065,0.005010112213273324,0.005014473351083685,0.005017914212808129,0.005020674101895969,0.0050229307762639785,0.005024812053860938,0.005026407391775179,0.0050277780306856625,0.005028965043983831,0.005029995037857334,0.005030885303296969,0.005031646441932397,0.005032284929051135,0.0050328045178024165,0.005033207360566187,0.005033494570157929,0.005033666718483995,0.005033724123623896
0.005033754891487682,0.005033697739030748,0.0050335262236615875,0.005033240077589802,0.005032838718314999,0.005032320977344489,0.005031684722483939,0.005030926120758907,0.005030038691742191,0.005029011712470335,0.005027828003247356,0.005026460699342565,0.005024868782349592,0.0050229909386708,0.005020737604899514,0.0050179809149361815,0.005014543018965531,0.005010184592347559,0.005004597672610189,0.004997413567590754,0.004988247825082993,0.004976826269330537,0.0049632698444808925,0.004948638696511171,0.004935709961823465,0.00492904519798399,0.00492904591298254,0.004935712130942125,0.004948642340966419,0.004963274967718251,0.004976832891912709,0.0049882559427399005,0.004997423207087238,0.005004608805851006,0.005010197217529204,0.00501455711034543,0.005017996424863798,0.005020754505825715,0.005023009184609123,0.005024888288057894,0.005026481369552542,0.00502784983951068,0.005029034548817522,0.005030062468279385,0.005030950745357822,0.00503171007802846,0.005032346975010976,0.00503286524091534,0.005033267008788676,0.005033553432367074,0.0050337251714616515,0.005033782361037304
0.005033818818511259,0.005033761859497393,0.00503359092269037,0.005033305729870004,0.005032905674063863,0.005032389588085284,0.005031755294026099,0.005030998944395115,0.005030114017630516,0.005029089743990505,0.0050279088795789,0.005026544528689053,0.005024955590591168,0.005023080690541719,0.005020830207933095,0.005018076170278645,0.005014640712382744,0.005010284396379501,0.005004699228323259,0.004997516506345246,0.004988351720682452,0.004976930745199103,0.00496337457530377,0.00494874344412977,0.004935814612261926,0.004929149805783203,0.004929150604577456,0.004935817006294277,0.004948747466148605,0.004963380250842952,0.0049769380677781565,0.004988360699520204,0.004997527150220182,0.00500471153586891,0.0050102983327852115,0.005014656253095376,0.005018093284683571,0.005020848858080972,0.0050231008108277365,0.005024977059890936,0.005026567356056946,0.005027932928593331,0.005029114907130503,0.005030140236018495,0.0050310260750634,0.005031783248660966,0.005032418250307845,0.005032934901108111,0.005033335390981197,0.005033620960723145,0.0050337920755100275,0.005033849054136746
0.00503389130281247,0.005033834579225209,0.005033664314666718,0.005033380230370145,0.005032981709278534,0.005032467567522452,0.005031835589610336,0.00503108192131752,0.005030199977422421,0.005029178935314083,0.005028001534036403,0.005026640802822623,0.005025055554899235,0.005023184376639238,0.005020937532268117,0.005018187020098065,0.005014754838843079,0.005010401505809508,0.005004818973383229,0.004997638449510385,0.004988475410187923,0.004977055727460878,0.004963500412442223,0.004948869761239691,0.00493594115277918,0.004929276486772279,0.0049292773638536435,0.004935943800037618,0.004948874199978419,0.004963506656827431,0.004977063796860745,0.0049884853063251414,0.0049976501699141454,0.005004832513756517,0.005010416841188369,0.005014771928206967,0.0050182058485415595,0.005020958042930971,0.005023206445873467,0.005025079186877727,0.005026665880579468,0.005028027941245988,0.00502920662114531,0.005030228755053606,0.0050311117489968155,0.005031866324344103,0.005032499050884675,0.005033013827382507,0.005033412878038819,0.005033697293862438,0.005033867750059431,0.005033924585200911
0.005033972563640008,0.005033916093735321,0.005033746609504897,0.005033463806270684,0.005033067071048838,0.005032555184556887,0.005031925929336641,0.005031175387873703,0.005030296941698179,0.005029279748172479,0.005028106491476189,0.005026750100725901,0.005025169359437693,0.00502330275111485,0.005021060497617406,0.0050183144459385425,0.005014886550611271,0.005010537234668844,0.0050049583455817935,0.004997781025853129,0.00498862069121539,0.004977203161654977,0.004963649453024999,0.004949019881671917,0.004936091921252418,0.004929427616587785,0.004929428585986956,0.00493609484633936,0.00494902475162031,0.004963656316373008,0.004977212022419571,0.004988631552521108,0.0049977938896452485,0.005004973194900481,0.005010554051271133,0.00501490531191424,0.005018335091384576,0.005021082927098301,0.005023326974578615,0.0050251952693411185,0.005026777543284328,0.005028135465583959,0.005029310055757023,0.005030328520158689,0.005031208067739581,0.00503195958983288,0.005032589715669559,0.00503310230978631,0.005033499564692928,0.00503378274546759,0.005033952497595187,0.005034009058920499
0.005034062720180082,0.005034006553738728,0.005033837952136921,0.00503355662442814,0.005033161939050472,0.005032652664287938,0.0050320265330808574,0.005031279613370616,0.005030405252006176,0.0050293925792101015,0.005028224183825969,0.00502687295801911,0.005025297613594856,0.005023436574707844,0.005021199917836404,0.005018459445461784,0.005015036994615357,0.00501069288106663,0.0050051188444994385,0.004997945925832869,0.00498878943509156,0.004977375134597018,0.004963823973065884,0.004949196242959139,0.004936269491154859,0.00492960583475676,0.004929606908804748,0.004936272686511815,0.004949201597111443,0.004963831484758887,0.00497738483450102,0.00498880132371925,0.004997959988759084,0.00500513508707641,0.0050107112852615905,0.005015057514000417,0.005018481986521065,0.005021224465267854,0.00502346306610915,0.005025325887832736,0.005026903017995361,0.005028255807994833,0.005029425743435397,0.005030439761144981,0.005031315337743831,0.005032063373238006,0.005032690419232632,0.00503320045255265,0.005033595735304419,0.00503387750681878,0.005034046388513341,0.005034102633283282
0.005034161855377752,0.005034106022409939,0.005033938428740791,0.005033658782929548,0.005033266434351486,0.005032760120561126,0.0050321375665407534,0.0050313948050760195,0.005030525171998274,0.005029517720002585,0.005028354987934778,0.005027009833871628,0.0050254408933087975,0.0050235864765732505,0.0050213566038973135,0.005018622965649051,0.0050152072863033975,0.005010869751564081,0.005005301983184401,0.00499813487620811,0.004988983630907466,0.004977573871930564,0.0049640264270209835,0.004949401539374972,0.004936476702866632,0.0049298140807056585,0.004929815233378042,0.004936480201673099,0.004949407387224271,0.004964034637373174,0.004977584456307996,0.0049889965969518784,0.004998150225155592,0.0050053197130560554,0.005010889828544311,0.005015229635243932,0.0050186475654646285,0.005021383411482561,0.00502361530991913,0.005025471783291942,0.005027042569857397,0.005028389533389836,0.005029553854627028,0.005030562811021932,0.005031433834197915,0.005032177746435791,0.005032801306910254,0.005033308459034362,0.005033701487912098,0.005033981634647947,0.005034149494818253,0.005034205408007713
0.005034269956795215,0.005034214502237122,0.005034048051976194,0.005033770296074325,0.005033380574908038,0.00503287760806213,0.005032259108814933,0.005031521099492779,0.005030656855903391,0.005029655380949271,0.005028499206633945,0.00502716110329638,0.005025599640631316,0.005023753056279588,0.005021531281965661,0.00501880588975306,0.00501539848437251,0.0050110691236037765,0.0050055092718397426,0.004998349675273193,0.004989205348651768,0.004977801738671483,0.004964259504690691,0.004949638713223594,0.004936716729817333,0.004930055602899378,0.004930056875377268,0.0049367205300628395,0.004949645084332995,0.004964268443201254,0.004977813259609611,0.004989219462862381,0.004998366396029854,0.005005528571635333,0.005011090947308148,0.005015422809088204,0.005018832689976,0.005021560390091938,0.005023784497049922,0.005025633206776525,0.005027196780248264,0.005028536765516295,0.005029694729106331,0.005030697871050886,0.005031563564038688,0.005032302873412217,0.005032922473099752,0.005033426369017146,0.005033816836813403,0.0050340951037953245,0.005034261861778376,0.005034317425877148
0.0050343869412046134,0.0050343319153179945,0.005034166733414671,0.00503389109087211,0.005033504300315218,0.005033005093591941,0.0050323911717250775,0.005031658511470338,0.005030800354670509,0.005029805706443186,0.005028657011487378,0.0050273270235898495,0.005025774226841964,0.005023936799618869,0.005021724567404042,0.0050190090005486935,0.005015611583801725,0.0050112922256788685,0.005005742225116275,0.00499859212878276,0.004989456737575129,0.00497806126967111,0.004964526102163121,0.004949911024481384,0.004936993080913964,0.004930334125934953,0.004930335503169393,0.004936997228815872,0.004949917930062723,0.004964535806022909,0.004978073785496408,0.00498947208550398,0.004998610286302135,0.0050057631589552655,0.005011315921413114,0.005015638029810096,0.005019038050652316,0.005021756222284998,0.005023970890284978,0.0050258107406973285,0.0050273657301616054,0.005028697828092209,0.005029848497983332,0.005030844896779226,0.005031704665901099,0.00503243875374458,0.0050330539047212875,0.00503355411704269,0.005033941692967921,0.00503421790621552,0.005034383433451618,0.0050344385849765425
0.005034512635634289,0.005034458079637756,0.00503429430591988,0.0050340209945173445,0.005033637472220329,0.005033142462409661,0.005032533636120368,0.005031806950861054,0.0050309556512534576,0.005029968674499865,0.005028828478616373,0.00502750773079467,0.0050259648890730165,0.005024138050515691,0.005021936949088318,0.005019232978728879,0.005015847474325069,0.005011540209614679,0.005006002289520165,0.004998864040518586,0.004989740032214709,0.004978355134827043,0.004964829364169157,0.004950222049832511,0.004937309753316284,0.0049306538035692555,0.004930655303863221,0.004937314243972675,0.004950229534308832,0.004964839882244127,0.0049783687041245,0.004989756661977759,0.004998883711911035,0.00500602496624853,0.005011565909473582,0.005015876091658902,0.005019264481339973,0.005021971223650077,0.00502417505030167,0.00502600441678896,0.005027549720199093,0.005028872778355706,0.005030015048892481,0.005031003982900787,0.005031857059216649,0.005032585290092273,0.005033195450657788,0.005033691576024,0.005034075949485614,0.005034349879183227,0.005034514039830628,0.0050345687280567595
0.005034646770118586,0.005034592724308502,0.005034430494561539,0.005034159762804666,0.0050337798528310145,0.005033289471435146,0.0050326862797868445,0.005031966237745607,0.005031122553835384,0.005030144183712215,0.005029013518907729,0.005027703227300447,0.005026171709115458,0.005024356992280034,0.0050221687807657876,0.005019478330151141,0.005016106900152876,0.0050118140913313096,0.005006290823692726,0.004999167212182774,0.004990057490307719,0.004978686138751093,0.004965172674426968,0.004950575779444216,0.004937671204899524,0.004931019361932472,0.004931020973342971,0.004937676048293298,0.004950583890864264,0.00496518405321847,0.004978700811018468,0.00499007546119143,0.004999188467878079,0.0050063153756703315,0.005011841860915194,0.005016137846426939,0.005019512396009017,0.0050222058821649575,0.005024396969295728,0.005026214512980595,0.005027748700491777,0.005029061428617398,0.005030194427693575,0.005031174948126266,0.00503202052752389,0.005032742262665927,0.005033346925410108,0.005033838506760823,0.005034219365201535,0.005034490783965959,0.005034653428218984,0.005034707618846227
0.0050347889654329125,0.0050347354824767585,0.005034574947383878,0.005034307041828245,0.005033931081068071,0.005033445768748206,0.005032848769968075,0.0050321360362037375,0.005031300789135502,0.0050303319469594005,0.005029211918706471,0.0050279133401246075,0.0050263945774748145,0.005024593650489333,0.00502242017674058,0.005019745383295579,0.00501639040784884,0.005012114723125522,0.0050066090797201935,0.004999503333959577,0.004990411363179117,0.004979057193785709,0.004965559689164754,0.004950976603916014,0.004938082437359185,0.004931436124956482,0.004931437862756932,0.004938087672666173,0.004950985351279665,0.0049655719702198274,0.004979073034884698,0.0049904307352095535,0.004999526278822093,0.005006635565147458,0.00501214467958461,0.005016423828376046,0.005019782161893096,0.005022460195227058,0.005024636872206672,0.005026440824615166,0.005027962422814961,0.0050292637394271904,0.005030386311754238,0.00503135744759439,0.005032194792843597,0.005032909381184371,0.005033507962291074,0.005033994596829166,0.005034371605328256,0.0050346402730985,0.0050348012602711815,0.005034854885433345
0.005034938763275015,0.005034885892303846,0.005034727199560235,0.005034462358790716,0.005034090681357522,0.005033610888210579,0.005033020643433356,0.005032315911617426,0.0050314898962229284,0.005030531550074543,0.005029423272063429,0.005028137699629643,0.0050266332037336835,0.005024847783927565,0.0050226910622822975,0.005020034212920785,0.0050166983117916055,0.005012442737221606,0.005006958079308396,0.004999873941027009,0.004990803859027092,0.00497947130494621,0.00496599429453538,0.00495142932027089,0.004938549037435269,0.004931910129924395,0.004931912012725229,0.0049385546729865505,0.0049514387362635725,0.00496600752922908,0.00497948833502477,0.004990824743259015,0.004999898655553693,0.005006986567022063,0.00501247503580833,0.005016734289940414,0.005020073822098972,0.005022734254594437,0.005024894375085575,0.005026683049723553,0.005028190686811777,0.00502947922138188,0.0050305902379707505,0.00503155111941141,0.005032379412427676,0.0050330861659450225,0.005033678148220049,0.005034159398682998,0.005034532223406006,0.0050347978848311785,0.005034957078098277,0.005035010110496559
0.005035095588960567,0.005035043384831785,0.005034886672861907,0.005034625119204189,0.005034258074350743,0.005033784247445131,0.005033201317100841,0.005032505247174682,0.005031689285387101,0.0050307423873507855,0.005029646986160611,0.005028375734967318,0.005026887043174367,0.005025118940043045,0.005022981067093847,0.0050203446024013115,0.0050170306238862495,0.005012798448076631,0.005007338560345997,0.005000280384407274,0.004991237065157192,0.0049799314704901,0.004966480559928931,0.004951939143156465,0.004939077230253092,0.004932448124980475,0.004932450135952118,0.004939083287341571,0.004951949280698428,0.004966494753466312,0.004979949788698588,0.004991259513674305,0.005000306909055187,0.005007369234299152,0.005012833122450282,0.005017069314015276,0.005020387250981919,0.005023027513915154,0.00502516908412718,0.0050269407442239955,0.005028432834280752,0.0050297072824922835,0.005030805688474748,0.005031755337224272,0.0050325737936494095,0.005033272062592905,0.005033856919352836,0.005034332342109642,0.005034700632543957,0.005034963086078328,0.005035120351056843,0.005035172759203783
0.005035258770547124,0.005035207272151658,0.0050350526585014824,0.005034794643304673,0.005034432561792201,0.005033965127912118,0.005033390044435071,0.0050327033061394215,0.0050318981826263185,0.005030963679266154,0.00502988225487618,0.00502862664835724,0.005027155308709504,0.005025406359773443,0.005023289496772671,0.005020675997526125,0.005017386977312503,0.005013181796104966,0.005007750946690561,0.005000723676158326,0.004991712834984249,0.00498044060689418,0.0049670226968704535,0.004952511665083986,0.004939673822082131,0.004933057566634857,0.0049330597328770456,0.004939680333576057,0.004952522504561514,0.004967037937167827,0.00498046026723871,0.004991736873727207,0.005000752179477348,0.005007783792158005,0.005013219036307142,0.005017428530802703,0.005020721761990969,0.005023339395826366,0.005025460253260795,0.005027213073086098,0.005028688076449597,0.005029947166123698,0.00503103184870664,0.00503196936567431,0.005032777205793089,0.005033466372245861,0.0050340435507514715,0.005034512733912723,0.005034876203535812,0.005035135217998709,0.005035290428635019,0.005035342137991332
0.0050354275019534175,0.005035376736370517,0.0050352243733517935,0.005034970121525862,0.005034613303874597,0.0050341526789814085,0.005033585958202295,0.0050329091778493484,0.005032115653350246,0.0050311944307540974,0.0050301280774176825,0.005028889378934746,0.0050274369302844655,0.005025708954652716,0.005023615317807689,0.005021027430982255,0.005017766575677274,0.00501359230098083,0.005008195162055171,0.005001204417507498,0.004992232688510224,0.004981001451986607,0.004967624931766929,0.0049531527435377415,0.004940346164509692,0.004933746604549015,0.004933748923120663,0.004940353109786175,0.004953164356886618,0.0049676412612794565,0.0049810224558212764,0.00499225847013106,0.005001234879653738,0.005008230364539642,0.0050136322009579765,0.005017811091942764,0.005021076483241552,0.005023668825423897,0.005025766816857769,0.00502749894459821,0.005028955367543355,0.005030197857959875,0.0050312677729293835,0.0050321922671241704,0.0050329887703207555,0.005033668208146102,0.005034237240524084,0.005034699793871549,0.0050350581405718626,0.005035313494479645,0.005035466520458585,0.005035517489413147
0.005035600854379861,0.005035550879298611,0.005035400901468891,0.005035150600340396,0.005034799354604131,0.005034345913609462,0.00503378803710539,0.00503312179960916,0.005032340563527879,0.005031433484625896,0.00503038318981189,0.005029162620659597,0.005027730522884494,0.005026025311931637,0.0050239570756059355,0.005021397486171591,0.005018168152422878,0.005014028907768128,0.00500867059901879,0.00500172268189789,0.004992797667981383,0.0049816164005191494,0.004968291340983305,0.004953868382583171,0.004941101979073774,0.004934523883320818,0.004934526354326236,0.0049411093933729566,0.0049538808092831925,0.004968308736527602,0.004981638887081873,0.004992825150233246,0.005001755266716158,0.005008708245345778,0.005014071550968302,0.005018215757051591,0.005021449991443484,0.005024014394647968,0.005026087287006995,0.005027796990021532,0.005029233431039778,0.0050304581172665635,0.0050315122773274545,0.0050324229334670475,0.005033207436694853,0.005033876602533084,0.005034437019644231,0.0050348925879682175,0.005035245513120434,0.005035497030240604,0.00503564774720451,0.005035697955499325
0.005035777808329133,0.005035728675460023,0.005035581173773292,0.005035335034693101,0.005034989616451126,0.005034543714995595,0.005033995115637304,0.005033339935172719,0.005032571636833339,0.005031679439062208,0.0050306461161195035,0.005029444790987871,0.00502803439280501,0.005026353624990028,0.005024312893977135,0.005021784285343619,0.005018589858591282,0.005014489972013764,0.00500917600318749,0.005002277857366431,0.004993408194502179,0.00498228730452562,0.004969025657379097,0.004954664462313915,0.0049419491368738345,0.004935398343455212,0.004935400960050928,0.004941957063583145,0.004954677668696167,0.004969044251890641,0.004982311206517654,0.0049934375404965346,0.005002312620205969,0.005009216137611137,0.005014535472552315,0.005018640702893359,0.00502184039664521,0.00502437415678399,0.005026419904024683,0.00502810555928833,0.005029520654537361,0.0050307264577839515,0.005031763981982661,0.005032660107563797,0.005033431999841025,0.005034090394102202,0.005034641791440226,0.005035090039482268,0.0050354373166117275,0.00503568481694308,0.00503583312463715,0.005035882540590445
0.005035957218713096,0.005035908939479182,0.005035764037701578,0.005035522221818161,0.005035182882746045,0.005034744825828851,0.005034205872217716,0.005033562217246487,0.0050328073796332825,0.00503193071019898,0.00503091515784369,0.005029734015163731,0.005028346523443847,0.005026691722145176,0.005024680476734031,0.005022185405932294,0.005019029261956481,0.00501497316129608,0.0050097093615100044,0.005002868553682402,0.0049940638671606185,0.004983015266421479,0.004969830995317315,0.004955546442526427,0.0049428953123866045,0.004936378783071327,0.0049363815974123775,0.0049429037138182365,0.004955560524448429,0.0049698507140180865,0.004983040752981487,0.00499409509639727,0.0050029055057730755,0.00500975209529116,0.005015021654358777,0.005019083450167104,0.005022245238478204,0.0050247458387831295,0.005026762517739082,0.005028422597651164,0.0050298151747277,0.005031001175951635,0.005032021343701946,0.005032902305080091,0.0050336610886726725,0.005034308282052428,0.005034850326832131,0.005035290983432952,0.005035632406690728,0.0050358757250705075,0.005036021540730367,0.005036070130703537
0.0050361377805420654,0.0050360904032693415,0.005035948187776542,0.005035710856334328,0.005035377801568922,0.005034947848883004,0.005034418864151684,0.005033787091787242,0.005033046150237957,0.005032185539207999,0.0050311883532358015,0.0050300281816371,0.005028664589336817,0.005027037075887609,0.005025057050473815,0.005022597909799069,0.005019483286424507,0.005015475437295226,0.005010267839918735,0.005003492430329752,0.004994763316738237,0.004983800393577021,0.004970709520080984,0.00495651896054066,0.004943947434852022,0.004937473428968645,0.004937476411589702,0.004943956370889889,0.004956533851434744,0.0049707305072542,0.004983827443820189,0.004994796441278823,0.0050035316958838,0.005010313252251239,0.005015526983479594,0.00501954093916304,0.005022661581863902,0.005025126681887052,0.005027112550645978,0.005028745773439644,0.005030114888224897,0.005031280354116012,0.0050322825652054665,0.005033147894236805,0.00503389316866637,0.005034528853846447,0.005035061268734404,0.005035494123053041,0.005035829500318289,0.005036068514876491,0.005036211760802794,0.0050362594893805885
0.005036318107015951,0.0050362716501427636,0.005036132207842148,0.005035899494164789,0.005035572902145856,0.005035151268707027,0.005034632498772227,0.0050340128862284865,0.005033286163522966,0.0050324419454947705,0.005031463571933321,0.005030324928344526,0.0050289859853595185,0.00502738676821916,0.005025439444013072,0.00502301832416073,0.0050199482703261016,0.005015992990200493,0.005010847697234627,0.005004146151641782,0.004995504015431685,0.004984641539462145,0.004971662062260395,0.004957585283463649,0.004945111158245505,0.004938689153834242,0.004938692274668282,0.004945120613374963,0.004957601112222079,0.004971684259075583,0.004984670162858538,0.004995539128963343,0.005004187780257289,0.005010895846883928,0.00501604767746589,0.005020009451594706,0.005023085970180724,0.00502551348292344,0.005027467102306284,0.005029072484311765,0.005030417417627447,0.005031561835578654,0.005032545689652005,0.0050333950778552764,0.005034126594609369,0.0050347505472756555,0.005035273142045827,0.005035698022434777,0.005036027209759342,0.0050362618249041894,0.0050364024312512185,0.005036449274009054
0.005036496659280944,0.00503645115656923,0.005036314562610457,0.005036086584453264,0.005035766596546761,0.005035353460976008,0.005034845078429246,0.005034237804862982,0.00503352546216554,0.005032697828622263,0.005031738502625529,0.0050306216814594564,0.005029307825112412,0.005027737609311828,0.005025824082306749,0.0050234427298042955,0.005020419921514885,0.0050165212869741444,0.00501144431152276,0.0050048252918490415,0.004996282111972749,0.0049855360152697,0.004972687709084708,0.00495874675794405,0.004946390126066079,0.004940030618728675,0.004940033963605828,0.004946400128198086,0.0049587634785315015,0.004972711134919892,0.004985566277914654,0.004996319241363108,0.005004869307259612,0.005011495256435502,0.005016579158840516,0.00502048472982876,0.005023514456145851,0.00502590266762821,0.005027822960410886,0.005029399826073009,0.005030720184910143,0.00503184327520152,0.005032808619374911,0.00503364193344456,0.005034359582968933,0.005034971683446175,0.0050354843495347135,0.005035901135626282,0.0050362240468623375,0.0050364541860649405,0.005036592102948656,0.005036638046544486
0.005036671818671131,0.005036627291840717,0.005036493618019164,0.00503627046798385,0.005035957226186531,0.005035552704068125,0.005035054803448503,0.005034459936570527,0.005033762005437181,0.005032950979711446,0.005032010676255803,0.005030915704774088,0.00502962704192442,0.005028086145773511,0.005026207091010133,0.0050238667830974,0.005020893451362388,0.00501705511674587,0.005012052196476058,0.0050055242604647564,0.004997092360919989,0.004986479364088393,0.004973783339836666,0.004960002294979756,0.004947784916499972,0.004941499624692012,0.0049415031549631385,0.004947795484090507,0.004960019856956838,0.004973808088365661,0.004986511252541941,0.004997131510918082,0.00500557070137818,0.005012105957345606,0.0050171162370627135,0.005020961971297976,0.0050239426817069825,0.005026290317904538,0.0050281766437034695,0.0050297247201995555,0.0050310204165857665,0.005032122230134649,0.005033069120421482,0.005033886427655898,0.005034590230812481,0.005035190487687894,0.005035693197349661,0.005036101848548462,0.0050364184398969435,0.005036644053211173,0.005036779246991504,0.005036824283367581
0.005036841874848268,0.005036798347535934,0.005036667653840419,0.005036449453693864,0.005036143051878076,0.005035747202954609,0.005035259819493644,0.005034677321872402,0.005033993704890664,0.005033199079724409,0.00503227756222331,0.005031204149110855,0.005029940452480733,0.0050284287604134515,0.005026584376386879,0.005024285846478337,0.0050213636538765545,0.005017588707141441,0.005012665045110707,0.005006236435053539,0.004997928026696669,0.004987465054296881,0.00497494345814897,0.004961347352214354,0.004949292687758541,0.004943093736020601,0.004943097399502135,0.004949303744205366,0.004961365896701219,0.004974969428958196,0.0049874986350870384,0.004997969170373487,0.005006285302973218,0.005012721663342784,0.005017653137397186,0.005021435923133922,0.0050243659624828775,0.005026672322286939,0.005028524511582565,0.005030043948234398,0.005031315268772839,0.0050323961358066886,0.005033324876591219,0.00503412642816384,0.005034816583669112,0.0050354051296924275,0.005035897948637885,0.0050362984996393636,0.005036608763254915,0.005036829831832114,0.005036962282612194,0.0050370064047259465
0.005037005074141146,0.005036962577092396,0.005036834958714427,0.005036621800616749,0.005036322299650353,0.005035935174649334,0.005035458266940241,0.005034887997783022,0.005034218421682594,0.005033439827176215,0.00503253658476964,0.005031484167885096,0.005030244812827177,0.005028761781432832,0.0050269517319590454,0.005024695147389339,0.005021825065854335,0.005018115858810446,0.005013275943135495,0.0050069541755381475,0.00499878077466625,0.004988484718707237,0.004976159314123536,0.004962774022359941,0.004950905753896839,0.0049448055483731585,0.00494480941928893,0.004950917361817884,0.004962793415209519,0.004976186610892741,0.0049885198680506065,0.0049988240024718255,0.005007005453488853,0.00501333542877607,0.005018183591970786,0.005021901087148479,0.005024779501539088,0.005027044461172228,0.005028862877236356,0.005030354234184351,0.005031601844864104,0.005032662378399096,0.005033573546063794,0.005034359802807744,0.005035036674725903,0.00503561376171854,0.005036096863299083,0.005036489409729734,0.005036793387108608,0.005037009921921198,0.005037139636169521,0.005037182844588738
0.005037159700526811,0.005037118277198668,0.005036993825229125,0.005036785791604603,0.005036493286503858,0.005036114879055241,0.005035648332401229,0.005035090034054125,0.005034434097243385,0.005033670938323471,0.0050327852503136376,0.005031752945605444,0.005030536949430924,0.005029081590426513,0.005027305045629049,0.0050250898849206836,0.005022272146322872,0.005018630186784457,0.0050138774895054795,0.0050076689157581965,0.004999641183193945,0.004989527416362773,0.004977419548927082,0.004964269770620981,0.004952611267750936,0.0049466220075219895,0.004946626066120528,0.004952623438019887,0.004964290045595856,0.004977448019296148,0.00498956427104056,0.004999686378080138,0.00500772264286363,0.0050139397838351646,0.005018701186337416,0.005022351915999734,0.005025178493664935,0.00502740256091206,0.005029188065685714,0.005030652367666001,0.005031877274787819,0.005032918429196247,0.0050338128218769835,0.005034584454124881,0.005035248563137365,0.0050358145802440225,0.005036288234765412,0.0050366729486671065,0.005036970747850865,0.0050371828093177,0.005037309817853489,0.005037352118760962
0.0050373041125002975,0.005037263820690324,0.005037142644411186,0.0050369398829552625,0.00503665443868861,0.005036284703741215,0.005035828326046872,0.005035281630579088,0.0050346387544452816,0.005033890283481104,0.005033021189223069,0.005032007814312038,0.005030813872192908,0.005029384790218713,0.005027640337307713,0.005025465471013425,0.005022699516814076,0.0050191252921029834,0.005014462024578077,0.0050083716964509275,0.005000498257277535,0.004990580694938669,0.004978709081316391,0.004965817796563024,0.0049543907911277,0.004948523511393148,0.004948527722929847,0.004954403441412921,0.004965838972751634,0.0049787388225084024,0.004990619058170496,0.005000545458299893,0.005008427769978602,0.005014527118378403,0.0050191994968375305,0.005022782986131143,0.005025558298146427,0.005027742621340895,0.005029496607112801,0.005030935305139124,0.005032138861468604,0.005033161851657553,0.005034040503063882,0.005034798375988548,0.005035450399968653,0.005036005872057591,0.005036470465996746,0.005036847627458664,0.005037139430895347,0.0050373471427608155,0.005037471510954436,0.005037512924874264
0.005037436785767414,0.005037397719665924,0.005037280036536173,0.005037082736533215,0.00503680440942195,0.005036443255475973,0.005035996749846047,0.005035461156257312,0.005034830640947348,0.005034095920402677,0.005033242214488619,0.00503224637955605,0.005031072871445709,0.00502966824980877,0.005027954035267409,0.005025817697532781,0.005023102139165937,0.005019595013320987,0.005015022048197851,0.005009053038010112,0.005001340490882532,0.004991629702189551,0.0049800101776721825,0.00496739677625476,0.0049562197445163535,0.004950483881791859,0.0049504882654028085,0.004956232923943236,0.004967418772701877,0.004980041092937408,0.004991669638894131,0.005001389544802414,0.0050091114163881454,0.005015089848002645,0.005019672367873449,0.0050231892048159575,0.005025914654931492,0.005028061003948091,0.005029785367715455,0.005031200252328871,0.00503238413066176,0.005033390400920891,0.005034254567147471,0.00503499970545634,0.005035640491543961,0.005036186089561434,0.005036642146615615,0.005037012146638462,0.005037298249407449,0.005037501818104363,0.005037623667516789,0.005037664234495893
0.0050375562375439935,0.005037518655065158,0.005037404890713219,0.005037213322414503,0.0050369421818900004,0.005036589416349029,0.005036152376823744,0.005035627254727619,0.00503500822292189,0.005034286131799817,0.005033446475053267,0.0050324665526252765,0.005031311590366433,0.005029929319624071,0.00502824305715766,0.005026142913131104,0.0050234754963270735,0.005020033743301918,0.005015550363412588,0.00500970365329247,0.005002155373382567,0.004992658578959208,0.00498130218570751,0.004968980967926836,0.00495806802138517,0.004952470520958769,0.00495247506842565,0.004958081675363212,0.004969003777513936,0.004981334214738205,0.004992699976932302,0.005002206289511611,0.005009764192720763,0.0050156207425197585,0.0050201141454628674,0.005023566053156991,0.005026243842952239,0.005028354578750152,0.005030051603249585,0.0050314448061033745,0.005032610904353883,0.005033602108331083,0.005034453204117502,0.005035186802926527,0.0050358173498846115,0.0050363538901931236,0.005036802078912313,0.0050371654564214715,0.0050374462925201575,0.00503764602969761,0.00503776555328395,0.005037805338585627
0.005037660670299997,0.005037625383944252,0.0050375163972126115,0.005037331024602753,0.005037067093712264,0.00503672242838398,0.005036294287936047,0.005035778821070936,0.0050351702569103995,0.005034459553407389,0.005033632408339208,0.005032666630002596,0.005031528146879846,0.0050301658766203515,0.005028504956733203,0.005026438098699619,0.005023815837984148,0.005020436655228805,0.005016040365140972,0.005010314392109981,0.005002930607803123,0.004993650177540893,0.004982562242883287,0.004970541125535428,0.004959900347233515,0.004954445025771017,0.004954449716676428,0.0049599144457348025,0.004970564675016021,0.00498259534929945,0.0049936929708963625,0.005002983226580627,0.0050103770321379805,0.005016113197279564,0.0050205198978404315,0.005023909741856885,0.005026542828945786,0.005028620807448519,0.0050302931134589566,0.0050316670037838405,0.005032817374412783,0.005033795320426009,0.005034634883391746,0.005035358272575993,0.005035979703643184,0.005036508152517081,0.005036949296697971,0.005037306756570727,0.005037582894738366,0.005037779230553831,0.005037896705411523,0.005037935811848682
0.005037746785964766,0.005037716565382671,0.005037614180341733,0.005037435665119207,0.005037178911222671,0.005036841855805169,0.005036421838894929,0.005035915069685875,0.005035315805008384,0.005034615070742324,0.005033798845937485,0.005032845337115,0.005031721153296422,0.005030376414324197,0.005028737905165872,0.005026701035815047,0.00502412036622603,0.005020799670813757,0.005016486300390564,0.005010876971264622,0.005003653881160686,0.004994587007151529,0.004983766079925336,0.004972045108955374,0.00496167745110336,0.0049563643637467085,0.004956369199151086,0.00496169196596365,0.0049720693538744575,0.004983800175540833,0.004994631082853401,0.005003708111969141,0.005010941536837884,0.0050165614311463895,0.005020885595325067,0.005024217332078468,0.005026809368451788,0.005028857830264949,0.005030508292183537,0.00503186535187232,0.005033002164595565,0.005033968719567972,0.005034798369371713,0.005035512957801595,0.005036126507445602,0.005036647958525474,0.00503708301668025,0.0050374353927638005,0.005037707527097409,0.005037901000989081,0.005038016766177833,0.0050380553099142215
0.005037805505288223,0.005037791520620087,0.005037698743219171,0.005037527651054962,0.005037277706327831,0.0050369474998234656,0.005036534646580376,0.005036035426432571,0.005035444143295968,0.0050347519278779495,0.005033944972545996,0.00503300180503382,0.005031889774319785,0.005030559944508359,0.005028940778868445,0.005026930434994372,0.00502438701458028,0.0050211198207175504,0.00501688344663058,0.00501138386951793,0.005004313679954205,0.004995451709178919,0.004984888730884656,0.004973459203546419,0.004963357489329132,0.004958182498830163,0.004958187459692669,0.004963372389430648,0.0049734841035511896,0.004984923720631499,0.004995496949249978,0.005004369350719811,0.005011450208119981,0.005016960672947966,0.00502120818442099,0.005024486819720217,0.0050270420075640984,0.0050290644983389836,0.005030696112671404,0.005032038874685999,0.005033164308185834,0.005034121333676426,0.005034942710067708,0.005035649943427089,0.005036256904490024,0.00503677251487061,0.0050372025279498715,0.005037550734691194,0.005037819630038561,0.005038010816995291,0.00503812522988039,0.0050381633259950305
0.0,0.005037856970400338,0.005037772531888479,0.005037607834102275,0.005037363693339035,0.005037039273063785,0.005036632397433015,0.005036139457781298,0.005035554799783095,0.005034869622157472,0.0050340702672839735,0.005033135621093567,0.005032033562561195,0.005030716010507827,0.005029113283625399,0.005027125577526059,0.0050246147223181326,0.005021395063440247,0.005017228158220308,0.005011828742382656,0.005004899398636383,0.004996227671396523,0.00498590560610542,0.004974749482998111,0.0049648977978141344,0.004959852293215747,0.004959857367597662,0.004964913036623934,0.0049747749407764545,0.00498594140250092,0.004996273948218959,0.0050049563670008426,0.005011896625102644,0.005017307228396566,0.005021485615012,0.005024717066292019,0.005027240065369961,0.00502924032519164,0.005030856102496044,0.005032187070192586,0.005033303217150059,0.005034252522236918,0.005035067218165118,0.005035768505030575,0.005036370157935049,0.005036881088353144,0.005037307104167811,0.005037652049986772,0.005037918449290323,0.005038107890450931,0.00503822127878065,0.005038259038165821
0.0,0.005037917987346085,0.0050378371186752665,0.005037676628085659,0.005037436846423361,0.005037116919722918,0.005036714774526112,0.005036226829728226,0.005035647426577733,0.005034967843209202,0.005034174529761201,0.0050332466512870615,0.0050321523746535484,0.005030844894561269,0.005029255407319713,0.005027286509053288,0.005024803178092963,0.0050216243404582325,0.005017517779794529,0.0050122063315843745,0.005005401763483462,0.004996899649240038,0.00498679348352836,0.004975883214072975,0.004966256822040586,0.00496132770800916,0.0049613328787853185,0.004966272346822198,0.00497590914233174,0.004986829948930756,0.004996946823948122,0.005005459844880893,0.005012275563628925,0.005017598434472614,0.005021716742229121,0.005024907701458734,0.005027403535438736,0.005029385367152482,0.005030988270122798,0.005032309823166274,0.0050334186476697325,0.0050343619210823426,0.005035171408382832,0.005035868073043035,0.005036465622411078,0.005036972963350936,0.005037395952492825,0.005037738460583699,0.005038003015031098,0.005038191176448481,0.005038303814001631,0.00503834132401431
0.0,0.005037970332475377,0.005037891249388015,0.005037733393601671,0.005037496637576148,0.0050371800140027985,0.005036781395043589,0.005036297198391112,0.005035721786112868,0.005035046456389243,0.005034257745363355,0.005033334843795717,0.005032246748823066,0.005030946802323736,0.0050293677217255915,0.005027413794248875,0.005024952672843908,0.005021807193974549,0.005017750593950472,0.0050125126198178665,0.005005812970113831,0.004997454261716867,0.004987531346377251,0.004976830404236984,0.004967396115367381,0.004962566056506847,0.004962571306119445,0.004967411867815755,0.00497685672367899,0.0049875683594749025,0.004997502154483945,0.005005871955897458,0.005012582954533283,0.005017832564902035,0.005021901142166569,0.005025058966781017,0.005027532887122688,0.005029500089080351,0.005031092972826733,0.005032407314676933,0.005033510608018658,0.00503444937073326,0.005035254969158528,0.00503594820654907,0.005036542726789032,0.0050370474449435605,0.005037468246931266,0.005037809012169398,0.005038072256485815,0.00503825951018418,0.005038371615735429,0.00503840894710531
0.0,0.005038011463050532,0.005037933345537253,0.0050377771087901264,0.005037542361214945,0.005037227982384214,0.005036831821156237,0.005036350278774264,0.005035777710007295,0.005035105420048799,0.005034319865644071,0.00503340073346086,0.005032316842075737,0.005031022457065713,0.005029451006377622,0.00502750817674741,0.005025063786258025,0.005021943783354947,0.005017925648042743,0.005012744641433629,0.005006126781160138,0.004997880327527117,0.004988101329477204,0.0049775651593677965,0.00496828228430982,0.004963530159751462,0.004963535459075418,0.004968298212472077,0.004977591783257923,0.004988138770683964,0.0049979287630716185,0.005006186453085549,0.005012815807007934,0.005018008623358499,0.005022038908780231,0.005025171468843424,0.00502762886132308,0.00502958519598194,0.005031170752587711,0.005032479901772025,0.005033579271265366,0.005034514851736588,0.005035317723131795,0.005036008571775884,0.005036600989944254,0.005037103908170197,0.005037523217974177,0.005037862801829281,0.00503812516157379,0.005038311805330094,0.005038423548222893,0.005038460759952457
0.0,0.005038039714204106,0.005037962138603381,0.005037806837125949,0.005037573283714207,0.005037260292442397,0.005036865680862894,0.0050363858189854515,0.005035815086435137,0.005035144635785564,0.005034361260406519,0.005033444365031734,0.005032363281343342,0.005031072461939188,0.005029505970355155,0.0050275705007896835,0.005025137316256179,0.005022034493524699,0.00501804248160781,0.00501290035051709,0.00500633854263396,0.004998169235451174,0.004988489399183294,0.0049780669430220205,0.004968888637804908,0.004964190270969046,0.004964195607285085,0.00496890469087335,0.004978093769059921,0.0049885271274837896,0.00499821805233668,0.005006398672811591,0.005012972079889161,0.005018126121606996,0.00502213041126007,0.005025245930676686,0.005027692267326635,0.00502964142239885,0.00503122219462398,0.005032527996600638,0.005033624866472764,0.005034558427713174,0.005035359585302439,0.005036048935490778,0.005036640042659469,0.005037141843745647,0.005037560231245772,0.005037899091371131,0.005038160909415212,0.005038347178264997,0.00503845869620991,0.0050384958320048205
0.0,0.005038054093546628,0.0050379767546370816,0.005037821876158369,0.0050375888810464215,0.005037276549025909,0.005036882684004921,0.005036403668923105,0.005035833738487543,0.005035164304583216,0.005034381872292408,0.005033466128642347,0.0050323863840205,0.00503109730169998,0.005029533285789876,0.005027601476919363,0.005025173901067402,0.00502207972664497,0.005018100914767214,0.005012978503933324,0.00500644517196225,0.004998315171994981,0.004988685895245795,0.0049783214854047,0.004969196582804466,0.004964525648617222,0.004964531017571589,0.004969212695269014,0.004978348416839289,0.004988723766445664,0.004998364174365359,0.005006505542392906,0.005013050514281607,0.005018184890059538,0.005022176042243196,0.005025282974169738,0.005027723783122042,0.005029669368815794,0.005031247778381048,0.005032551945514434,0.005033647600482306,0.005034580188512502,0.005035380523721492,0.0050360691507787625,0.005036659630986652,0.005037160899493948,0.005037578850298659,0.005037917366987191,0.005038178929049667,0.005038365016782216,0.005038476428789041,0.005038513528862054
0.0,0.0050380540967598815,0.005037976760792598,0.005037821875506103,0.005037588868149408,0.005037276549042759,0.005036882703142118,0.005036403650154638,0.005035833776579137,0.005035164287836328,0.005034381867751145,0.005033466122241886,0.005032386374637987,0.0050310973093243005,0.005029533288547307,0.005027601482670071,0.005025173904101813,0.005022079730588112,0.0050181009167130355,0.005012978501434194,0.005006445178302321,0.004998315168495399,0.004988685897776032,0.004978321485212659,0.004969196579672562,0.004964525647705934,0.004964531015350584,0.004969212699504376,0.004978348411809709,0.004988723766768752,0.004998364171348299,0.005006505547290758,0.005013050511639589,0.0050181848885805245,0.005022176042078467,0.0050252829714400845,0.005027723784981869,0.005029669366910829,0.005031247773828984,0.005032551944096804,0.005033647602791299,0.005034580189992433,0.005035380523534213,0.005036069148165232,0.0050366596311409,0.0050371608999799575,0.0050375788505552495,0.00503791736510717,0.005038178926377749,0.005038365016831332,0.005038476428541362,0.005038513530483457
0.0,0.005038039732674048,0.0050379621466440285,0.005037806826140016,0.005037573268242269,0.005037260292981823,0.005036865701649789,0.005036385854876303,0.005035815062197629,0.005035144654811555,0.005034361235494771,0.005033444363645366,0.005032363278715082,0.005031072454946171,0.005029505982207239,0.005027570513655799,0.00502513732621854,0.0050220345005834,0.005018042490467192,0.005012900354186764,0.005006338538090782,0.00499816924101734,0.004988489402221674,0.0049780669398271065,0.004968888628402637,0.004964190267062017,0.004964195610266479,0.004968904689361593,0.0049780937631462175,0.004988527125618016,0.004998218053495253,0.005006398673278416,0.00501297207406287,0.005018126120500238,0.005022130413366175,0.005025245926007924,0.005027692266322218,0.005029641416114375,0.005031222186471212,0.0050325279974860705,0.005033624869606935,0.005034558427412169,0.005035359585180675,0.005036048930826365,0.005036640043182831,0.005037141843826134,0.005037560227950241,0.005037899085939664,0.0050381609072669324,0.005038347178358682,0.005038458696048116,0.005038495831284416
0.0,0.005038011465526243,0.0050379333486987,0.0050377771092933,0.0050375423429342885,0.005037228007672113,0.005036831840342211,0.00503635027801367,0.005035777709144133,0.005035105394316235,0.005034319901150943,0.0050334007130284015,0.005032316853810898,0.005031022467571152,0.005029451006924521,0.005027508177860973,0.005025063795244146,0.005021943799761044,0.005017925655635566,0.005012744647991587,0.005006126786040582,0.004997880328937638,0.0049881013245042976,0.004977565155242802,0.00496828228272325,0.004963530149453732,0.00496353545741195,0.0049682982097740604,0.004977591782903847,0.004988138765354751,0.0049979287648817886,0.005006186445208542,0.0050128158036928955,0.005018008622983654,0.005022038911590492,0.005025171468410421,0.005027628852294846,0.005029585189395342,0.005031170746733687,0.00503247990386602,0.0050335792742473755,0.005034514848242988,0.005035317720025799,0.005036008566724003,0.005036600989700289,0.005037103907439589,0.0050375232109770495,0.0050378627940366036,0.005038125161201493,0.00503831180703909,0.005038423546475593,0.005038460755090706
0.0,0.00503797033199558,0.005037891251803301,0.005037733385854245,0.005037496684683332,0.005037180008987832,0.00503678137299545,0.005036297193404973,0.005035721800131161,0.005035046468561913,0.005034257723006163,0.005033334896526635,0.005032246729196099,0.0050309468145874805,0.005029367734915874,0.005027413798817936,0.005024952671395225,0.0050218071934075405,0.005017750600596079,0.005012512628202201,0.005005812983735291,0.004997454262953678,0.004987531340890037,0.004976830399298764,0.004967396114106697,0.00496256605034557,0.0049625712971275715,0.004967411869622181,0.00497685672000753,0.004987568356851778,0.004997502146619334,0.005005871949545685,0.005012582951308831,0.005017832565315359,0.005021901142747407,0.005025058970430405,0.005027532877839453,0.0050295000812759765,0.005031092969784748,0.005032407313882623,0.005033510611079725,0.005034449369556956,0.005035254960220246,0.005035948200605798,0.005036542725261976,0.005037047444765968,0.005037468239754018,0.00503780900376327,0.005038072253362729,0.005038259512254308,0.00503837161134196,0.005038408942081498
0.0,0.00503791798821169,0.005037837128684619,0.005037676677152765,0.005037436829451536,0.0050371169067728976,0.005036714773070214,0.0050362268234154985,0.005035647438747109,0.005034967861969477,0.005034174549356422,0.00503324661971858,0.005032152427433531,0.005030844876562626,0.00502925541017752,0.0050272865235934105,0.005024803189475628,0.005021624330487885,0.005017517772048854,0.00501220633414133,0.005005401769229247,0.0049968996601494915,0.004986793482685682,0.0049758832118140745,0.004966256816501261,0.004961327711846604,0.004961332874660555,0.004966272340692219,0.004975909138260172,0.004986829944530907,0.004996946816350557,0.005005459837092369,0.005012275556420485,0.005017598434500209,0.00502171674632494,0.005024907700833197,0.005027403529888513,0.005029385355479717,0.005030988269834745,0.005032309822426144,0.005033418647550495,0.005034361921156013,0.005035171397824801,0.005035868070921759,0.005036465622629639,0.005036972961810955,0.005037395943877146,0.005037738451778287,0.005038003011455293,0.005038191175743917,0.005038303809054747,0.005038341316311946
0.0,0.005037856998940297,0.005037772567263693,0.005037607821790648,0.005037363695803743,0.0050370392739506435,0.00503663239678925,0.005036139459779836,0.00503555479679654,0.005034869636775924,0.005034070285179021,0.005033135632439414,0.005032033530967319,0.0050307160524606966,0.005029113271774806,0.0050271255764578705,0.005024614724491868,0.005021395075308027,0.005017228153273534,0.005011828735498746,0.0050048993937872955,0.00499622766649611,0.004985905614665127,0.004974749482809222,0.004964897804218459,0.004959852295379755,0.00495985737001963,0.004964913032610432,0.004974774934822239,0.004985941395573809,0.004996273942509501,0.0050049563591328195,0.005011896616361402,0.005017307225757168,0.005021485619622332,0.005024717059273515,0.005027240059651125,0.005029240317841624,0.005030856099042799,0.00503218706945945,0.005033303213265531,0.005034252520592184,0.005035067215020958,0.005035768507118657,0.005036370159117529,0.005036881083940597,0.005037307097033741,0.005037652042144166,0.005037918445895886,0.005038107885133405,0.005038221273166129,0.005038259029354867
0.005037805158966152,0.005037791555757632,0.0050376987457145484,0.005037527655008174,0.0050372777084086535,0.005036947504592075,0.005036534648531772,0.005036035422175186,0.005035444142389416,0.005034751931268332,0.0050339449788261445,0.005033001826691036,0.00503188977124106,0.005030559921347332,0.00502894081175757,0.005026930425862221,0.00502438700853319,0.005021119814192612,0.005016883458811472,0.005011383870528329,0.005004313668258005,0.004995451700289905,0.004984888725890699,0.004973459210295041,0.004963357493439142,0.0049581825035094045,0.004958187468819132,0.00496337239147218,0.004973484098499673,0.004984923712077571,0.004995496944449143,0.005004369346574822,0.005011450198257429,0.005016960669327161,0.005021208181350649,0.005024486817077409,0.00502704199863123,0.005029064492947083,0.005030696105325123,0.00503203887378824,0.00503316430371099,0.005034121328836046,0.005034942713931405,0.005035649944696544,0.005036256905493809,0.005036772511131724,0.005037202524002115,0.0050375507305991645,0.00503781962323153,0.005038010807415009,0.005038125223991707,0.005038163321844704
0.005037746828443096,0.005037716576068598,0.005037614179495888,0.005037435670434482,0.005037178914427095,0.005036841852864088,0.005036421838279378,0.005035915076283915,0.005035315796008892,0.005034615069396426,0.005033798851283699,0.005032845337773363,0.005031721176251086,0.005030376407212148,0.005028737888110414,0.005026701055646947,0.005024120356233849,0.005020799670895371,0.005016486295076907,0.005010876965174691,0.00500365388539134,0.0049945870069654135,0.004983766072192792,0.0049720451061924424,0.004961677447424047,0.004956364372001366,0.004956369201264267,0.004961691969810116,0.004972069357587069,0.004983800169700808,0.00499463107980028,0.0050037081042255014,0.005010941534796445,0.005016561426183849,0.005020885589141594,0.005024217331605983,0.005026809360369649,0.005028857821057457,0.005030508287896363,0.005031865348478339,0.005033002164174124,0.005033968711738794,0.00503479836933789,0.0050355129574096895,0.005036126508925214,0.005036647957275786,0.005037083013918431,0.005037435388876135,0.005037707516884022,0.005037900993264814,0.005038016763937203,0.00503805530590526
0.005037660701552573,0.005037625386518055,0.005037516395571578,0.005037331024247482,0.005037067095094732,0.00503672242365679,0.0050362942793569735,0.005035778823176789,0.005035170265915638,0.005034459543433739,0.005033632406534058,0.005032666631920003,0.005031528153868994,0.0050301658924198755,0.005028504942633092,0.005026438086556005,0.0050238158584809895,0.005020436646281559,0.005016040353237288,0.005010314400304819,0.00500293060232979,0.004993650173989547,0.004982562251165172,0.004970541121034049,0.004959900342070473,0.004954445018814431,0.004954449713910546,0.004959914444727791,0.004970564677496588,0.004982595356849072,0.004993692960383504,0.005002983222126593,0.005010377035982361,0.005016113195661379,0.005020519894386435,0.005023909736546108,0.005026542825862452,0.005028620799663566,0.0050302931115975775,0.005031666998939493,0.005032817370987071,0.005033795315588881,0.005034634881122822,0.005035358271584612,0.005035979699941332,0.005036508147914392,0.005036949293925093,0.0050373067526946974,0.0050375828875389465,0.005037779225224879,0.00503789670149963,0.005037935806788853
0.005037556242636641,0.005037518662209529,0.005037404893575194,0.005037213319686616,0.0050369421803237715,0.005036589409761433,0.005036152371197815,0.005035627248801552,0.00503500822793028,0.005034286133739021,0.005033446469557681,0.00503246655330354,0.005031311588236299,0.005029929322677252,0.005028243069632113,0.005026142898275778,0.005023475487988221,0.0050200337606436845,0.005015550367378713,0.005009703635457517,0.005002155385351664,0.004992658576944164,0.004981302180985726,0.004968980969393247,0.004958068017143295,0.004952470513633631,0.004952475062139118,0.004958081664709222,0.004969003774584788,0.004981334218119245,0.0049926999726035825,0.005002206288587476,0.005009764193182471,0.005015620746072471,0.005020114145240239,0.005023566051729051,0.00502624384172338,0.005028354576701211,0.005030051595154346,0.005031444805329292,0.005032610896490747,0.005033602109004348,0.005034453201924011,0.005035186801816344,0.0050358173402971825,0.005036353880688808,0.005036802073360497,0.005037165456574031,0.00503744629136089,0.005037646020845544,0.005037765542195155,0.005037805336887534
0.005037436795856271,0.005037397717216962,0.005037280040019155,0.005037082737737849,0.005036804407352162,0.005036443251897375,0.005035996742385428,0.005035461154450573,0.005034830640887141,0.005034095918427715,0.005033242213760178,0.005032246380310427,0.0050310728657254325,0.0050296682494778595,0.005027954039435002,0.005025817705118449,0.0050231021238479525,0.005019595011839558,0.005015022062766296,0.005009053057456014,0.005001340460925294,0.004991629717527064,0.004980010175674035,0.004967396762819858,0.004956219745246738,0.004950483879893983,0.004950488260933171,0.004956232911802904,0.004967418762153621,0.0049800410885144685,0.0049916696428208085,0.00500138953812371,0.005009111416255809,0.00501508984976184,0.005019672372402234,0.005023189206436819,0.005025914655671429,0.005028061004831513,0.005029785360695869,0.0050312002479313295,0.005032384128185627,0.0050333904014599334,0.005034254565728761,0.005034999699808987,0.005035640482257843,0.0050361860821222714,0.0050366421421262795,0.005037012145190666,0.005037298246593115,0.005037501809052831,0.005037623658857125,0.005037664233271083
0.005037304123506713,0.005037263822034026,0.005037142644781584,0.00503693988327054,0.005036654439091442,0.005036284703501165,0.005035828324283558,0.005035281620615871,0.005034638753317744,0.005033890288755206,0.005033021182220327,0.0050320078129189975,0.00503081387640524,0.005029384790232635,0.0050276403362179735,0.0050254654730381935,0.005022699518923334,0.005019125281242348,0.0050144620329774705,0.005008371695157473,0.005000498289301456,0.004990580655977617,0.004978709084002483,0.0049658178107976365,0.004954390779225675,0.004948523503388589,0.004948527717055648,0.004954403446802166,0.004965838968162845,0.004978738806911147,0.00499061904899002,0.005000545461403323,0.005008427766160725,0.005014527117865927,0.005019199497375033,0.0050227829880723504,0.005025558303042578,0.005027742621291433,0.005029496608506613,0.0050309352942515305,0.005032138861416956,0.005033161849727966,0.005034040504263388,0.005034798369619129,0.00503545039309198,0.005036005865893817,0.005036470465427022,0.005036847623500471,0.005037139424761437,0.005037347139215479,0.005037471508305169,0.005037512918512409
0.005037159715618739,0.005037118285922854,0.005036993823471002,0.0050367857936059034,0.0050364932854494344,0.005036114881756659,0.005035648329177924,0.0050350900325697055,0.005034434088295595,0.0050336709385772034,0.0050327852534809365,0.005031752939817409,0.00503053695899499,0.005029081598127972,0.005027305041403997,0.0050250898798085445,0.005022272154180719,0.005018630187405861,0.00501387747539371,0.005007668929020788,0.004999641161529904,0.004989527455703237,0.004977419518691956,0.004964269759385186,0.004952611290162941,0.004946622006595064,0.004946626051183743,0.004952623435402482,0.004964290047332213,0.004977448014338817,0.004989564263234233,0.004999686371011728,0.005007722639854205,0.005013939778545525,0.005018701179475945,0.005022351921298063,0.00502517850310177,0.005027402566061578,0.005029188059338175,0.005030652358774185,0.005031877269404514,0.005032918429803978,0.0050338128212688606,0.005034584453078568,0.00503524855749322,0.005035814575363598,0.005036288234946599,0.005036672947104751,0.005036970744694929,0.005037182808697787,0.0050373098127292,0.0050373521106145585
0.005037005081722005,0.0050369625907761475,0.00503683496889883,0.005036621796070867,0.0050363222975871366,0.005035935173023197,0.005035458269818757,0.005034887996340622,0.005034218417598379,0.005033439821982728,0.005032536590446792,0.005031484173023291,0.00503024481375653,0.005028761785750311,0.005026951737459727,0.0050246951466989456,0.005021825062483679,0.005018115865444206,0.005013275942419615,0.005006954151321016,0.004998780797896058,0.004988484687588242,0.0049761593549015135,0.004962774005416725,0.004950905738908101,0.004944805561835842,0.004944809430763738,0.004950917348936738,0.004962793400374277,0.0049761866086434035,0.004988519870305551,0.004998824000856423,0.005007005452296755,0.005013335416112981,0.00501818358225172,0.005021901086074037,0.0050247795125678354,0.005027044472258796,0.005028862872393166,0.005030354224858133,0.005031601834569041,0.005032662380287077,0.0050335735446130495,0.0050343597994933955,0.005035036669161608,0.005035613762791185,0.00503609686617854,0.005036489411571404,0.005036793384399396,0.005037009915076403,0.0050371396318843195,0.005037182837994528
0.005036841877766993,0.005036798354823074,0.0050366676666027295,0.005036449455597816,0.005036143045435342,0.00503574719957905,0.005035259822818385,0.005034677322483033,0.005033993702732589,0.005033199081293099,0.005032277563930846,0.005031204158626344,0.0050299404540582885,0.00502842876155697,0.005026584375435076,0.005024285853427633,0.005021363652749418,0.005017588706252278,0.005012665050201185,0.005006236435858663,0.004997927999750646,0.004987465086167541,0.0049749434245361926,0.0049613473928783024,0.004949292680615229,0.0049430937147394525,0.0049430974028149945,0.004949303755564899,0.004961365889270455,0.004974969413922787,0.004987498626507394,0.0049979691724859375,0.0050062853056906794,0.00501272166924485,0.005017653125852406,0.005021435912022048,0.00502436596404748,0.005026672329871186,0.005028524517757556,0.005030043941699117,0.0050313152670346546,0.005032396131634007,0.005033324874136064,0.005034126418569745,0.005034816581685562,0.005035405131412089,0.0050358979506584765,0.005036298502175876,0.005036608757826116,0.005036829824404267,0.005036962278842755,0.005037006398947447
0.005036671823992725,0.005036627296172945,0.0050364936139576265,0.005036270476290381,0.005035957223904761,0.005035552701260425,0.005035054805134095,0.005034459937672093,0.005033762009729486,0.005032950979745085,0.0050320106829725405,0.005030915706045104,0.005029627047025884,0.005028086141170529,0.005026207097223387,0.005023866786595747,0.0050208934555221645,0.005017055115832308,0.005012052193055136,0.005005524267415298,0.004997092369830115,0.004986479340308892,0.004973783366338085,0.004960002270967434,0.004947784945120713,0.004941499623287846,0.0049415031298207825,0.004947795481015778,0.004960019869272748,0.004973808081182014,0.004986511240724941,0.004997131505174405,0.005005570697308954,0.005012105956866315,0.005017116247756607,0.005020961968336151,0.005023942674281956,0.00502629032023672,0.005028176644389603,0.005029724720667679,0.005031020416928115,0.005032122231655998,0.005033069116474158,0.005033886420248433,0.0050345902302977134,0.005035190485814854,0.005035693191642532,0.00503610184453857,0.005036418438042559,0.005036644051256644,0.005036779240134396,0.005036824280267102
0.005036496660300073,0.005036451156006557,0.005036314562026693,0.005036086575396984,0.005035766601149831,0.005035353465361832,0.005034845082089192,0.005034237806272075,0.005033525460476711,0.005032697836437292,0.005031738504995723,0.0050306216868154195,0.0050293078197073855,0.005027737611276256,0.005025824086180545,0.005023442734756643,0.0050204199263808496,0.005016521289187395,0.00501144431281219,0.00500482529311341,0.0049962821226634275,0.00498553601332845,0.004972687701271973,0.004958746776619817,0.004946390102489037,0.004940030637871537,0.004940033967765044,0.004946400099952088,0.004958763475978129,0.004972711147231687,0.004985566274487741,0.004996319234014673,0.005004869295893276,0.00501149524653023,0.005016579164059032,0.005020484742079963,0.005023514458198721,0.005025902662854196,0.005027822960490044,0.005029399829697349,0.005030720179613217,0.00503184327315886,0.005032808617223856,0.005033641939475623,0.005034359580415519,0.005034971680106854,0.005035484342143113,0.005035901126323096,0.005036224047713335,0.005036454183022935,0.005036592096148621,0.005036638041289066
0.005036318103107664,0.005036271646335171,0.005036132203357814,0.005035899490267741,0.005035572900035002,0.005035151274717786,0.005034632503207298,0.005034012893330715,0.005033286163987796,0.005032441944058624,0.005031463577017922,0.00503032493308012,0.005028985983122844,0.005027386768796887,0.005025439442387606,0.005023018329142084,0.005019948278412617,0.005015992995491567,0.005010847695234903,0.005004146160634323,0.004995504016801576,0.00498464155161124,0.004971662062196366,0.004957585275860534,0.004945111166032651,0.004938689130860033,0.004938692285958838,0.0049451206320951955,0.004957601080566451,0.004971684252700174,0.004984670180030342,0.004995539128336192,0.005004187774703781,0.005010895841601537,0.005016047666192882,0.00502000945391069,0.005023085973451565,0.005025513484374188,0.005027467108576462,0.005029072486728333,0.005030417416691905,0.005031561823858704,0.005032545689929528,0.005033395078615538,0.0050341265950098225,0.00503475055006098,0.0050352731423493466,0.005035698015194699,0.0050360272071863004,0.005036261822507077,0.0050364024213436324,0.005036449267751168
0.0050361377717285044,0.0050360903989335164,0.005035948183747041,0.0050357108547529564,0.00503537780018372,0.005034947852263976,0.005034418868258939,0.005033787095976464,0.005033046156803917,0.005032185534506777,0.005031188355914784,0.005030028182639516,0.005028664595649328,0.005027037067846124,0.005025057051329506,0.005022597911153015,0.005019483298389369,0.005015475440647772,0.0050102678413603535,0.005003492433568077,0.004994763323391805,0.004983800407820963,0.004970709523957101,0.004956518952909209,0.004943947428570207,0.004937473430701969,0.004937476405955708,0.004943956364525558,0.004956533873571127,0.004970730481068954,0.004983827437230863,0.004994796464161659,0.005003531702878227,0.005010313245988152,0.005015526976383002,0.005019540923418654,0.005022661581282451,0.00502512668590919,0.005027112554920747,0.00502874577871254,0.005030114888496267,0.0050312803529210925,0.00503228255830876,0.0050331478859668,0.005033893172191253,0.005034528858423018,0.005035061273618194,0.005035494124483875,0.005035829496750958,0.00503606851451085,0.00503621175611318,0.0050362594833407515
0.005035957208533666,0.005035908931301241,0.005035764036441213,0.0050355222222318065,0.0050351828871230886,0.00503474482651212,0.005034205874834829,0.005033562218939983,0.005032807380967069,0.005031930716112242,0.005030915151107056,0.005029734014790842,0.005028346521778654,0.00502669172490009,0.005024680474340118,0.005022185411651262,0.00501902926004582,0.005014973168780964,0.005009709373993251,0.005002868551838304,0.004994063872509934,0.004983015270661301,0.004969831004185007,0.00495554644493505,0.004942895302669982,0.004936378791423779,0.004936381588848564,0.004942903714573983,0.004955560502207521,0.004969850749496695,0.0049830407395433565,0.0049940950835616485,0.005002905523927391,0.00500975210246507,0.005015021647639155,0.005019083444237253,0.005022245229067479,0.005024745841278685,0.005026762518589533,0.005028422597138352,0.005029815179559744,0.005031001178644507,0.00503202133676577,0.005032902305456114,0.00503366108692925,0.005034308282718883,0.005034850327894077,0.005035290990458859,0.005035632406820657,0.0050358757275647025,0.005036021544818504,0.005036070134376924
0.005035777797264025,0.005035728666076029,0.005035581172846606,0.005035335037018248,0.005034989619578403,0.005034543716516489,0.005033995116120505,0.00503333994066266,0.00503257163601962,0.00503167943572588,0.00503064611659501,0.0050294447863124155,0.005028034389371647,0.0050263536248959335,0.00502431289597629,0.005021784288355534,0.005018589859592758,0.005014489975721298,0.005009176010518001,0.005002277861488786,0.004993408196025469,0.004982287307606038,0.004969025666763396,0.004954664464566908,0.0049419491404429925,0.004935398336992892,0.004935400968581927,0.0049419570467244,0.004954677683572714,0.004969044228316911,0.00498231124397496,0.004993437526057671,0.005002312598717863,0.005009216150720452,0.00501453549123342,0.005018640704396755,0.005021840381737336,0.005024374146427761,0.0050264199134479465,0.005028105567441494,0.00502952065158623,0.005030726450191189,0.00503176398990373,0.005032660113607084,0.005033432001821406,0.005034090389021839,0.005034641787619345,0.0050350900422143855,0.005035437324326987,0.005035684815275969,0.005035833137052775,0.005035882547940115
0.005035600839256008,0.005035550877185203,0.0050354008950399326,0.0050351506012130355,0.005034799354645069,0.00503434591658861,0.005033788039334688,0.00503312179603219,0.005032340566459268,0.005031433480502123,0.00503038318860293,0.0050291626160786085,0.005027730522785362,0.005026025312063841,0.005023957075465975,0.005021397487601707,0.005018168154766767,0.005014028907248273,0.00500867060105304,0.005001722686567015,0.004992797671277022,0.00498161640709104,0.0049682913447026255,0.004953868386881586,0.004941101983132104,0.004934523884798866,0.004934526354738174,0.004941109400852811,0.004953880790267086,0.004968308759040043,0.0049816388546341395,0.004992825178901055,0.005001755260341696,0.005008708233990289,0.005014071559912045,0.00501821577123225,0.005021449995142047,0.0050240143751172014,0.005026087288582245,0.005027797010597064,0.005029233432062859,0.005030458111359973,0.005031512274827045,0.005032422944783485,0.005033207446364753,0.005033876602808415,0.005034437016978063,0.005034892583771945,0.0050352455138512175,0.00503549703031613,0.005035647752460619,0.00503569796833948
0.005035427485520783,0.005035376720749079,0.005035224370295723,0.005034970117720727,0.005034613306442508,0.005034152676954282,0.005033585955256956,0.005032909177206643,0.005032115650780433,0.0050311944360329815,0.005030128067759788,0.005028889374794199,0.005027436931320082,0.005025708962370233,0.005023615320350038,0.005021027424294452,0.005017766578031391,0.005013592299270996,0.005008195161279123,0.00500120442212984,0.004992232688103805,0.0049810014581664,0.004967624933592522,0.004953152752602426,0.004940346171543285,0.004933746608781135,0.004933748918225101,0.0049403531160449226,0.004953164363891063,0.004967641237760147,0.004981022475488123,0.0049922584397044225,0.005001234908199278,0.005008230365642434,0.005013632188180706,0.005017811095137781,0.005021076494453273,0.0050236688415718584,0.0050257668079321865,0.005027498945181646,0.005028955383733046,0.005030197860846739,0.005031267769273749,0.005032192271911806,0.005032988780690769,0.005033668215671953,0.005034237240859402,0.005034699794966124,0.005035058131815584,0.005035313493218668,0.005035466518677086,0.005035517496792663
0.005035258749605567,0.00503520724915736,0.005035052650134374,0.005034794643308681,0.0050344325557695165,0.005033965122818406,0.005033390041422481,0.005032703305024861,0.005031898185631859,0.005030963676631717,0.005029882249871803,0.005028626644287975,0.005027155310540826,0.005025406363197145,0.005023289502196901,0.005020675996312602,0.005017386971126443,0.005013181802719777,0.005007750944936857,0.005000723671582505,0.00499171283692561,0.004980440609174969,0.004967022702610732,0.004952511670897479,0.004939673830869677,0.004933057572807385,0.0049330597312540435,0.0049396803227150145,0.004952522519892206,0.0049670379378642954,0.004980460248661412,0.0049917368937138495,0.005000752149206213,0.005007783816941396,0.005013219038505607,0.005017428519404976,0.005020721773173165,0.005023339409434077,0.005025460267866236,0.005027213071421402,0.005028688082063872,0.005029947174635842,0.0050310318559069304,0.005031969368704153,0.005032777214437187,0.005033466370730313,0.00503404355469782,0.005034512736569607,0.005034876203147839,0.005035135218192691,0.0050352904244675535,0.005035342133958431
0.005035095577774424,0.005035043369629749,0.00503488665417589,0.00503462511093315,0.005034258069981421,0.005033784243568348,0.005033201309876259,0.0050325052452932185,0.005031689289506283,0.005030742387824813,0.0050296469836065335,0.005028375728372777,0.005026887040392408,0.005025118942697039,0.005022981071573635,0.005020344607081134,0.005017030620481277,0.0050127984467142105,0.005007338560912433,0.005000280381648677,0.00499123707182332,0.0049799314703739325,0.00496648056390035,0.0049519391470833115,0.00493907723368948,0.004932448124020087,0.004932450139694031,0.0049390832909387014,0.004951949267466043,0.004966494773335703,0.004979949784391203,0.004991259497040796,0.005000306928311813,0.005007369206427162,0.005012833148154656,0.005017069325338478,0.005020387235848757,0.0050230275250054725,0.005025169100984919,0.005026940758621292,0.005028432838988328,0.005029707295432398,0.005030805693448692,0.0050317553448100925,0.0050325737918131015,0.0050332720727640536,0.005033856919203086,0.005034332335545862,0.005034700636406797,0.005034963088274144,0.005035120357896503,0.005035172759849778
0.005034938748647077,0.0050348858793276205,0.005034727186802647,0.0050344623462874665,0.005034090674950095,0.005033610882127879,0.005033020638107544,0.0050323159103245795,0.005031489900080501,0.005030531552044549,0.005029423269259661,0.005028137690081163,0.005026633197954378,0.0050248477862529835,0.005022691069184348,0.005020034213522371,0.005016698313377222,0.005012442735423549,0.005006958073930772,0.004999873947250679,0.004990803866239632,0.004979471306339307,0.004965994294581786,0.004951429320968825,0.004938549038997549,0.0049319101307005115,0.004931912007558259,0.004938554675158427,0.004951438741635918,0.004966007519007371,0.004979488351076745,0.004990824736313749,0.004999898645357317,0.005006986587495451,0.005012475014721373,0.005016734305011617,0.005020073846292051,0.005022734237315334,0.005024894381372866,0.005026683077221423,0.005028190702063153,0.005029479225959008,0.005030590256321099,0.005031551119671431,0.005032379410644658,0.0050330861710928786,0.005033678158974889,0.005034159396904036,0.00503453221296036,0.005034797884089631,0.00503495708921972,0.005035010121615597
0.005034788943201596,0.005034735470963018,0.0050345749427219665,0.005034307035327911,0.0050339310714723655,0.005033445759208517,0.005032848767551596,0.005032136039891559,0.0050313007844355944,0.00503033194823944,0.005029211914111212,0.005027913336883508,0.005026394575036927,0.005024593647210969,0.00502242017603804,0.005019745382421983,0.005016390409329638,0.005012114723665342,0.005006609086065471,0.004999503337464577,0.004990411362215351,0.004979057196372529,0.004965559691330088,0.004950976606490259,0.0049380824335542,0.004931436121931349,0.00493143786447028,0.004938087667105296,0.004950985353809871,0.004965571971328542,0.004979073026758345,0.0049904307526905944,0.004999526274420746,0.005006635556828796,0.005012144694184858,0.0050164238196309515,0.005019782163907974,0.005022460232802206,0.005024636860428266,0.005026440819534683,0.005027962463082659,0.005029263759872247,0.005030386308730819,0.005031357455665693,0.005032194796166917,0.005032909380881578,0.005033507965338171,0.005033994602085883,0.005034371605606898,0.005034640270148969,0.0050348012595359815,0.005034854889294446
0.005034646754247538,0.005034592712917119,0.005034430488141581,0.00503415975773203,0.005033779850615294,0.005033289468813947,0.005032686280067528,0.005031966229588882,0.0050311225518151065,0.005030144176307218,0.005029013519384868,0.005027703229332073,0.005026171703807831,0.005024356991923517,0.00502216876999135,0.005019478332084816,0.005016106900526933,0.005011814088279475,0.005006290834009127,0.004999167220554431,0.004990057487378766,0.004978686137630417,0.00496517267341227,0.0049505757834011795,0.00493767120475282,0.004931019353715605,0.004931020967804564,0.004937676055220127,0.004950583887153404,0.004965184053405799,0.004978700809598262,0.00499007545962622,0.004999188479857885,0.0050063153653515996,0.005011841864625292,0.005016137856130534,0.005019512405130584,0.005022205874194926,0.005024397006234607,0.005026214512067456,0.005027748687021144,0.005029061473563614,0.005030194445292878,0.005031174937848761,0.005032020534529284,0.005032742266569651,0.005033346917289124,0.005033838509437565,0.005034219371932198,0.005034490789325601,0.005034653427926578,0.005034707612007577
0.005034512628933131,0.005034458070349352,0.005034294294883605,0.005034020990789633,0.0050336374764097715,0.005033142467673408,0.005032533632828888,0.005031806947011783,0.005030955642429894,0.005029968668393644,0.005028828474499646,0.005027507730501355,0.00502596488902755,0.005024138041800044,0.005021936949274622,0.005019232979535387,0.005015847475043587,0.005011540207237085,0.005006002288707544,0.004998864048777352,0.004989740035798808,0.004978355133115635,0.0049648293575053504,0.004950222048680317,0.004937309757321838,0.004930653802727774,0.00493065529451536,0.004937314239558906,0.004950229540652172,0.004964839882511244,0.004978368701608688,0.004989756652715947,0.004998883715063687,0.0050060249842016355,0.005011565894813903,0.005015876107668956,0.005019264486087613,0.0050219712472025875,0.005024175031833797,0.0050260044458374535,0.005027549728748043,0.005028872764228661,0.005030015082735158,0.0050310039980520005,0.005031857053471156,0.005032585288852165,0.005033195452293233,0.0050336915670129555,0.005034075953637169,0.005034349887664901,0.005034514042979827,0.005034568731491173
0.0050343869396698784,0.005034331914112936,0.005034166733345785,0.005033891084995112,0.005033504298549468,0.005033005099345656,0.005032391173377986,0.005031658509596903,0.0050308003479058545,0.0050298056936996845,0.005028657008306467,0.005027327022045266,0.005025774227883008,0.005023936794927857,0.005021724565410071,0.00501900900141373,0.0050156115840165,0.005011292228716556,0.005005742224088337,0.004998592126456916,0.0049894567407496974,0.004978061265555762,0.004964526101139423,0.0049499110185558855,0.004936993083539195,0.004930334125638302,0.004930335502220836,0.004936997217942425,0.004949917929873268,0.004964535808566293,0.004978073785568203,0.004989472079175261,0.004998610281553967,0.0050057631712097555,0.005011315936343175,0.005015638014562721,0.005019038077808355,0.005021756212984065,0.005023970921462009,0.005025810716747838,0.0050273657566812695,0.005028697846057919,0.005029848481097369,0.005030844911751313,0.005031704674986345,0.005032438759509535,0.005033053898415629,0.005033554108752961,0.005033941689122981,0.005034217914696287,0.005034383444794933,0.005034438589447445
0.005034269963828285,0.005034214510022354,0.005034048057903058,0.005033770294801109,0.005033380567563459,0.005032877605636533,0.005032259117936043,0.005031521100490924,0.005030656842117668,0.005029655376404836,0.005028499203483113,0.00502716110570955,0.005025599637758088,0.005023753054981723,0.005021531279494427,0.005018805887049376,0.005015398486178629,0.005011069127404896,0.005005509272923127,0.004998349672155893,0.004989205343202317,0.004977801734204708,0.004964259507103766,0.004949638713828431,0.004936716719851129,0.004930055604933513,0.004930056873834803,0.004936720530296533,0.004949645074681676,0.004964268437402332,0.004977813262608891,0.004989219472172029,0.004998366389137142,0.0050055285617291575,0.005011090963136947,0.005015422824213719,0.005018832670139056,0.005021560427176129,0.0050237844798628065,0.005025633236575835,0.005027196760346619,0.005028536788028887,0.005029694743621173,0.005030697849578306,0.005031563572181244,0.005032302874504496,0.005032922479066223,0.0050334263659987406,0.005033816823728365,0.005034095110010489,0.005034261878677734,0.005034317435651473
0.005034161863091759,0.005034106029892288,0.0050339384371237425,0.005033658788703457,0.005033266431251896,0.005032760117043637,0.005032137565847754,0.005031394806239436,0.005030525171449358,0.005029517712662999,0.0050283549919180265,0.005027009837771432,0.0050254408879175545,0.005023586471557401,0.005021356601848753,0.00501862296711245,0.00501520728920952,0.005010869754636536,0.005005301980337827,0.0049981348733890325,0.004988983626958161,0.004977573867443179,0.0049640264264160325,0.004949401537184763,0.00493647670027666,0.004929814073902756,0.004929815239728664,0.004936480200471558,0.004949407379148414,0.004964034630156777,0.004977584454176541,0.004988996600980186,0.004998150229023291,0.005005319704202702,0.00501088982005994,0.005015229655970026,0.005018647579948002,0.005021383389586191,0.0050236153479408146,0.005025471761741494,0.005027042595035967,0.005028389510321995,0.005029553872163086,0.005030562830624627,0.005031433805080727,0.00503217774062021,0.005032801310054456,0.005033308472220542,0.005033701496851164,0.005033981624800044,0.005034149497511294,0.00503420542274487
0.005034062730644571,0.005034006559300729,0.005033837957176509,0.005033556632157699,0.005033161944961673,0.005032652664477722,0.005032026527928337,0.0050312796097973025,0.005030405260072803,0.005029392582503346,0.005028224183783198,0.0050268729593238946,0.005025297619157055,0.005023436566825771,0.005021199913218463,0.005018459445039292,0.005015036997729025,0.0050106928829549546,0.00500511884521374,0.0049979459218333225,0.0049887894349022605,0.00497737513483671,0.004963823961185279,0.00494919623833716,0.004936269489374739,0.004929605838820609,0.004929606904993394,0.004936272691040134,0.004949201590613275,0.004963831481194738,0.004977384828149786,0.0049888013165024616,0.004997959992421078,0.005005135089972284,0.005010711279790114,0.005015057504552656,0.005018482010212385,0.005021224471145198,0.005023463042701306,0.005025325922538303,0.00502690299002639,0.005028255827889944,0.005029425728380698,0.00503043977138624,0.0050313153504445264,0.005032063348366112,0.005032690409158622,0.005033200465690576,0.005033595759120588,0.005033877515447782,0.0050340463732473795,0.005034102628907885
0.0050339725735098146,0.00503391610177305,0.005033746610976079,0.005033463809363939,0.0050330670795089225,0.005032555193353365,0.005031925928437881,0.005031175384098893,0.005030296943197927,0.00502927976394537,0.005028106493040966,0.005026750102034203,0.005025169361586205,0.005023302757356479,0.005021060490135903,0.005018314439852137,0.005014886549039905,0.0050105372372316465,0.005004958349812973,0.0049977810282904956,0.004988620689845851,0.0049772031615859256,0.004963649444440921,0.004949019870600777,0.004936091918921723,0.0049294276180829565,0.004929428590441044,0.00493609484018825,0.004949024757450578,0.004963656310480249,0.004977212016109303,0.004988631547045682,0.0049977938854931,0.005004973198046515,0.005010554054344793,0.005014905302028347,0.005018335075937951,0.005021082950082632,0.0050233269708430854,0.005025195248902254,0.005026777571372915,0.005028135440158765,0.00502931007349587,0.005030328508444906,0.005031208068702491,0.005031959598839312,0.005032589708229576,0.005033102296376525,0.005033499581589854,0.005033782770660823,0.0050339524961405075,0.005034009043404764
0.0050338913154624925,0.005033834586700693,0.005033664316163382,0.005033380233389463,0.0050329817192035515,0.005032467571571078,0.005031835600484066,0.005031081922664289,0.005030199975571342,0.005029178945362761,0.0050280015445468085,0.005026640803986983,0.00502505555871403,0.005023184378100768,0.005020937537245196,0.005018187011741688,0.005014754834759521,0.005010401512514039,0.005004818977321831,0.004997638447644201,0.004988475411171182,0.004977055728738395,0.0049635004120130955,0.004948869751648024,0.004935941144306796,0.0049292764834200165,0.004929277368075471,0.004935943802823646,0.004948874196798828,0.004963506655388005,0.004977063791587049,0.0049884853036327335,0.004997650166194289,0.005004832509380308,0.005010416841474051,0.005014771931012722,0.005018205831349462,0.005020958021213805,0.005023206469060762,0.005025079180804072,0.005026665866905841,0.005028027952461325,0.005029206600998352,0.005030228772597032,0.005031111741142307,0.005031866316438819,0.005032499060921802,0.005033013844249877,0.005033412856804118,0.0050336972979901345,0.0050338677807768685,0.005033924585032377
0.005033818824699259,0.0050337618697619034,0.005033590927202314,0.005033305735681158,0.005032905679650612,0.005032389595402536,0.005031755300849864,0.005030998952685092,0.005030114025836984,0.005029089742647877,0.005027908886290966,0.005026544533676716,0.005024955591480501,0.005023080699728112,0.005020830207876591,0.005018076175253721,0.0050146407124640685,0.005010284396492511,0.005004699233247788,0.004997516501930924,0.004988351719650006,0.004976930752443707,0.004963374582725801,0.004948743437929809,0.004935814600724797,0.0049291498013705965,0.004929150602314132,0.004935817010551033,0.004948747465047644,0.004963380242826384,0.004976938066918391,0.004988360698986888,0.004997527148274546,0.0050047115320799584,0.005010298327584563,0.005014656247798015,0.005018093282807114,0.00502084884216579,0.0050231007933571525,0.005024977083594293,0.005026567332886152,0.005027932917371353,0.005029114913386821,0.005030140223531971,0.005031026085434074,0.0050317832499203775,0.005032418247079987,0.005032934911506196,0.005033335415024414,0.005033620936778531,0.005033792071784059,0.005033849091146625
0.005033754897598499,0.005033697743968339,0.00503352623062551,0.005033240085411092,0.005032838723004265,0.005032320990777538,0.005031684724723923,0.0050309261284870056,0.005030038696222082,0.005029011713771735,0.005027828006958169,0.005026460704527074,0.005024868785554973,0.005022990946091902,0.005020737613368673,0.0050179809160591435,0.005014543027305787,0.005010184591540058,0.005004597668563496,0.004997413574357101,0.0049882478257134094,0.00497682627342246,0.004963269851009135,0.00494863869904279,0.0049357099558325,0.004929045188780081,0.004929045912413391,0.0049357121288148426,0.0049486423345310795,0.004963274968390944,0.004976832886489619,0.004988255943925441,0.004997423205312645,0.005004608806031918,0.00501019720873847,0.0050145571003015876,0.0050179964231656035,0.005020754502713145,0.0050230091668765475,0.005024888270394342,0.005026481387180312,0.005027849811260852,0.005029034548725486,0.005030062466668949,0.00503095074448232,0.005031710084396461,0.005032346983363388,0.005032865245303305,0.005033267017125949,0.005033553456353393,0.005033725144876878,0.005033782349483147
0.00503369926602317,0.005033641952369427,0.005033469954157509,0.005033183006597297,0.005032780546960617,0.005032261422395305,0.005031623512119133,0.005030863045419229,0.005029973548663159,0.005028944362117421,0.0050277583427181406,0.005026388683069506,0.005024794420757899,0.005022914308003524,0.005020658840784105,0.005017900207421199,0.005014460635072473,0.005010100825155996,0.005004512873596445,0.0049973281052376655,0.004988162028617461,0.004976740464050862,0.004963184271311388,0.004948553480218716,0.004935625082142458,0.004928960480869366,0.004928961129741934,0.004935627034373259,0.004948556752866966,0.004963188877634481,0.0049767464186080525,0.004988169340964474,0.004997336781941422,0.005004522911281677,0.005010112206725052,0.005014473345855407,0.005017914205745058,0.005020674097144555,0.005022930770991947,0.005024812028862678,0.005026407385927686,0.005027778052515719,0.005028965004985093,0.005029995050105854,0.005030885306629526,0.005031646449920676,0.005032284932112386,0.005032804528240351,0.005033207363747786,0.005033494572566053,0.005033666732748761,0.005033724098372174
0.005033651628155669,0.005033594185275387,0.005033421778772809,0.005033134167642008,0.005032730787932759,0.00503221051320324,0.005031571257337854,0.005030809260823586,0.005029918099726669,0.005028887141143734,0.005027699288324722,0.005026327799106976,0.005024731749582711,0.005022849953799562,0.005020592966885103,0.005017833023529558,0.005014392405961783,0.005010031851446333,0.005004443475779664,0.004997258604935252,0.004988092728675003,0.004976671613682952,0.004963116029921807,0.0049484858879714445,0.004935558032982501,0.00492889369293806,0.004928894270234645,0.004935559778509777,0.004948488817587053,0.004963120157973441,0.004976676950071114,0.0049880992870784645,0.004997266386158084,0.005004452482441926,0.005010042079962125,0.005014403828375333,0.0050178456123405,0.005020606693806926,0.0050228647704699475,0.005024747607357557,0.005026344639826149,0.005027717041190859,0.005028905733845169,0.00502993746731427,0.0050308293210421864,0.005031591925782831,0.00503223170399963,0.0050327523998057065,0.005033156112103471,0.005033443961895812,0.00503361651232642,0.005033674008865837
0.005033611638050373,0.005033554082512959,0.005033381341787992,0.005033093183797585,0.005032689051143147,0.005032167852434542,0.005031527511575701,0.005030764294829751,0.005029871815542943,0.005028839468584389,0.005027650215196431,0.005026277356097944,0.005024680006307771,0.00502279704195057,0.0050205390635963435,0.0050177783499723095,0.005014337225334951,0.005009976451794261,0.005004388157604551,0.004997203658801819,0.004988038413446747,0.0049766181128440045,0.004963063440493984,0.004948434176018682,0.004935507002978912,0.004928842999181246,0.004928843514371523,0.0049355085532224886,0.004948436781083722,0.004963067120417887,0.004976622873745949,0.004988044259989077,0.004997210606002092,0.00500439620827956,0.00500998559386884,0.005014347439120403,0.00501778962028619,0.005020551355663401,0.005022810322614379,0.005024694224213733,0.005026292450005135,0.0050276661381333885,0.005028856149377928,0.005029889185478721,0.005030782290287308,0.005031546059799006,0.005032186873923047,0.005032708451392159,0.00503311287245498,0.00503340124785726,0.005033574119195286,0.005033631722085558
0.005033578897934284,0.005033521248701175,0.005033348242025288,0.005033059642130926,0.005032654916982613,0.005032132987548326,0.005031491789101138,0.005030727626244453,0.0050298341321711616,0.0050288007446150015,0.0050276104721950435,0.0050262366395387665,0.005024638416291451,0.005022754727341218,0.0050204962089883355,0.005017735181732524,0.0050142940007554225,0.005009933448235074,0.005004345657732273,0.004997161920337645,0.0049879976462025135,0.004976578457089396,0.004963024931307354,0.0049483967100101105,0.00493547032400142,0.004928806719899866,0.004928807176319966,0.004935471697430951,0.00494839901421315,0.0049630281875120705,0.004976582674306982,0.004988002834030563,0.004997168090644647,0.005004352807685993,0.005009941573726137,0.005014303092451175,0.00501774521553976,0.005020507160432276,0.005022766565879148,0.005024651094630285,0.005026250105481589,0.005027624681120959,0.005028815639261519,0.0050298496408334925,0.005030743695415254,0.0050315083531851015,0.005032149971873627,0.005032672244608649,0.00503307723350838,0.00503336602249064,0.00503353914959667,0.0050335968407970565
0.005033552981459448,0.0050334952626251055,0.005033322048111641,0.005033033107630705,0.005032627925581753,0.005032105428824265,0.005031463580757629,0.00503069870892068,0.005029804474062511,0.005028770354295377,0.005027579386057805,0.0050262049271064995,0.005024606200361415,0.005022722163610817,0.005020463488504791,0.0050177025307703155,0.005014261673679994,0.005009901711973358,0.005004314765960486,0.004997132102355167,0.004987969073330335,0.0049765512285922485,0.004962999025809676,0.004948371969519211,0.004935446458255796,0.004928783294324377,0.004928783696417666,0.004935447665654906,0.004948373995456763,0.004963001882919112,0.0049765549418325835,0.004987973647680426,0.004997137537884696,0.00500432107183569,0.005009908894376684,0.005014269714299224,0.005017711411690063,0.005020473188404114,0.005022732651587698,0.005024617437984055,0.0050262168743530735,0.0050275919933308625,0.005028783572959639,0.005029818245228438,0.005030712979006161,0.005031478296430146,0.005032120516338898,0.005032643314077758,0.005033048733770765,0.005033337848854284,0.005033511173071242,0.0050335689241797
0.005033533444975758,0.005033475676834061,0.0050333023040584806,0.005033013111043445,0.005032607584746571,0.005032084671774506,0.005031442359270528,0.005030676988320365,0.005029782253056753,0.005028747661897441,0.005027556274400346,0.005026181493086235,0.005024582575776201,0.005022698510320485,0.005020440002605847,0.005017679441864601,0.005014239224241249,0.0050098801501451,0.005004294323402717,0.004997112979320001,0.004987951415190174,0.004976535089918461,0.00496298434053066,0.004948358544841209,0.004935433967287104,0.004928771273126984,0.004928771621230098,0.004935435016339392,0.004948360309858323,0.004962986835743468,0.0049765383269008544,0.004987955408378443,0.004997117731413049,0.005004299848959587,0.00500988644243028,0.005014246281346597,0.005017687249097627,0.005020448534086057,0.005022707737799249,0.005024592473085228,0.005026192018804527,0.005027567384455938,0.005028759313063107,0.005029794403378831,0.005030689584615475,0.005031455344443054,0.005032097988246238,0.005032621167694623,0.0050330269066120705,0.005033316258232903,0.005033489724745728,0.005033547523658262
0.005033519824119648,0.00503346201864512,0.005033288532871403,0.005032999158798794,0.005032593392408707,0.005032070202269847,0.005031427581427408,0.005030661894716902,0.005029766863112111,0.005028732021242795,0.0050275404579618686,0.005026165611888042,0.0050245667678955365,0.00502268294506808,0.005020424879442278,0.005017664983013386,0.005014225659371901,0.0050098677094833925,0.005004283222193034,0.004997103392649098,0.004987943460593361,0.004976528779704513,0.004962979579465683,0.004948355118530401,0.004935431506798942,0.0049287693023821145,0.00492876959856852,0.0049354324071696955,0.004948356640652865,0.004962981734421257,0.004976531571973861,0.004987946907142339,0.004997107514098737,0.0050042880139479955,0.005009873175469556,0.005014231799401382,0.005017671781162482,0.0050204323191976345,0.005022690999591561,0.0050245754114152715,0.005026174813454496,0.005027550175979401,0.005028742215169156,0.0050297774975790075,0.005030672923549273,0.005031438951919437,0.005032081864807678,0.005032605298275509,0.0050330112529545275,0.0050333007657326866,0.005033474332083703,0.0050335321715464145
0.005033511634586998,0.005033453799995504,0.005033280242516769,0.0050329907513036445,0.005032584840892489,0.0050320614865521415,0.005031418690326589,0.005030652843937883,0.00502975769196148,0.005028722792911302,0.005027531261776783,0.005026156566195028,0.005024558018462573,0.005022674663370624,0.005020417264710793,0.005017658242811719,0.005014220019836325,0.005009863384624473,0.005004280406778932,0.00499710224374189,0.004987944057032748,0.004976531112152263,0.004962983538711826,0.004948360446824732,0.004935437822099662,0.004928776113619796,0.004928776366663652,0.004935438587898213,0.004948361734322399,0.004962985367649805,0.004976533494935083,0.004987947003805217,0.004997105767822351,0.0050042845144196955,0.005009868084704421,0.005014225304664892,0.005017664101380878,0.0050204236830307366,0.005022681624277959,0.005024565494811463,0.005026164527597158,0.005027539675431378,0.005028731632746607,0.005029766921237459,0.005030662411546285,0.005031428556288938,0.005032071610123688,0.005032595183828962,0.005033001264760979,0.0050332908764474825,0.005033464505185478,0.005033522360537283
0.0050335083774521215,0.005033450527239564,0.005033276932544944,0.005032987383219422,0.0050325814077929664,0.005032057979719323,0.005031415124559642,0.005030649254458231,0.00502975413542366,0.005028719340957558,0.005027528013952753,0.00502615364880767,0.005024555581229655,0.005022672876556768,0.005020416321268203,0.005017658348970582,0.00501422138610202,0.00500986621103451,0.005004284874965036,0.004997108481532158,0.004987952120184873,0.004976540986227136,0.004962995072254686,0.004948373363334131,0.004935451731443547,0.004928790532705645,0.004928790745213863,0.004935452369468508,0.004948374438291899,0.004962996595392637,0.004976542983728215,0.00498795460347964,0.004997111447495922,0.00500428835136847,0.005009870195577027,0.0050142258723590094,0.005017663335788525,0.005020421791601773,0.005022678813078745,0.005024561959937756,0.005026160456659482,0.005027535224276292,0.005028726917964773,0.0050297620449926,0.005030657469708956,0.005031423597607541,0.005032066675065476,0.00503259029389896,0.0050329964244109045,0.005033286079427895,0.0050334597368808425,0.005033517597697169
0.005033509551932784,0.0050334517026568056,0.005033278098323517,0.005032988540661835,0.005032582560560605,0.005032059140937851,0.005031416329182411,0.00503065055197324,0.005029755588526359,0.005028721030643059,0.005027530052163931,0.005026156164971049,0.005024558722509355,0.005022676817542575,0.005020421246800007,0.0050176644591098715,0.005014228875915805,0.005009875274116018,0.0050042956691249765,0.004997121109558274,0.004987966640758446,0.004976557343415484,0.004963013099103926,0.004948392779940396,0.004935472145111111,0.0049288114484511425,0.004928811617270466,0.0049354726640122035,0.004948393658359979,0.004963014348854863,0.004976558982642722,0.004987968681658918,0.0049971235693412296,0.00500429855089568,0.005009878588261674,0.005014232621669139,0.005017668630335221,0.0050204258318392245,0.005022681801455355,0.005024564093094059,0.005026161903165891,0.005027536136812849,0.0050287274298946106,0.005029762278673298,0.005030657503851388,0.005031423506638693,0.0050320665122609,0.005032590097038301,0.005032996217418684,0.005033285863253538,0.0050334595142987855,0.005033517377035193
0.005033514664874326,0.005033456824943741,0.005033283232066453,0.0050329937050128445,0.005032587772767451,0.005032064435465345,0.00503142175221326,0.0050306561593656185,0.00502976144874966,0.00502872724231963,0.005027536727870312,0.005026163433416891,0.005024566734156801,0.005022685744435832,0.00502043126785428,0.0050176757629221014,0.005014241652709012,0.00500988969845795,0.005004311871501232,0.004997139199818197,0.004987986645825525,0.004976579189575151,0.004963036617406191,0.004948417682177817,0.004935498024396269,0.004928837819488623,0.004928837958858453,0.004935498436365712,0.0049484183765174175,0.004963037614240875,0.004976580494603119,0.004987988278638191,0.004997141184936553,0.005004314203867965,0.005009892381507423,0.005014244707608899,0.005017679178693331,0.005020435032037047,0.005022689847231888,0.0050245711710970005,0.005026168179839144,0.005027541764028765,0.005028732552931057,0.005029767007899587,0.005030661935119178,0.005031427727770391,0.0050320705850155495,0.005032594064089994,0.005033000106643947,0.005033289707934626,0.005033463338418473,0.005033521206614069
0.0050335232227372885,0.005033465388663285,0.005033291827952486,0.005033002363539345,0.005032596527033521,0.005032073331818411,0.005031430841368708,0.005030665504898642,0.005029771133649203,0.0050287373690267225,0.0050275474056635915,0.005026174795248691,0.005024578934075052,0.005022698942945063,0.005020445638750142,0.005017691489795013,0.005014258912819554,0.00500990863762948,0.005004332630709554,0.004997161865839317,0.004988011219282244,0.004976605600915753,0.004963064686694891,0.004948447101910471,0.00493552839886155,0.0049288686917463515,0.004928868797493357,0.004935528713815757,0.004948447629990745,0.004963065435243645,0.0049766065972224206,0.00498801248065714,0.004997163400447346,0.005004334451522842,0.005009910750597108,0.005014261320194713,0.005017694198865769,0.005020448645104346,0.005022702235307663,0.0050245825000562105,0.005026178622337813,0.0050275514769412815,0.005028741668353057,0.005029775644885639,0.005030670202820175,0.0050314357076189555,0.005032078339173841,0.005032601659547366,0.005033007587473146,0.0050332971134859975,0.005033470709097648,0.005033528568056259
0.005033534723007982,0.0050334768954905336,0.00503330338890829,0.005033014014749166,0.0050326083124039,0.005032085302710895,0.005031443056612076,0.005030678036496404,0.0050297840740388365,0.005028750813445244,0.005027561472120949,0.005026189618543299,0.005024594659974647,0.005022715724443863,0.005020463649810379,0.005017710901481783,0.005014279880358514,0.005009931310464467,0.00500435713652535,0.004997188260714445,0.004988039512653281,0.0049766357088901515,0.004963096403066314,0.004948480144634985,0.004935562378721108,0.00492890314485838,0.004928903215675737,0.004935562597891493,0.004948480512087246,0.004963096930925326,0.004976636415909551,0.004988040423849465,0.0049971893828454055,0.005004358481790129,0.005009932891436432,0.005014281694132351,0.005017712961028519,0.005020465954378423,0.005022718263212249,0.005024597421904517,0.005026192596082088,0.005027564651680723,0.005028754181471813,0.00502978761732591,0.00503068174078824,0.005031446893852774,0.005032089258258719,0.005032612369506805,0.005033018148818155,0.005033307576595111,0.005033481121781032,0.005033538949550678
0.005033548671909727,0.005033490866055606,0.005033317428539098,0.005033028165056423,0.005032622626325256,0.005032099834184369,0.0050314578733400344,0.005030693217818503,0.005029799710097856,0.005028767003876866,0.005027578338408452,0.005026207288442902,0.00502461327325925,0.005022735434902232,0.00502048462432465,0.005017733290629443,0.005014303831945478,0.005009956976910618,0.005004384607984493,0.004997217606941963,0.004988070720616045,0.00497666867401416,0.004963130946328604,0.00494851597159457,0.004935599107819549,0.004928940328740917,0.004928940372396936,0.004935599233264431,0.0049485161885275564,0.004963131272738761,0.004976669118558495,0.004988071301308073,0.0049972183465317906,0.005004385519668075,0.005009958062112709,0.0050143051068804395,0.005017734749112588,0.00502048627606062,0.005022737280425415,0.005024615293330489,0.005026209479767628,0.005027580691658796,0.005028769518713788,0.005029802368851313,0.005030696002705027,0.00503146075814123,0.00503210281663794,0.005032625691838555,0.0050330312949979465,0.005033320606700232,0.005033494069993879,0.005033551868106082
0.005033564605745757,0.005033506832460794,0.005033333469512803,0.005033044332623854,0.005032638975634705,0.005032116427866506,0.005031474782060413,0.005030710526307897,0.005029817506592834,0.005028785392792818,0.005027597434480246,0.005026227216374076,0.005024634168977458,0.005022757455561761,0.0050205079101711,0.005017757985088536,0.005014330092572633,0.005009984918193483,0.005004414334768947,0.004997249156305897,0.004988104071284115,0.00497670373821824,0.004963167538459206,0.004948553797835254,0.004935637791416974,0.004928979455338824,0.004928979470360864,0.0049356378331713,0.004948553875239033,0.0049631676701939334,0.004976703943036439,0.004988104361206048,0.0049972495454624335,0.005004414839005716,0.005009985556387674,0.005014330865179511,0.005017758896389573,0.005020508961173132,0.005022758650593664,0.0050246355077047285,0.005026228683743071,0.005027599037271841,0.00502878712280631,0.005029819341890803,0.005030712455277893,0.00503147679875187,0.005032118521452504,0.0050326411321847675,0.005033046539133847,0.005033335706141568,0.00503350908110222,0.005033566847645964
0.005033582077533804,0.005033524332132776,0.005033351047380971,0.0050330620488235394,0.005032656886181822,0.005032134602054648,0.005031493294124774,0.00503072946071552,0.005029836950945369,0.0050288054524237685,0.0050276182162917096,0.0050262488444017,0.005024656778871427,0.005022781183588272,0.005020532885899004,0.005017784364706979,0.005014358005703973,0.005010014482197838,0.00500444562360339,0.004997282203717031,0.004988138872911063,0.004976740189740516,0.004963205446419379,0.004948592880010153,0.004935677701333697,0.004929019783872053,0.004929019767379265,0.004935677667839864,0.004948592838196508,0.0049632054009918075,0.00497674016619677,0.004988138891800056,0.004997282282784886,0.00500444576263815,0.005010014699651947,0.005014358317015905,0.0050177847746415,0.00502053339199425,0.005022781785355277,0.005024657485438785,0.005026249650493998,0.005027619124146199,0.0050288064494816214,0.0050298380315993586,0.005030730611267196,0.005031494516184513,0.005032135880305813,0.005032658208771329,0.00503306339816642,0.005033352409925162,0.005033525698255792,0.005033583444287839
0.005033600638872608,0.00503354291782641,0.005033369719531315,0.0050330808632924676,0.005032675907490286,0.005032153897644509,0.0050315129417560405,0.0050307495412373945,0.005029857553099673,0.005028826676893447,0.005027640167964086,0.005026271644160442,0.0050246805515773854,0.005022806044211743,0.00502055898595629,0.005017811834700763,0.005014386968699181,0.005010045030720803,0.005004477833757279,0.004997316123248211,0.004988174460320982,0.004976777350543376,0.004963243990193205,0.004948632545474418,0.004935718147639697,0.0049290606253364466,0.004929060590877992,0.004935718047131563,0.004948632388366798,0.004963243787305696,0.004976777121303564,0.0049881742331599295,0.004997315903875916,0.005004477642456035,0.005010044875162733,0.005014386857722452,0.005017811783028178,0.0050205589938442765,0.005022806111708511,0.005024680674491561,0.005026271843458445,0.00502764043789735,0.005028827006078494,0.005029857939944166,0.0050307499781682315,0.005031513430922997,0.00503215442431604,0.005032676457337283,0.00503308142077286,0.0050333702823451305,0.005033543488405753,0.005033601222453522
0.005033619861389812,0.005033562170109081,0.005033389061808915,0.0050331003506603215,0.005032695607484631,0.00503217387803334,0.0050315332787577325,0.005030770310972147,0.005029878847190268,0.005028848584451709,0.005027662801014977,0.005026295111420585,0.00502470495741117,0.00502283152377797,0.00502058567023465,0.005017839842272539,0.005014416397144056,0.0050100759863665025,0.005004510387686747,0.004997350296169477,0.004988210222757937,0.004976814596215305,0.004963282548203625,0.004948672161988527,0.004935758494094476,0.004929101346712541,0.004929101294138039,0.0049357583341823556,0.004948671898249908,0.004963282200643875,0.004976814186222188,0.0049882097630023535,0.0049973498071689765,0.005004509893319382,0.00501007549308249,0.005014415908066822,0.00501783936057749,0.005020585219895916,0.005022831107004977,0.005024704567466402,0.005026294752581865,0.005027662482819274,0.005028848306072584,0.005029878597460459,0.005030770095048952,0.005031533088534644,0.005032173710177216,0.005032695444032149,0.005033100188097301,0.005033388901579125,0.00503356203456806,0.005033619731609286
0.005033639348926194,0.0050335816917796185,0.005033408668364114,0.005033120107587476,0.005032715577390362,0.005032194127059818,0.005031553880832973,0.005030791338184609,0.0050299003863772855,0.005028870729669002,0.005027685655938095,0.0050263187610933195,0.005024729523124487,0.005022857137244038,0.005020612431173223,0.005017867852958514,0.0050144457726558275,0.005010106816050267,0.005004542728877303,0.004997384164465399,0.00498824558539642,0.004976851357904264,0.004963320540290435,0.00494871113436472,0.004935798156616163,0.004929141363865053,0.004929141288397029,0.00493579793845988,0.004948710782325568,0.00496332006778847,0.004976850780398148,0.00498824491491282,0.00499738343183119,0.005004541953712187,0.005010106007323863,0.005014444937811588,0.005017867000245612,0.00502061156275657,0.005022856266181502,0.005024728664988741,0.005026317904879992,0.005027684803327374,0.005028869896776731,0.005029899563822079,0.005030790521188163,0.005031553070598808,0.005032193319003983,0.005032714765302343,0.005033119293856089,0.005033407870660583,0.005033580906096745,0.0050336385793085655
0.005033658728078161,0.005033601102107266,0.005033428164010727,0.00503313975224614,0.0050327354284160275,0.0050322142521392835,0.005031574344420379,0.005030812216780833,0.005029921761837631,0.005028892697621154,0.0050277082851184875,0.005026342162192682,0.005024753819658287,0.005022882413329688,0.00502063878593963,0.005017895400031171,0.0050144746119334584,0.005010137016402919,0.005004574344161656,0.00499741720884083,0.004988280023341245,0.0049768871001634905,0.004963357425849946,0.004948748940121026,0.004935836599001949,0.0049291801250419395,0.004929180032574725,0.004935836329925203,0.004948748510348669,0.004963356838451824,0.004976886368254109,0.004988279169957971,0.0049974162596898705,0.005004573316386756,0.0050101359198204635,0.005014473458802748,0.00501789420037843,0.005020637540493761,0.005022881132486359,0.005024752526531777,0.0050263408624696805,0.005027706962855727,0.005028891358137694,0.005029920416949341,0.005030810860210769,0.005031572969603025,0.005032212869086663,0.005032734034288202,0.005033138356556403,0.005033426784356081,0.00503359973543774,0.005033657360562487
0.005033677649691472,0.005033620047896528,0.005033447194263129,0.005033158923541007,0.005032754797196023,0.005032233885331856,0.005031594299255986,0.005030832572574454,0.005029942597594878,0.0050289140799377055,0.005027730301912477,0.005026364931638041,0.005024777414350199,0.00502290691768971,0.005020664314140085,0.005017922046841944,0.005014502454316674,0.005010166123444139,0.005004604762688878,0.004997448949852708,0.004988313061886397,0.004976921343723002,0.004963392718171102,0.004948785082981184,0.004935873323870282,0.004929217143881128,0.004929217039468247,0.004935873009039127,0.004948784573268409,0.004963392029050665,0.004976920477658745,0.00498831205045369,0.004997447809153478,0.005004603503117699,0.005010164766107158,0.005014501009114514,0.005017920526030332,0.005020662732777343,0.005022905281870841,0.00502477572724798,0.005026363213834627,0.005027728560920625,0.0050289122905412,0.005029940774309886,0.005030830729244758,0.005031592431273123,0.00503223199196729,0.005032752885066817,0.005033157010619274,0.005033445291711898,0.005033618143509088,0.00503367573985214
0.005033695781844988,0.005033638201005699,0.005033465427841561,0.005033177288617331,0.005032773352730949,0.005032252685336663,0.005031613409317792,0.005030852065149026,0.005029962531477697,0.00502893452327393,0.005027751367404157,0.005026386673290462,0.005024799910254923,0.005022930278197032,0.00502068862143281,0.005017947377218885,0.005014528881069278,0.005010193719063804,0.005004633563278955,0.0049974789687215315,0.0049883442579124315,0.004976953635937046,0.004963425985047023,0.004948819117216811,0.0049359078777442755,0.004929251972257738,0.004929251856125046,0.004935907526758901,0.0049488185354204725,0.004963425200907659,0.004976952661279631,0.004988343096702369,0.004997477643102193,0.0050046320996448325,0.0050101921332928725,0.005014527183051281,0.005017945576440076,0.00502068673243085,0.005022928316805682,0.005024797884047455,0.005026384581475612,0.005027749221188895,0.005028932335094197,0.0050299602930400185,0.005030849787463895,0.00503161111067047,0.005032250341437004,0.005032770986498341,0.00503317491564948,0.00503346305346281,0.0050336358205758805,0.005033693410108321
0.005033712819685265,0.005033655263588895,0.005033482565068412,0.0050331945461246875,0.005032790788448542,0.005032270349734247,0.0050316313707625855,0.005030870370917425,0.00502998124058037,0.005028953730480258,0.0050277711127892704,0.0050264070366570724,0.005024820985674028,0.005022952135372274,0.005020711333647231,0.005017971023147075,0.005014553534795749,0.005010219426445069,0.005004660361414566,0.004997506862721931,0.004988373219679964,0.004976983596763912,0.004963456813292516,0.004948850627115582,0.004935939871836836,0.004929284210449549,0.004929284076650282,0.004935939480129325,0.004948849992654179,0.004963455942334306,0.004976982511170306,0.004988371930132461,0.004997505385683085,0.005004658720484412,0.005010217633173752,0.005014551606599534,0.005017968976889214,0.0050207091768740214,0.005022949883801558,0.005024818645600663,0.005026404619980829,0.005027768622009259,0.0050289511775149605,0.005029978641739067,0.005030867724646361,0.005031628672553848,0.005032267615923845,0.005032788024190174,0.0050331917766472225,0.0050334797777247505,0.005033652469886471,0.005033709968374449
0.005033728497923701,0.005033670967213846,0.005033498334291417,0.0050332104279552725,0.005032806832363641,0.005032286607750432,0.005031647892478955,0.005030887200671289,0.005029998457291629,0.005028971369050067,0.0050277892441159,0.005026425736650116,0.005024840314938564,0.005022972167063734,0.005020732137175776,0.005017992665552037,0.005014576068710146,0.0050102429057272795,0.005004684815326385,0.004997532287408595,0.004988399597644298,0.00497701086061259,0.004963484843318255,0.004948879275817907,0.004935968938812391,0.004929313487181924,0.004929313342209467,0.0049359685134355525,0.004948878587879966,0.004963483903536858,0.0049770096805075124,0.004988398195962943,0.004997530678551006,0.005004683009969897,0.005010240933169438,0.005014573943635007,0.005017990398178364,0.00502072974885136,0.005022969659260197,0.0050248377051290045,0.005026423038356347,0.00502778646608997,0.005028968512253306,0.005029995536906211,0.00503088422385616,0.005031644854402278,0.005032283523627976,0.005032803731548012,0.005033207298148749,0.005033495179564561,0.005033667766086174,0.005033725315234083
0.005033742578658453,0.005033685072555771,0.005033512498021594,0.005033224693900507,0.00503282124126746,0.0050323012074561975,0.005031662717092015,0.0050309023176040215,0.005030013895152075,0.005028987185510968,0.00502780550579623,0.005026442494819238,0.0050248576287955414,0.005022990094101932,0.0050207507434449706,0.005018012005347146,0.005014596197530248,0.005010263859110499,0.00500470661140271,0.004997554944124997,0.004988423083968929,0.004977035113627595,0.004963509768542699,0.0049489047328054175,0.00493599475956223,0.004929339496535549,0.004929339348960443,0.004935994316098483,0.004948903999290406,0.004963508763203154,0.004977033851250831,0.004988421578737829,0.004997553214901196,0.0050047046772744835,0.0050102617312968965,0.005014593902868716,0.0050180095589371365,0.005020748150962821,0.005022987372382903,0.005024854797495783,0.005026439560516954,0.0050278024765708605,0.0050289840785217406,0.00503001070108397,0.005030899042145056,0.0050316593808200265,0.005032297829255816,0.005032817836735947,0.005033221257243218,0.005033509013636011,0.005033681565708172,0.005033739093091171
0.005033754856454379,0.005033697369720308,0.005033524844694724,0.005033237129997457,0.005032833802404182,0.005032313927094825,0.005031675641383549,0.005030915474169692,0.005030027336062789,0.00502900096584142,0.00502781966244872,0.005026457071607064,0.005024872681234593,0.005023005676852814,0.005020766906272289,0.005018028795246568,0.0050146136589661865,0.005010282023718095,0.005004725504406951,0.004997574560936096,0.004988443404158798,0.004977056090242715,0.0049635313160747195,0.0049489267304480625,0.004936017072240376,0.004929361969595279,0.004929361808703748,0.004936016602038277,0.00494892595745763,0.004963530252266653,0.004977054756905387,0.004988441818133152,0.004997572735754332,0.00500472345700512,0.005010279775687875,0.005014611226440933,0.005018026193420912,0.005020764147840193,0.005023002788820469,0.005024869668499338,0.005026453941752308,0.005027816426357563,0.005028997628091121,0.0050300238999710315,0.00503091195661484,0.005031672062745821,0.005032310311072962,0.005032830127803036,0.005033233414356933,0.005033521089548533,0.005033693623360662,0.005033751139783103
0.005033765152342098,0.005033707675467854,0.005033535194097681,0.005033247557611167,0.005032844331025322,0.005032324585727165,0.005031686460479008,0.005030926499209289,0.00503003860244002,0.005029012501082432,0.005027831508569107,0.00502646927079343,0.005024885275279204,0.005023018707188814,0.005020780414444693,0.0050180428253171205,0.005014628240428227,0.0050102971831458435,0.005004741260047554,0.0049975909178666105,0.004988460341849826,0.0049770735642560675,0.004963549255966648,0.004948945041568514,0.004936035633854626,0.004929380660568946,0.004929380500748323,0.004936035148754661,0.00494894423739205,0.004963548148768964,0.004977072174986843,0.00498845868818815,0.004997589014881503,0.0050047391264120104,0.005010294835234129,0.00501462569413505,0.005018040098829289,0.005020777533002018,0.005023015682148708,0.005024882117400045,0.005026465981497945,0.005027828096564099,0.005029008971190791,0.005030034973185518,0.005030922795143423,0.00503168268627373,0.005032320734143879,0.005032840444788183,0.005033243633984985,0.00503353125445855,0.005033703743183299,0.005033761161741374
0.005033773314617974,0.0050337158413264645,0.00503354340369079,0.005033255822894526,0.005032852670528409,0.005032333028304365,0.005031695040015111,0.005030935236270512,0.00503004752240247,0.0050290216372276654,0.005027840887125985,0.005026478928499124,0.005024895243761592,0.005023029020160851,0.005020791101477424,0.00501805391497071,0.0050146397600573335,0.005010309160351054,0.005004753709392004,0.004997603829200659,0.004988473703757501,0.004977087345447705,0.004963563400542859,0.004948959471937627,0.004936050264819206,0.004929395398213518,0.00492939523559626,0.004936049773930578,0.004948958652174689,0.004963562263820237,0.004977085913824601,0.004988471999306035,0.004997601863576741,0.005004751499211945,0.005010306733047407,0.005014637132020582,0.005018051101944199,0.005020788124645254,0.005023025891387165,0.005024891965862295,0.00502647551390789,0.005027837338128562,0.005029017963413097,0.005030043741359034,0.005030931365638695,0.005031691094840834,0.005032329052929917,0.005032848640156688,0.005033251739519154,0.005033539308715383,0.00503371169763241,0.005033769187986903
0.005033779221587838,0.005033721761340243,0.005033549353596946,0.005033261799977889,0.005032858708401272,0.005032339148285523,0.005031701253992414,0.0050309415617871165,0.005030053976921311,0.005029028247713619,0.005027847675886456,0.0050264859222817915,0.005024902458480275,0.0050230364789350685,0.005020798829440187,0.0050180619304535405,0.005014648089836698,0.005010317819322935,0.005004762694486937,0.004997613148574193,0.004988483352693374,0.004977097297181006,0.004963573605068817,0.004948969882223777,0.004936060824934877,0.00492940603642424,0.004929405867780109,0.0049360603219346455,0.004948969049316611,0.004963572444946011,0.00497709583148038,0.004988481607533795,0.004997611138888577,0.005004760436222933,0.00501031533692069,0.005014645405946375,0.005018059065672765,0.00502079578974031,0.005023033269343269,0.005024899088052586,0.005026482404515593,0.005027844022469522,0.00502902446469475,0.00503005010062426,0.005030937589064666,0.00503169723380367,0.005032335062258911,0.00503285456397931,0.005033257587911889,0.005033545113510298,0.005033717527176003,0.005033774974301361
0.005033782799230495,0.005033725354691793,0.00503355293931075,0.005033265419050166,0.0050328623724592856,0.005032342857019858,0.005031705015109235,0.005030945385966306,0.005030057884728366,0.005029032247689609,0.005027851788283252,0.005026490150868825,0.005024906823333889,0.0050230409935565655,0.005020803498310114,0.0050180667778417145,0.005014653128860725,0.005010323048488757,0.0050047681253629584,0.004997618790817573,0.004988489188737217,0.004977103303903574,0.004963579770859398,0.0049489761810724885,0.00493606721109723,0.004929412458035164,0.004929412281765611,0.004936066688612774,0.004948975326829356,0.004963578595749626,0.004977101818175575,0.00498848740842449,0.004997616748089784,0.0050047658462609975,0.005010320538104063,0.005014650418326519,0.005018063885278147,0.005020800412292104,0.005023037724054821,0.005024903397207437,0.005026486573915935,0.005027848071294845,0.005029028418444598,0.0050300539547500495,0.005030941384098661,0.005031700931165648,0.005032338682428726,0.005032858110264651,0.005033261173444684,0.005033548646123308,0.005033721038157956,0.005033778481550689
0.005033784004831629,0.0050337265410343255,0.005033554138995259,0.005033266638378172,0.005032863598219137,0.005032344095922016,0.00503170627152682,0.005030946663697334,0.005030059191527206,0.00502903358692457,0.005027853162051103,0.005026491565069522,0.00502490828464698,0.005023042494428438,0.005020805061592274,0.0050180684093204435,0.00501465481667243,0.005010324798575694,0.005004769950918866,0.004997620679000309,0.004988491141240767,0.004977105318310085,0.004963581840905975,0.004948978293109378,0.004936069340506982,0.004929414599975402,0.004929414425124481,0.004936068814124659,0.004948977420901248,0.004963580650818772,0.004977103818682394,0.004988489352984201,0.004997618627700585,0.0050047676533410065,0.005010322289402744,0.0050146520990433435,0.0050180654834506115,0.005020801960435504,0.005023039221558397,0.0050249048376214,0.0050264879640088325,0.0050278494248932395,0.005029029747979788,0.005030055263821961,0.005030942650116774,0.005031702140543574,0.005032339866266869,0.005032859370354251,0.005033262340866629,0.0050335498347536655,0.005033722208995896,0.005033779646628764
