Model: _09_16_25_CPC_metacentric_relaxed_model
Simulation: _09_16_25_metacentric_relaxed_model
(SimID_0 (PDE Simulation)) 
Sim time range (0.0 500.0) (saved timepoints 51) 
Number of variables 44 
Variable names ['Haspini', 'Haspina', 'Plk1a', 'H3', 'pH3', 'pKnl1', 'pKnl1_Bub1a', 'Bub1a', 'H2A', 'pH2A', 'Bub1a_his', 'Sgo1', 'pH2A_Sgo1', 'CPCi', 'pH3_CPCi', 'pH2A_Sgo1_CPCi', 'CPCa', 'pH3_CPCa', 'pH2A_Sgo1_CPCa', 'Plk1i', 'Mps1i', 'pMps1i', 'Mps1a', 'pMps1a', 'Ndc80', 'pNdc80', 'Ndc80_Mps1i', 'Ndc80_pMps1i', 'pNdc80_Mps1i', 'pNdc80_pMps1i', 'Ndc80_Mps1a', 'Ndc80_pMps1a', 'pNdc80_Mps1a', 'pNdc80_pMps1a', 'Knl1', 'Sgo1_CPCi', 'Sgo1_CPCa', 'H3_CPCi', 'H3_CPCa', 'I', 'CPC_all', 'CPCi_total', 'CPCa_total', 'pH2_all'] 
 
2D Slice for variable pH2A at time 130.0 in plane XY at Z = 0 
 
X in rows, Y in columns 
3.677322196091353,3.6773221495033552,3.6773220050322144,3.6773217671698166,3.6773214347646874,3.677321016606452,3.6773205113484813,3.6773199262992513,3.677319265841412,3.6773185386074427,3.6773177520014038,3.67731691399195,3.6773160321394096,3.677315113378624,3.6773141675508794,3.6773132054736473,3.6773122364529067,3.677311269529424,3.6773103145246777,3.677309381360788,3.6773084788179293,3.677307615892093,3.6773068014678083,3.677306043046008,3.677305348497205,3.677304724720047,3.6773041778627884,3.6773037135581705,3.67730333623903,3.677303050349146,3.6773028586912004,3.6773027631944424,3.677302763954567,3.6773028608131915,3.677303053128446,3.6773033395085926,3.677303716452126,3.6773041801296165,3.6773047265613648,3.6773053501576607,3.677306044108944,3.6773068024071494,3.6773076169209986,3.677308479792669,3.677309382724481,3.677310316096999,3.6773112710122224,3.6773122375814418,3.6773132066581016,3.67731416886357,3.6773151142519893,3.6773160331169925,3.67731691532805,3.6773177528179946,3.6773185377619986,3.6773192634653165,3.677319922646251,3.677320508360138,3.677321014501233,3.6773214363292572,3.677321768825664,3.677322007710421,3.6773221511381053,3.6773222001426227
3.67732107949376,3.67732103301068,3.6773208882455384,3.6773206496329958,3.677320315448039,3.677319894884539,3.6773193877909427,3.6773188010588247,3.677318138695552,3.6773174083200066,3.6773166172697476,3.6773157739020412,3.6773148871382997,3.677313964417984,3.6773130145654593,3.677312047914301,3.67731107425862,3.677310102878536,3.677309143323756,3.677308205601434,3.6773072987285156,3.6773064315727098,3.677305613233075,3.6773048513728694,3.6773041537651783,3.677303527407977,3.6773029784630498,3.677302512631471,3.6773021340916134,3.6773018469553325,3.677301653995642,3.6773015575443835,3.6773015581807167,3.6773016556570446,3.6773018488941767,3.6773021365655154,3.6773025154996066,3.677302981532331,3.6773035303918187,3.6773041568734937,3.677304854047665,3.6773056157921458,3.6773064341397608,3.677307300967403,3.677308208112059,3.677309145934249,3.6773101053512716,3.6773110763581736,3.677312049637898,3.6773130160627896,3.6773139658985734,3.677314889532091,3.6773157764463695,3.6773166180284367,3.6773174063201495,3.677318134828243,3.677318796683973,3.6773193850185653,3.677319893519351,3.677320317557763,3.677320652444457,3.6773208934108483,3.677321037223644,3.6773210865039063
3.6773177344517745,3.677317686829902,3.677317540150822,3.6773172982519684,3.6773169606618277,3.6773165337461466,3.677316019131991,3.677315423195988,3.6773147513433417,3.6773140112428577,3.677313210340712,3.6773123559742276,3.6773114564452354,3.6773105204075662,3.67730955737328,3.6773085771975924,3.677307589535509,3.677306604188047,3.6773056309225405,3.6773046796631252,3.677303759837513,3.677302880351023,3.677302050114189,3.6773012771204097,3.6773005691080476,3.6772999331135097,3.6772993753236234,3.6772989016702864,3.677298516952279,3.6772982254662123,3.677298029870743,3.677297931958806,3.6772979323811112,3.677298031305399,3.6772982276670034,3.67729851958614,3.6772989041153306,3.677299377416525,3.6772999346759643,3.677300570548179,3.677301278354222,3.6773020514094044,3.677302881887151,3.677303761460441,3.677304681788874,3.6773056335242367,3.677306607247431,3.677307592663772,3.6773085798782996,3.677309559680777,3.677310522864089,3.6773114601227395,3.6773123609239096,3.6773132155180974,3.6773140152326786,3.6773147533082744,3.677315423264254,3.6773160183916627,3.677316532338261,3.6773169606178158,3.677317299435189,3.677317544734419,3.677317691105099,3.677317740407078
3.677312164722231,3.6773121154898343,3.6773119660109974,3.677311716297935,3.6773113713168644,3.6773109338611287,3.6773104082717696,3.677309799413023,3.677309112905621,3.6773083556160344,3.6773075356133127,3.6773066616773518,3.6773057416246795,3.6773047838062602,3.677303798360091,3.6773027955614905,3.6773017849955045,3.6773007765027437,3.6772997803233425,3.67729880624983,3.67729786391324,3.677296962962884,3.677296112211274,3.6772953200486036,3.6772945944761823,3.6772939428387823,3.6772933717347804,3.6772928866829417,3.6772924924844443,3.6772921932930625,3.677291992458026,3.677291891924042,3.6772918921561413,3.677291993040925,3.6772921940738015,3.677292493260226,3.6772928871871757,3.6772933722052916,3.6772939434976553,3.677294594904518,3.6772953202579273,3.677296112348742,3.6772969630913823,3.6772978641106646,3.6772988063766814,3.6772997809084074,3.677300778118689,3.6773017875926435,3.6773027987695013,3.6773038014628794,3.677304786613891,3.677305744998622,3.6773066669222474,3.6773075420647556,3.6773083610685853,3.677309116540241,3.6773098022708997,3.677310411421747,3.677310937181302,3.677311374497641,3.6773117197227227,3.677311969848413,3.6773121205184363,3.6773121693220245
3.6773043726064247,3.6773043207783562,3.6773041681167693,3.677303910752184,3.677303556541482,3.6773031053447327,3.677302562760702,3.6773019337040895,3.677301225328023,3.677300444869697,3.67729959926564,3.6772986973990758,3.677297747864862,3.6772967595039896,3.6772957424443984,3.67729470710952,3.6772936636125095,3.6772926219802082,3.6772915929513257,3.67729058677586,3.677289613091191,3.6772886821211315,3.67728780301444,3.677286984554632,3.6772862349053073,3.677285561224752,3.67728497056265,3.677284468759762,3.677284061269212,3.6772837520489445,3.6772835442970795,3.6772834400325283,3.6772834403008017,3.6772835447407117,3.6772837525640316,3.677284061922719,3.6772844693848388,3.6772849708606303,3.6772855617380635,3.6772862352365223,3.677286985099552,3.677287803964209,3.6772886833142104,3.677289614575799,3.6772905878949267,3.6772915940841915,3.6772926234697496,3.6772936657583104,3.6772947102057874,3.6772957454906496,3.6772967619719985,3.677297750022767,3.6772987006003697,3.6772996035535095,3.67730044904632,3.6773012285844784,3.677301936029833,3.6773025650009057,3.6773031082825614,3.6773035597061368,3.677303915691137,3.6773041728202704,3.677304329460558,3.6773043796653413
3.6772943689159905,3.677294314150309,3.6772941549808547,3.677293887282853,3.677293518842479,3.67729305024299,3.677292487311388,3.6772918343930963,3.6772910981415117,3.6772902867575463,3.67728940806386,3.6772884705767357,3.6772874828524245,3.6772864546224153,3.6772853966037315,3.6772843192742095,3.6772832332824175,3.6772821492456766,3.6772810780440257,3.677280030457036,3.67727901661202,3.677278046871971,3.677277130669735,3.6772762771707135,3.677275495263773,3.6772747927055325,3.677274176842787,3.6772736534966746,3.677273228317532,3.677272905795783,3.677272689431328,3.6772725808908175,3.6772725812088853,3.6772726904327757,3.677272907540586,3.677273230227817,3.6772736553852137,3.6772741785831564,3.6772747947739477,3.677275497105154,3.677276278722156,3.6772771320048787,3.6772780482889678,3.677279018602969,3.6772800325392367,3.6772810801056224,3.677282151146462,3.677283235376555,3.6772843221833513,3.677285399842797,3.6772864576626536,3.677287485229344,3.6772884731066173,3.6772894113161376,3.6772902900835724,3.677291100014814,3.677291834196869,3.677292487005817,3.67729305199868,3.6772935214818965,3.6772938914496525,3.6772941583515006,3.6772943219915852,3.677294375786453
3.6772821588038545,3.6772821019798614,3.6772819343885192,3.6772816560983093,3.6772812714349854,3.6772807817310653,3.677280192589152,3.6772795097978013,3.677278740348183,3.677277891709418,3.677276972423183,3.6772759915696587,3.6772749579269783,3.677273881638173,3.677272773978843,3.67727164572046,3.6772705076904204,3.677269371338532,3.6772682480111296,3.677267148699612,3.677266084434298,3.6772650661253854,3.6772641040043417,3.6772632076778464,3.6772623860689078,3.677261647427046,3.6772609996276824,3.6772604493655128,3.677260002362327,3.6772596631120824,3.6772594354152424,3.677259321419019,3.6772593219074574,3.6772594369323395,3.67725966565653,3.6772600052576814,3.6772604523948678,3.677261002800377,3.677261650610201,3.6772623889586713,3.677263210381723,3.6772641065216543,3.677265068627521,3.67726608718973,3.6772671515642026,3.6772682508707986,3.6772693740062796,3.677270510199141,3.6772716484482313,3.677272777206148,3.6772738848709783,3.6772749605516175,3.677275994165727,3.6772769755243395,3.6772778947198637,3.6772787420774105,3.6772795094302566,3.677280190668867,3.677280780752116,3.6772812720275923,3.6772816584525962,3.6772819370648873,3.6772821076497166,3.677282165315564
3.677267758197576,3.677267700040202,3.6772675225043896,3.6772672300329936,3.677266825309849,3.6772663115182898,3.6772656931837155,3.6772649757536553,3.677264167490643,3.677263276072731,3.677262310055453,3.677261278591978,3.6772601911025875,3.677259058292801,3.677257891740425,3.6772567029435295,3.6772555031322667,3.6772543043056056,3.67725311876187,3.677251958008156,3.677250833850297,3.67724975749715,3.677248739728759,3.677247791165961,3.677246921389567,3.6772461393981417,3.677245453056415,3.6772448696878395,3.6772443956843706,3.6772440360730996,3.67724379444046,3.6772436733221054,3.6772436738571215,3.677243795905616,3.6772440384826846,3.6772443988019807,3.6772448728552725,3.677245456345707,3.6772461427832615,3.6772469249685376,3.6772477948951487,3.6772487432132204,3.6772497607206063,3.677250837195426,3.6772519617373507,3.677253122755529,3.6772543081059053,3.6772555063303627,3.677256705609447,3.677257894562001,3.6772590609285376,3.677260193199069,3.6772612805450975,3.677262312607458,3.677263279004522,3.6772641698502566,3.6772649763937655,3.6772656914950437,3.677266309958007,3.6772668261001673,3.677267231842655,3.6772675242812007,3.6772677020752647,3.677267762599067
3.6772511833304913,3.677251123031667,3.677250936183752,3.677250629260987,3.6772502030578305,3.677249661570173,3.677249010367525,3.6772482546829237,3.6772474025904365,3.677246462347914,3.6772454430928656,3.67724435397013,3.6772432049206296,3.677242007557353,3.6772407737341997,3.677239515450643,3.6772382448038043,3.6772369741970667,3.6772357164332234,3.6772344837067488,3.677233288802152,3.677232143990186,3.6772310608160046,3.6772300505487303,3.677229123268901,3.6772282890642503,3.6772275566450094,3.6772269338926704,3.6772264274338182,3.6772260431170487,3.6772257848783148,3.6772256552220157,3.677225655607191,3.6772257862025652,3.6772260454567585,3.6772264305929316,3.6772269371723114,3.6772275602380105,3.6772282928511304,3.677229127280047,3.677230054795794,3.677231065088956,3.6772321480114694,3.6772332924504814,3.6772344870778597,3.6772357198192536,3.677236977703136,3.6772382483292034,3.6772395187777684,3.6772407770793003,3.6772420106034303,3.677243207354027,3.6772443556570504,3.6772454449437593,3.6772464646962053,3.6772474045071895,3.677248255005145,3.677249008916401,3.6772496596105024,3.677250202947673,3.677250630520629,3.677250938885488,3.6772511250895406,3.677251187907531
3.6772324634841627,3.677232399593114,3.67723220247873,3.677231878597821,3.6772314296890096,3.677230858767649,3.677230171242882,3.6772293735963437,3.6772284738901324,3.6772274805030833,3.6772264030006534,3.6772252508281484,3.6772240341623057,3.6772227651801535,3.6772214563409067,3.6772201199014636,3.677218768749741,3.677217416274066,3.6772160760085173,3.6772147611611072,3.6772134850724325,3.6772122607854416,3.6772111010702733,3.6772100184219862,3.6772090239581123,3.6772081283693545,3.677207341290274,3.6772066717859317,3.677206127119472,3.6772057134944314,3.6772054355178074,3.677205296027217,3.6772052963558726,3.6772054370325797,3.677205716228106,3.6772061306902897,3.6772066758057464,3.6772073455853778,3.677208132435907,3.67720902804044,3.6772100227631523,3.6772111055399543,3.677212264987138,3.677213488792929,3.677214764603112,3.677216079463149,3.677217419767637,3.677218772101453,3.6772201229444637,3.6772214593552124,3.6772227681156315,3.677224036676006,3.6772252526804374,3.6772264048096157,3.677227482613176,3.6772284758121763,3.6772293740013025,3.677230169852466,3.677230855983674,3.677231428184349,3.6772318791808516,3.677232204859342,3.6772324008317474,3.67723246615597
3.677211627656219,3.677211559739583,3.6772113531918236,3.6772110117208863,3.677210538554494,3.677209937656552,3.6772092133577776,3.677208372426567,3.6772074231217204,3.6772063741076626,3.6772052348767144,3.6772040152351773,3.67720272598381,3.67720137946458,3.677199988770804,3.6771985668702762,3.677197127197931,3.677195683912861,3.6771942510102535,3.677192842979393,3.6771914744392538,3.6771901594767518,3.677188911991889,3.677187745365569,3.6771866724001305,3.677185705064415,3.677184853996461,3.677184129174728,3.67718353920004,3.677183090920513,3.6771827893501876,3.6771826380001955,3.67718263834043,3.6771827907499803,3.677183093461446,3.6771835425812807,3.677184133177737,3.677184858234757,3.6771857091537683,3.677186676665861,3.6771877498054644,3.6771889165517213,3.6771901640560807,3.6771914787056335,3.6771928469363906,3.6771942545674166,3.6771956873785854,3.67719713058381,3.6771985699891903,3.677199991829008,3.677201382433392,3.6772027284423725,3.677204017186016,3.6772052365667713,3.677206375550888,3.677207424375295,3.6772083724894697,3.6772092117215083,3.6772099348797465,3.677210536632679,3.677211011343972,3.67721135455226,3.677211561122513,3.6772116295543893
3.6771887200133513,3.6771886475020286,3.67718843154317,3.677188074298331,3.677187578179449,3.677186947766865,3.6771861874976914,3.677185304062113,3.6771843054735136,3.6771832008324328,3.6771819995914625,3.677180711435436,3.677179347784275,3.6771779211439317,3.6771764445576514,3.677174931536163,3.677173396195582,3.6771718537555764,3.677170319074492,3.6771688075605824,3.6771673349272143,3.677165916646045,3.677164568523204,3.67716330521662,3.6771621410149393,3.6771610894348403,3.677160163010308,3.67715937279714,3.677158728712345,3.677158238942075,3.6771579092306768,3.6771577435489267,3.6771577440134178,3.67715791066334,3.6771582415676556,3.6771587322510797,3.6771593769483815,3.6771601674285166,3.6771610937819146,3.677162145302124,3.6771633094016707,3.6771645728450957,3.6771659211669085,3.6771673391716866,3.677168811723894,3.6771703229409236,3.67717185768473,3.677173400036762,3.677174934841205,3.677176447379684,3.6771779239036126,3.677179350383958,3.6771807137399923,3.6771820017147765,3.6771832026861793,3.6771843066123915,3.6771853038757496,3.6771861854685763,3.6771869447566354,3.6771875752487397,3.6771880725467128,3.67718843200799,3.677188648613363,3.677188720397498
3.6771637973868923,3.6771637217248783,3.6771634971093015,3.6771631255039283,3.6771626097485237,3.6771619538079827,3.6771611621402327,3.6771602414197537,3.6771591991086927,3.6771580439534945,3.6771567852698026,3.677155432417556,3.6771539966791584,3.677152490759109,3.6771509277404464,3.677149321463415,3.6771476864705135,3.6771460383740684,3.6771443931378234,3.677142767611736,3.677141178959949,3.6771396440799373,3.677138180560427,3.6771368052373608,3.6771355346563634,3.6771343840883866,3.6771333683169,3.6771325004318256,3.677131791886645,3.6771312523094597,3.6771308889117904,3.677130706149392,3.677130706754564,3.6771308906530744,3.67713125531148,3.6771317956577545,3.6771325047584917,3.6771333729216478,3.6771343886809538,3.677135539268168,3.6771368098666417,3.677138185178598,3.6771396486466967,3.6771411831709613,3.6771427718289513,3.677144397100588,3.677146042217811,3.677147690212896,3.677149324998276,3.6771509307119827,3.6771524933484554,3.677153999041651,3.6771554344392308,3.6771567872570556,3.6771580461873294,3.6771592006277083,3.6771602419135716,3.6771611609677652,3.677161951606482,3.677162606955168,3.677163123489311,3.677163496466054,3.677163721218492,3.6771637957725107
3.6771369339777125,3.677136856886987,3.677136627808291,3.677136247480572,3.6771357194362526,3.677135047148744,3.677134234516413,3.67713328759041,3.677132213374519,3.6771310196646403,3.677129714884613,3.6771283081256936,3.6771268100201415,3.6771252325678474,3.677123588347224,3.6771218910576504,3.6771201559085083,3.677118398897832,3.6771166367733996,3.677114887580174,3.677113170182395,3.677111503924331,3.677109908514123,3.677108403252362,3.6771070076670207,3.677105739963419,3.6771046174834203,3.67710365602223,3.67710286953313,3.677102269354884,3.6771018645421947,3.6771016607376295,3.6771016612049987,3.677101866057758,3.6771022719959188,3.6771028729934763,3.6771036603642333,3.677104622271596,3.677105744998983,3.6771070129384458,3.677108408543497,3.6771099136685494,3.6771115090199102,3.6771131749748225,3.677114891929571,3.6771166407250973,3.6771184026979484,3.6771201596700274,3.6771218947340523,3.6771235914451683,3.677125235052191,3.6771268121232015,3.6771283099792313,3.6771297166370958,3.6771310216808,3.677132214895761,3.67713328826068,3.6771342337119837,3.6771350454753122,3.6771357171670083,3.6771362458940904,3.6771366272031254,3.677136856869801,3.677136932997723
3.677108236414717,3.6771081593538306,3.677107931455739,3.67710755220575,3.6771070246510864,3.677106351728632,3.6771055367004526,3.677104584164412,3.6771034999796437,3.677102290650232,3.67710096262555,3.6770995235992863,3.6770979829775636,3.677096351416716,3.6770946405443548,3.677092863070036,3.6770910338998526,3.677089169213811,3.6770872867693387,3.6770854060935596,3.677083547618496,3.677081733440223,3.677079986369448,3.677078329207382,3.6770767849423422,3.677075376044357,3.677074123774853,3.6770730474646958,3.67707216461213,3.677071489451421,3.6770710331975827,3.67707080340499,3.6770708039917177,3.67707103509242,3.677071492422212,3.67707216844944,3.677073052063878,3.6770741285903266,3.67707538120449,3.677076790350331,3.6770783346603686,3.677079991876028,3.677081738851509,3.67708355284718,3.6770854108070083,3.6770872911963886,3.677089173336751,3.6770910378404134,3.677092866749615,3.6770946438576613,3.677096354427295,3.677097985458911,3.6770995255222094,3.677100964122941,3.6771022922045935,3.677103501473239,3.677104584791583,3.6771055359543614,3.677106349998814,3.677107022139427,3.6771075502660953,3.677107930608251,3.677108159730581,3.677108235679083
3.6770778437813934,3.677077770127485,3.6770775525428667,3.6770771900556425,3.6770766845977603,3.677076037752415,3.6770752514850753,3.6770743284111562,3.6770732718119437,3.6770720857258277,3.6770707739880537,3.6770693415921047,3.677067795256015,3.6770661427136675,3.6770643933382017,3.6770625583368415,3.6770606515201436,3.677058688495179,3.6770566873717354,3.6770546692541193,3.67705265697247,3.6770506758596593,3.6770487525804496,3.6770469150607257,3.6770451912841917,3.6770436092748753,3.6770421960535766,3.677040976310656,3.6770399721607605,3.677039202198863,3.677038680646136,3.677038417553093,3.677038418067226,3.677038682336833,3.6770392049368374,3.6770399761318986,3.677040981280958,3.6770422014349555,3.677043615014232,3.6770451969953077,3.6770469206993828,3.6770487583494287,3.677050681349223,3.6770526623363073,3.6770546742036117,3.6770566920505114,3.6770586926508053,3.677060655628344,3.6770625623013333,3.677064396849249,3.677066145839235,3.6770677980622444,3.6770693439799373,3.6770707760058325,3.6770720874113323,3.6770732733075704,3.67707432895386,3.677075251004808,3.6770760360296992,3.677076681709349,3.6770771875227806,3.6770775510351665,3.677077770274964,3.677077843335021
3.677045944757739,3.6770458799989156,3.677045688036902,3.6770453672728567,3.6770449181535407,3.6770443402654536,3.6770436327828775,3.6770427954204945,3.67704182772991,3.677040729089105,3.6770394987407884,3.6770381370397196,3.6770366461455413,3.677035029252974,3.677033291264158,3.677031439964885,3.677029486635045,3.67702744571671,3.6770253353587155,3.67702317775746,3.677020998735317,3.6770188281254743,3.677016697877387,3.677014642561399,3.67701269761385,3.6770108988682204,3.6770092811923534,3.677007877322167,3.6770067162283016,3.6770058227810063,3.6770052160437734,3.677004909492436,3.6770049101155386,3.6770052179074897,3.677005825709036,3.6770067203853984,3.677007882351361,3.6770092866472055,3.677010904592252,3.6770127033694293,3.677014648332445,3.677016703819017,3.677018833964375,3.6770210044793594,3.67702318295917,3.677025340339994,3.6770274502690805,3.6770294909004058,3.677031443895982,3.6770332947408666,3.6770350322860583,3.6770366491303714,3.677038139628703,3.6770395009490224,3.6770407309035424,3.6770418294104505,3.6770427963629895,3.6770436329337293,3.677044339026786,3.6770449155995006,3.6770453646017027,3.677045685784433,3.677045879362514,3.6770459444338934
3.6770127967772526,3.67701274882843,3.6770126063016173,3.6770123663281296,3.6770120268209627,3.677011584631549,3.677011034636218,3.677010371252416,3.6770095882055926,3.677008677912916,3.6770076323084098,3.677006444073884,3.677005107226453,3.6770036173877285,3.6770019724194123,3.677000174250012,3.6769982292654766,3.6769961488491987,3.6769939505416396,3.676991657599054,3.6769892992449447,3.6769869109918396,3.676984532650361,3.6769822079467374,3.676979982956614,3.6769779051563343,3.6769760209139037,3.676974374515932,3.6769730054363152,3.6769719474510283,3.6769712268351036,3.6769708619665233,3.6769708625307604,3.6769712284384477,3.6769719501850937,3.6769730095743083,3.6769743796457837,3.676976026534449,3.676977910866675,3.6769799886166044,3.67698221358139,3.6769845383713697,3.6769869168747724,3.6769893051220075,3.676991662978006,3.676993955693741,3.676996153879396,3.676998233982381,3.6770001785358515,3.6770019762726043,3.6770036205631134,3.677005110105564,3.6770064465731362,3.677007634515409,3.6770086798875368,3.677009590018625,3.677010372462885,3.6770110350955734,3.677011583943053,3.677012024992861,3.677012363872875,3.67701260377239,3.677012747580858,3.6770127962830386
3.6769787498342743,3.6769787306898927,3.676978673733357,3.6769785742347714,3.6769784261422225,3.6769782214286924,3.6769779490139136,3.676977595485603,3.676977145123846,3.676976579470879,3.6769758787990954,3.6769750238592307,3.6769739960272094,3.6769727783711406,3.676971356997968,3.676969723766885,3.6769678770276064,3.676965822519193,3.676963575301168,3.676961159468374,3.6769586087919692,3.6769559662052864,3.6769532827101847,3.676950615600715,3.6769480264062424,3.676945579421136,3.676943338236979,3.676941363757063,3.676939711223091,3.6769384277948194,3.6769375506379025,3.676937105578537,3.676937106200086,3.676937552201496,3.676938430377624,3.676939715057112,3.6769413684384644,3.676943343486357,3.6769455849626596,3.676948031983618,3.6769506213545715,3.676953288604843,3.676955972175632,3.6769586145995525,3.6769611650584983,3.6769635804169227,3.6769658273704335,3.6769678817682507,3.676969728351252,3.6769713611748025,3.676972781971319,3.6769739991339434,3.6769750266766934,3.676975881198813,3.676976581637265,3.676977147048947,3.676977597016131,3.676977949724441,3.676978220925277,3.676978424652101,3.6769785720610866,3.6769786713592723,3.676978729107805,3.676978748817886
3.6769442793758684,3.6769443073524535,3.676944390439147,3.6769445209264973,3.6769446877337866,3.6769448751791582,3.6769450626376594,3.6769452250737875,3.6769453325608463,3.6769453504083374,3.6769452408291867,3.6769449652779715,3.67694448529851,3.6769437642789726,3.67694276985232,3.676941477167303,3.6769398709758305,3.6769379476819624,3.6769357173881634,3.676933204158178,3.676930447582142,3.676927501146046,3.676924431461166,3.6769213156000724,3.6769182382198387,3.6769152884008145,3.6769125556929816,3.67691012592705,3.676908077767623,3.676906478472501,3.676905381340419,3.676904823383118,3.676904823938038,3.6769053826992195,3.6769064808107186,3.676908081371353,3.67691013036873,3.676912560724942,3.67691529385929,3.6769182436522128,3.6769213211570495,3.676924437173809,3.6769275070678105,3.676930453304239,3.6769332098947083,3.6769357227816517,3.676937952717685,3.6769398756086282,3.676941481644134,3.676942773962832,3.676943768197553,3.6769444885989713,3.6769449681212234,3.6769452431161027,3.676945352829871,3.6769453350723156,3.6769452273977383,3.676945063826315,3.6769448745855864,3.6769446862285995,3.676944519044591,3.6769443883513935,3.676944305895485,3.6769442783549033
3.676910032265052,3.6769101346384176,3.676910439509804,3.676910934434159,3.6769116007788982,3.67691241213934,3.676913333754735,3.6769143230633032,3.6769153285555856,3.676916290835939,3.676917145009982,3.676917822978119,3.676918255468496,3.6769183748787118,3.6769181197543355,3.676917438960162,3.6769162950593786,3.676914668539532,3.6769125606332627,3.676909994219478,3.676907015965172,3.676903694660621,3.676900119759057,3.676896397451738,3.6768926469638243,3.676888994582099,3.6768855685120267,3.676882492221182,3.6768798793858006,3.6768778277173655,3.676876414851183,3.6768756948282135,3.676875695408924,3.676876416294535,3.676877830016137,3.6768798827280613,3.6768824963645654,3.6768855733048644,3.676888999906207,3.6768926525202046,3.6768964030757263,3.6769001252018834,3.6769037003283924,3.676907021553839,3.6769099997195256,3.676912565938325,3.676914673728827,3.6769162996187625,3.6769174433559435,3.676918123914618,3.676918378930245,3.6769182590047107,3.67691782603203,3.6769171473380196,3.67691629314975,3.6769153310858984,3.676914325827999,3.676913335606436,3.6769124119385954,3.6769115993911208,3.676910932687099,3.6769104377282438,3.6769101336762184,3.6769100317944132
3.676876889462876,3.6768771066196084,3.676877754096573,3.6768788132950334,3.676880254351016,3.6768820350186506,3.676884099856512,3.6768863804959353,3.6768887938845274,3.676891243606728,3.6768936234359355,3.676895820165182,3.676897717356288,3.676899199694527,3.676900159884698,3.6769005052568318,3.676900163372687,3.676899088635981,3.676897266830307,3.676894717904636,3.6768914977839224,3.6768876971707765,3.676883439125018,3.6768788732601476,3.676874170272164,3.676869512881106,3.6768650875378346,3.6768610748635364,3.676857641312353,3.6768549305631,3.67685305682401,3.676852099919079,3.6768521004954255,3.676853058295003,3.676854932851476,3.6768576444900187,3.676861078869155,3.6768650923458486,3.6768695180407973,3.6768741756496475,3.6768788786733317,3.6768834442829994,3.6768877023822832,3.6768915031826217,3.6768947234804163,3.676897272243329,3.6768990938691375,3.6769001678861852,3.676900509370045,3.676900163918514,3.6768992036210255,3.676897721109417,3.676895823414232,3.6768936259024882,3.6768912458148666,3.6768887965651476,3.676886383892714,3.6768841023881085,3.676882035253229,3.6768802529551223,3.676878811463222,3.6768777525695526,3.676877105937039,3.6768768892804595
3.6768460471266584,3.6768464391625697,3.6768476079475,3.676849526293609,3.6768521488835324,3.676855411000242,3.6768592274052194,3.676863491547333,3.6768680738016997,3.676872823111708,3.6768775712403876,3.6768821366416544,3.6768863305450337,3.676889964530062,3.6768928604549487,3.6768948604932756,3.676895837012677,3.6768957027271796,3.6768944175642324,3.6768919947176215,3.6768885026455975,3.6768840640640943,3.676878851943002,3.6768730815107293,3.676867000829762,3.6768608780370204,3.6768549876805836,3.676849597026461,3.6768449525734166,3.6768412677411804,3.676838712227738,3.6768374046157892,3.676837405215583,3.6768387137305885,3.676841270075181,3.676844955674806,3.6768496007823033,3.6768549922745253,3.6768608830160656,3.6768670060064057,3.6768730865309407,3.676878856958776,3.6768840690397058,3.676888507710043,3.6768920000676317,3.676894422928365,3.6768957079300444,3.676895841884527,3.67689486461919,3.6768928644293473,3.67688996829788,3.6768863343565408,3.676882139917299,3.6768775738940316,3.676872825194505,3.676868076240144,3.676863495048154,3.6768592304814316,3.676855412204441,3.6768521482974896,3.6768495247874875,3.6768476064525553,3.6768464383059514,3.6768460469088633
3.6768191279430806,3.676819782945983,3.6768217362396913,3.676824948627035,3.676829353071642,3.676834852962646,3.676841320665676,3.676848594758364,3.6768564775137964,3.6768647371240224,3.676873112649453,3.6768813199246204,3.6768890603503857,3.6768960332730725,3.676901951205128,3.6769065550884124,3.6769096304689186,3.6769110236121714,3.676910652752694,3.6769085180346255,3.676904704943409,3.6768993834608583,3.6768928012124893,3.676885272534604,3.676877162781807,3.676868869721827,3.6768608019514923,3.67685335834954,3.676846907041651,3.6768417670350884,3.6768381923653464,3.676836360144182,3.6768363606997854,3.676838193744083,3.6768417691355952,3.6768469098707692,3.6768533619275243,3.6768608062069843,3.67686887435586,3.676877167790744,3.676885277242161,3.676892805956156,3.6768993883590135,3.6769047100854824,3.67690852326964,3.6769106580661792,3.6769110285749416,3.6769096353567394,3.6769065592577252,3.6769019552148974,3.6768960369247234,3.67688906400113,3.676881323180487,3.6768731155569627,3.676864739333427,3.6768564798517076,3.6768485981668166,3.67684132402295,3.6768348547452976,3.6768293530801874,3.67682494765358,3.676821735109187,3.676819782330997,3.6768191281703775
3.676798330246643,3.6767993772256813,3.676802500451912,3.6768076442539233,3.6768147121316557,3.67682356334581,3.6768340099953827,3.676845812045351,3.6768586732768487,3.676872243543909,3.6768861240051582,3.676899876221694,3.676913035511373,3.676925129837317,3.6769357031034513,3.676944339479867,3.6769506890834744,3.6769544927953723,3.676955601745611,3.6769539927012507,3.676949774335333,3.676943186706557,3.6769345903731976,3.6769244499753775,3.6769133095656747,3.6769017640389543,3.67689042622718,3.6768798951706723,3.6768707242683676,3.676863392863975,3.6768582830060956,3.6768556603942595,3.676855660759366,3.6768582841623414,3.676863394646754,3.6768707265877913,3.676879898498611,3.6768904301630525,3.67690176821407,3.6769133141576362,3.6769244546076782,3.676934595104061,3.6769431915517115,3.6769497795064776,3.676953997699392,3.676955606906251,3.6769544976945863,3.676950693921358,3.6769443438130915,3.6769357070879454,3.6769251333212996,3.6769130388105147,3.6768998793798984,3.676886127027681,3.6768722460745784,3.6768586759721265,3.6768458154550365,3.6768340135247297,3.676823565672631,3.6768147128551907,3.676807643986365,3.676802499550601,3.6767993763293023,3.6767983303297904
3.676786620920268,3.676788248257578,3.6767931047408857,3.676801112593661,3.6768121353363097,3.6768259721769123,3.676842351336872,3.6768609211985357,3.6768812436699103,3.676902795739495,3.676924974914718,3.6769471118846133,3.6769684909831994,3.6769883790993942,3.67700606086633,3.6770208773817212,3.6770322674816853,3.6770398060673055,3.6770432368243338,3.677042496400349,3.677037725578707,3.677029268672916,3.6770176575946,3.6770035857149264,3.676987870103427,3.6769714065781285,3.676955119829998,3.6769399137856764,3.6769266237799587,3.6769159729753333,3.676908537588717,3.676904717812189,3.676904717945071,3.6769085384795535,3.676915974502037,3.6769266256747657,3.676939916687865,3.6769551234116147,3.6769714106370017,3.67698787430838,3.677003590005217,3.6770176620915658,3.6770292733676526,3.677037730677,3.67704250131793,3.6770432416706478,3.6770398108220665,3.6770322721485247,3.6770208818759422,3.6770060648477974,3.676988382682152,3.6769684941023137,3.676947115010154,3.6769249781608213,3.67690279879164,3.676881246969782,3.676860924742203,3.676842354922296,3.6768259748777075,3.6768121365124307,3.676801112734485,3.676793104131761,3.6767882473619116,3.676786621138848
3.6767879955898906,3.676790477294047,3.676797886944113,3.6768101182715744,3.67682698223135,3.676848197222175,3.6768733762157857,3.676902011222114,3.676933461756791,3.676966953423496,3.677001583613683,3.6770363386890113,3.677070124261967,3.6771018093913397,3.677130280660477,3.677154503059831,3.6771735856956904,3.677186842532109,3.6771938457326576,3.6771944642096224,3.6771888833846456,3.677177603967306,3.6771614187965778,3.6771413708026297,3.677118694863864,3.6770947470852033,3.677070928721012,3.677048609030893,3.677029052475883,3.677013353051731,3.677002381256609,3.676996741185918,3.6769967412904694,3.677002382001753,3.6770133542589294,3.6770290541772876,3.677048611692813,3.677070931868517,3.6770947508548915,3.67711869877754,3.6771413747895303,3.6771614228970573,3.677177608365498,3.6771888880673265,3.6771944690432465,3.677193850362628,3.6771868472184925,3.6771735902163805,3.677154507582518,3.677130284595194,3.67710181314707,3.6770701274042357,3.677036341881133,3.6770015871798183,3.676966957036266,3.676933465647736,3.6769020151368683,3.676873379967106,3.6768482002007854,3.6768269838296157,3.67681011883152,3.6767978865218045,3.676790476134851,3.676787995565267
3.6768078130422412,3.6768115467112104,3.6768226999090627,3.676841130613023,3.676866583075165,3.676898669937043,3.6769368485910143,3.676980394203664,3.6770283796072025,3.6770796672232926,3.677132913564373,3.677186592455555,3.677239039276138,3.677288517329429,3.6773333016217946,3.6773717750371175,3.6774025319771173,3.6774244760813977,3.6774369063825403,3.6774395792815646,3.677432742176169,3.6774171317505893,3.6773939391575334,3.677364743275363,3.6773314198127416,3.6772960305624065,3.6772607056357596,3.677227524823082,3.6771984058975002,3.6771750064699096,3.6771586431786325,3.6771502283801505,3.677150228540131,3.6771586439667576,3.677175007553659,3.67719840739966,3.677227527241207,3.677260708590479,3.677296033935427,3.6773314233287295,3.6773647469467172,3.6773939427941067,3.6774171358745047,3.6774327464498753,3.677439583880157,3.677436910837145,3.6774244806895164,3.677402536407987,3.677371779505832,3.6773333055561737,3.677288521138718,3.6772390426192185,3.6771865958673353,3.677132917315521,3.677079671224771,3.6770283838567828,3.6769803984107976,3.6769368527026693,3.67689867343601,3.6768665852560183,3.676841131719523,3.6768226997366598,3.676811545464242,3.6768078130657043
3.676853232559333,3.6768587928066996,3.676875412013753,3.676902906012639,3.6769409376417346,3.6769889851906723,3.6770463008120102,3.677111863875728,3.677184344756754,3.677262084418339,3.6773430943729584,3.6774250866648344,3.677505538315422,3.6775817907218893,3.677651179022358,3.6777111843413066,3.677759597360392,3.6777946759046447,3.6778152838421194,3.6778209920580207,3.6778121339348533,3.677789804130939,3.67775580411563,3.6777125368262014,3.6776628627732415,3.677609927266569,3.677556976538767,3.677507175478926,3.677463436592932,3.677428272867661,3.6774036767806626,3.6773910264866623,3.677391026533899,3.677403677472346,3.6774282741009503,3.6774634380614337,3.67750717749323,3.6775569792983496,3.677609930361288,3.6776628659720867,3.677712540185409,3.6777558073363097,3.6777898078737103,3.677812137967112,3.677820996360573,3.6778152881063333,3.6777946802839727,3.677759601667403,3.6777111886611857,3.6776511830698353,3.6775817945717746,3.6775055419479696,3.677425090403699,3.6773430982214945,3.6772620886873577,3.6771843492253375,3.677111868170302,3.6770463052835236,3.676988989353734,3.6769409404206446,3.6769029076894797,3.6768754123067695,3.6768587917139484,3.676853232619355
3.6769337738263403,3.6769419886641033,3.676966557774063,3.677007252245339,3.6770636427068704,3.6771350445392748,3.677220446599209,3.677318432154261,3.6774271130275373,3.6775440862403115,3.677666423481254,3.677790707416025,3.67791312381169,3.6780296106061225,3.6781360575354274,3.678228546569711,3.678303611577895,3.6783584927562565,3.6783913605657603,3.6784014813249084,3.6783893075865755,3.678356479025404,3.6783057355816315,3.67824075078955,3.6781659023054933,3.6780860011790417,3.6780060044535574,3.677930734067436,3.6778646166577227,3.6778114619547906,3.6777742836992484,3.6777551632489685,3.6777551633422374,3.6777742842293253,3.677811462975174,3.6778646180519985,3.677930735842001,3.6780060068941705,3.6780860038850824,3.6781659051998536,3.6782407539216355,3.6783057387977225,3.6783564824667567,3.6783893114069137,3.6784014852472224,3.6783913646146824,3.67835849691221,3.678303615892747,3.6782285507297368,3.6781360615998278,3.6780296144247324,3.6779131276061023,3.67779071141226,3.6776664275093367,3.67754409067961,3.67742711764637,3.6773184366282345,3.6772204514192537,3.6771350492195705,3.6770636459605415,3.677007254315788,3.6769665584307445,3.676941987888739,3.6769337741012884
3.67706202690428,3.677074085147504,3.6771101739717933,3.6771700263176514,3.6772531211203905,3.677358590475464,3.677485099184127,3.6776307122919705,3.6777927775300583,3.677967839523832,3.6781516063788575,3.6783389899450754,3.678524234928833,3.6787011417343325,3.678863375015357,3.679004842543612,3.6791201092331507,3.6792048084766185,3.679256004619407,3.6792724648910586,3.679254806992534,3.6792055038487796,3.6791287438697067,3.6790301648148866,3.6789164871277653,3.6787950864037637,3.678673544138374,3.67855921266877,3.67845882097605,3.6783781424699264,3.6783217305731792,3.678292724229474,3.678292724430859,3.6783217308951897,3.6783781430707805,3.678458822068246,3.6785592141339643,3.6786735462748057,3.678795088850455,3.6789164898446884,3.679030167615223,3.6791287469992127,3.679205507117276,3.679254810794819,3.679272468696889,3.6792560085530317,3.679204812378763,3.6791201134561073,3.6790048465668233,3.6788633789920033,3.6787011454678655,3.678524238752283,3.6783389939601014,3.6781516106106658,3.6779678441877515,3.677792782325407,3.6776307170221045,3.67748510423854,3.677358595411887,3.677253124836117,3.677170028896717,3.677110175079975,3.6770740847832926,3.67706202756536
3.6772545448674516,3.6772721465477693,3.6773248655554194,3.677412422734105,3.6775342322716362,3.677689247209546,3.6778757589180597,3.67809117595252,3.6783318184718077,3.6785927570487424,3.678867732203603,3.6791491901950626,3.679428460381795,3.679696086237619,3.679942302237493,3.6801576310000494,3.6803335460116413,3.680463137584439,3.68054170285667,3.680567192090397,3.680540451280027,3.680465232741797,3.6803479693351564,3.6801973445717344,3.6800237049774487,3.6798383806379826,3.679652981424863,3.6794787235790274,3.679325832327095,3.6792030483389735,3.679117241452081,3.6790731353762176,3.6790731354192943,3.6791172413938558,3.6792030488808423,3.679325833310275,3.679478724666832,3.679652983260257,3.6798383827973833,3.680023707567658,3.6801973472970126,3.6803479723270742,3.6804652358357517,3.680540454802283,3.6805671956576536,3.6805417066583197,3.680463141435099,3.6803335501287986,3.680157634936547,3.679942306029648,3.6796960897471678,3.6794284642160133,3.679149194213303,3.67886773665443,3.6785927621696635,3.6783318237015568,3.6780911809844024,3.6778757641500492,3.6776892522863336,3.677534236284772,3.677412425617642,3.6773248669367304,3.677272146326886,3.6772545455743435
3.6775329428742936,3.67755850872303,3.6776351436142174,3.67776261962433,3.677940366533517,3.6781672180890235,3.6784410829824026,3.67875857786361,3.679114672834621,3.6795023984501847,3.679912674333564,3.680334319218857,3.6807542877457755,3.681158158900891,3.681530871662164,3.6818576669216387,3.6821251518838825,3.6823223807943966,3.6824418207745553,3.6824800854246025,3.6824383356308688,3.682322297904987,3.6821418969705966,3.681910555091908,3.6816442447489237,3.681360403931201,3.6810768289934765,3.6808106340080746,3.680577346491713,3.6803901784523143,3.680259472463703,3.680192318629346,3.6801923187661605,3.6802594724461457,3.680390178957865,3.680577347330026,3.680810634966391,3.6810768308156607,3.681360405959426,3.681644247043089,3.6819105576440085,3.682141899575,3.6823223007706787,3.682438338858041,3.68248008886347,3.6824418243251213,3.6823223844879474,3.6821251556559242,3.6818576706854347,3.681530875449145,3.681158162484042,3.6807542918214944,3.680334323522646,3.6799126790768186,3.6795024039542863,3.679114678383131,3.678758582938134,3.6784410880832166,3.6781672231873013,3.67794037099144,3.6777626229313105,3.67763514519647,3.6775585084675524,3.677532943525467
3.677925232343445,3.677962192682827,3.678073081860408,3.678257854290013,3.678516136129842,3.6788468141157025,3.6792475009833856,3.6797139312787714,3.6802393582782553,3.6808140325943457,3.681424861194387,3.682055346075439,3.6826858854801365,3.6832944881452216,3.683857905118065,3.684353117238773,3.6847590496422296,3.6850583317744015,3.685238886080484,3.6852951384785175,3.685228682858706,3.68504830950234,3.6847693998413433,3.6844127761372247,3.6840031628467087,3.68356744788964,3.6831329340183707,3.6827257307294836,3.682369392044887,3.6820838481462665,3.6818846248791868,3.6817823266798904,3.681782326981144,3.6818846251018047,3.6820838486701426,3.6823693930073724,3.6827257316920856,3.683132935436137,3.6835674497770605,3.6840031649422844,3.6844127785681224,3.6847694021250623,3.6850483120033504,3.685228685611255,3.6852951417191884,3.6852388893498196,3.685058335389043,3.6847590533203323,3.6843531210082303,3.6838579090529255,3.683294492083263,3.6826858897666095,3.6820553506005522,3.6814248661689684,3.6808140381984558,3.6802393638213466,3.6797139362965083,3.679247505922684,3.678846819295918,3.678516141278776,3.678257858137012,3.678073083473219,3.6779621920752823,3.6779252326036636
3.6784673999257094,3.678520589441777,3.678680326707973,3.678946999427922,3.6793207904559435,3.6798010224240816,3.6803852979264544,3.6810685121297486,3.681841839200966,3.6826918194068314,3.683599707846083,3.6845412502953607,3.6854870356184,3.686403526197586,3.687254792800798,3.6880048661817266,3.688620505850723,3.6890740793123715,3.6893461875456,3.6894276729928697,3.689320723776158,3.6890389148150913,3.688606197125239,3.688054995053896,3.6874236883457483,3.6867538105800874,3.6860872804470977,3.685463915164886,3.684919388535335,3.6844836865537793,3.684180033033255,3.684024217836293,3.6840242180043568,3.6841800333016654,3.6844836871154243,3.6849193895907275,3.685463916160083,3.6860872814981613,3.6867538123946666,3.687423690144929,3.68805499710035,3.688606199168832,3.689038917061176,3.6893207263267227,3.6894276761720977,3.689346190740031,3.6890740827747064,3.6886205094037816,3.688004869979511,3.6872547968357963,3.686403530678908,3.6854870403243063,3.684541255118281,3.683599713055469,3.6826918249654703,3.681841844441145,3.681068516864072,3.680385302595759,3.679801027593875,3.679320795928161,3.6789470033164395,3.6786803282745857,3.6785205888773067,3.678467400304366
3.6792052257262706,3.67928141746399,3.6795104826258007,3.6798936981291264,3.6804324768600782,3.681127338143988,3.6819765408041705,3.6829744833274867,3.6841100179113635,3.6853648738371056,3.6867124476111255,3.6881172377066926,3.689535190570657,3.690915157883029,3.692201542010914,3.6933380164701477,3.6942720089022902,3.694959434432476,3.6953690566543407,3.6954858395603254,3.6953127879958494,3.6948710011192487,3.6941979631367103,3.69334436824978,3.692369971239045,3.6913390460263718,3.690315990849275,3.6893614869668876,3.6885294547133816,3.6878648589630916,3.687402282879175,3.687165109659835,3.6871651097739098,3.6874022834010107,3.687864859503707,3.688529455371129,3.6893614877517846,3.6903159916872066,3.691339047661567,3.6923699729618544,3.6933443702242075,3.694197965110658,3.694871003081415,3.6953127904438974,3.695485842576281,3.6953690599926965,3.6949594379731097,3.694272012557097,3.693338020555055,3.6922015462050366,3.6909151626082655,3.68953519541313,3.6881172425855793,3.6867124527984374,3.685364879212713,3.684110022876753,3.6829744878315247,3.6819765452393693,3.681127343311585,3.680432482415088,3.67989370180344,3.6795104840444255,3.6792814169371795,3.679205226237539
3.680196293774805,3.6803049119863354,3.6806318558488345,3.68118008827581,3.6819534549773594,3.682955089548639,3.6841852662658288,3.685638834293397,3.6873024402479864,3.6891518361710203,3.691149678419552,3.6932442826793657,3.6953698078444597,3.697448255772802,3.699393475858012,3.7011170504822526,3.702535574044929,3.7035784747397704,3.7041953005363335,3.7043613521013135,3.704080764981009,3.7033865629314913,3.7023377339799435,3.701013880776579,3.6995083334950625,3.697920746154849,3.6963500993898193,3.6948887770730674,3.6936180688503746,3.69260512245656,3.6919011491368496,3.6915405432286987,3.6915405431794124,3.6919011494133525,3.692605122682097,3.6936180693307956,3.6948887778120385,3.6963501000731727,3.6979207474422284,3.699508335225654,3.7010138827109085,3.702337735934495,3.703386564892748,3.7040807677487306,3.7043613553123764,3.7041953042676132,3.703578478542444,3.702535577751379,3.701117054441945,3.699393479928697,3.6974482603693595,3.6953698125693215,3.693244287564138,3.6911496835718838,3.689151841259421,3.687302444953445,3.6856388387689685,3.6841852706121574,3.682955094509991,3.6819534601110857,3.6811800915422492,3.680631857313716,3.6803049119430225,3.6801962948167803
3.681512100650825,3.681666157862825,3.6821304859882136,3.6829110857351735,3.6840163131673314,3.6854544452457634,3.687230349220198,3.6893414137075107,3.6917730191257565,3.694493987705465,3.697452644214561,3.7005742604074734,3.703760715982654,3.7068931136934467,3.709837778938956,3.7124555585041428,3.714613673632058,3.7161987148962723,3.717128897034812,3.7173635931836086,3.7169085292709236,3.7158157921273154,3.714178770434244,3.7121230528730784,3.7097949067188414,3.7073491432758146,3.7049379498026034,3.702701776792198,3.700762774023929,3.69922070157721,3.698150871241657,3.6976034503662594,3.697603450420367,3.6981508716014324,3.699220701706941,3.7007627743277287,3.7027017771721744,3.704937950326387,3.7073491446106352,3.709794908683133,3.7121230548657898,3.7141787726782627,3.7158157943442958,3.716908532161426,3.717363596580783,3.7171289008936443,3.716198718773629,3.714613677498871,3.7124555622944286,3.709837782923754,3.7068931181483706,3.7037607204767413,3.70057426512054,3.697452649260541,3.694493992408263,3.6917730233360837,3.689341417864925,3.687230353349385,3.685454450110701,3.684016318178538,3.6829110891050467,3.6821304878888452,3.6816661584765535,3.68151210226154
3.683240081298542,3.683457388227501,3.6841133013099143,3.6852190962283675,3.68679113131505,3.6888471929138156,3.691401402130356,3.694457840484529,3.698003241521451,3.701999376167081,3.706376098678993,3.711026323877945,3.7158043919769717,3.720529208699654,3.724993098501399,3.7289764574214965,3.7322671077474254,3.734682008732957,3.736088024331064,3.736418189819675,3.7356805307865804,3.7339579050944067,3.7313991422799164,3.728203407010148,3.7246007690837986,3.7208322052370555,3.7171317442447322,3.713712506340425,3.7107572845509393,3.7084133435751636,3.7067904875830084,3.705961127044744,3.7059611270492825,3.706790487869562,3.708413343746228,3.710757285022762,3.713712507085998,3.717131745031847,3.720832206543071,3.724600770970285,3.72820340907836,3.731399144800364,3.7339579075229277,3.7356805336106405,3.7364181934606533,3.736088028268868,3.7346820125246123,3.732267111625747,3.7289764609734064,3.7249931022552265,3.7205292129171808,3.71580439639904,3.7110263285545386,3.706376103577479,3.7019993804658107,3.698003245329909,3.6944578444255747,3.6914014061660096,3.688847197805508,3.6867911363973596,3.6852191000905736,3.684113303980912,3.683457389361295,3.683240083053106
3.685485271487566,3.6857899641085528,3.6867111054000223,3.688268867184874,3.690493343308517,3.6934191676302315,3.6970778530362325,3.7014879423177853,3.706643352294056,3.712500759072528,3.718967470839875,3.7258918463707964,3.7330587826585293,3.7401928535014783,3.7469710770439555,3.7530458995862257,3.7580768746336934,3.7617671510684216,3.7638989580087747,3.7643616094784464,3.763166599870498,3.76044698822129,3.7564416810156414,3.7514682953136385,3.7458901312156745,3.740083041955416,3.7344068608964918,3.7291841571665776,3.7246870575187816,3.7211312175633924,3.718675009248645,3.71742157297497,3.717421573012897,3.718675009783795,3.7211312181843916,3.724687058094458,3.729184158169384,3.7344068617281923,3.740083043210172,3.74589013335377,3.7514682978167166,3.7564416836124006,3.7604469908249665,3.7631666026650334,3.7643616128684507,3.763898961625429,3.761767154667223,3.75807687832873,3.7530459031061905,3.7469710808623953,3.740192857673784,3.733058787217111,3.7258918512876473,3.7189674757192686,3.7125007630090407,3.7066433556886227,3.701487946041281,3.697077857135852,3.6934191726741243,3.690493348515596,3.6882688714581415,3.6867111087414095,3.685789965681583,3.6854852736390895
3.6883711857844754,3.688795599323698,3.69008092061813,3.692261958180757,3.695391753374551,3.6995338367621193,3.704750928544042,3.7110899632239436,3.71856374139053,3.7271302592916924,3.7366718043683234,3.746977084272695,3.757730706887084,3.7685147660353278,3.7788265985890086,3.7881145673322565,3.795829998980637,3.801488892474758,3.804733095440196,3.8053790117956,3.8034436769540183,3.7991430044708197,3.792863545289055,3.785114890715819,3.7764730841313,3.767525486119771,3.7588250697145336,3.7508584206770137,3.744028001725201,3.73864644388668,3.734939051076625,3.7330502561517176,3.7330502562021617,3.7349390514846155,3.7386464446249774,3.744028002260173,3.7508584218945296,3.7588250708760658,3.7675254875630797,3.776473086284209,3.78511489323728,3.792863547796493,3.799143007145802,3.8034436797293765,3.8053790149128437,3.8047330989896193,3.801488896342495,3.795830002758327,3.7881145709826662,3.7788266025638317,3.768514770285649,3.7577307114656127,3.7469770891917547,3.7366718090510274,3.727130263018637,3.7185637447556172,3.711089967120804,3.7047509329936164,3.699533841922125,3.6953917586221303,3.6922619626612425,3.6900809243390866,3.6887956009282497,3.688371188077107
3.692039331324537,3.6926262185970056,3.6944069819584064,3.6974399825602045,3.7018157065893793,3.7076459427648705,3.7150475103040796,3.7241199230551887,3.734916943260794,3.7474131272357063,3.7614682142903484,3.776794404563016,3.7929337878992753,3.8092545784173484,3.8249743385946346,3.8392150305543615,3.8510882163748024,3.8598000949280284,3.864758005608257,3.865656114947368,3.8625209266998604,3.8557068313673897,3.845844676651729,3.8337573754247063,3.8203621906239817,3.8065786371966555,3.793255560686912,3.7811236951603653,3.770773287051171,3.7626517361218674,3.7570739192580915,3.7542376183066777,3.7542376185571915,3.7570739195705443,3.7626517368846124,3.770773287550868,3.7811236960231,3.793255561667787,3.806578638455549,3.8203621926770714,3.833757378090118,3.8458446795529238,3.855706834160293,3.8625209295821885,3.865656118458951,3.864758009474858,3.8598000990415957,3.8510882203807757,3.8392150343357243,3.8249743425144196,3.809254582693866,3.7929337925689097,3.7767944095879615,3.7614682188824395,3.7474131310385204,3.734916946998009,3.724119927344843,3.7150475149572646,3.7076459473438397,3.701815710962441,3.6974399864093117,3.694406985561895,3.692626220151372,3.6920393331860857
3.696646603653525,3.6974516366126338,3.699899395146603,3.704085351512573,3.710159779373637,3.718313187098284,3.7287535825009237,3.7416739375344905,3.7572088875852434,3.775381366510293,3.796042716412255,3.8188137538662152,3.843038730378621,3.867767707730734,3.891783521797192,3.913684887894059,3.932026002320643,3.945496494977103,3.95310883354593,3.9543509826162575,3.949266761006606,3.938445156657439,3.922925319379102,3.904045258400682,3.883271864774947,3.862046699080623,3.8416702955590916,3.8232335513872426,3.807592784172992,3.7953776071455927,3.787017834927197,3.782776198930637,3.782776199212967,3.787017834869234,3.7953776073874237,3.807592784357712,3.8232335518554588,3.8416702967164604,3.8620467004105765,3.8832718669487676,3.904045260960527,3.9229253223553675,3.9384451597611405,3.949266764396332,3.954350986867592,3.9531088380086317,3.945496499466018,3.9320260066013963,3.9136848918757434,3.8917835258805398,3.867767712132433,3.843038735140576,3.8188137589242213,3.7960427208348353,3.775381370250321,3.757208891269452,3.7416739413527496,3.7287535863853365,3.718313190514464,3.7101597828226187,3.704085355014323,3.699899398628977,3.6974516384571037,3.696646605524517
3.7023596631694047,3.703454061346628,3.7067891736176155,3.71251774473127,3.720883522573574,3.7322026365447085,3.7468330701445716,3.7651286725312834,3.7873747267982973,3.813704306455534,3.843999026031448,3.8777845970772558,3.9141401937148075,3.9516489169376627,3.988420748586026,4.022214178786608,4.050664059924976,4.071591837855857,4.083339163191692,4.085043728552196,4.076782968151289,4.0595491000153965,4.035070930690916,4.005539506575891,3.9733104634405088,3.940645700361375,3.9095316771417217,3.881584103195109,3.8580278056398525,3.839729276786788,3.8272565457431744,3.820943831335978,3.8209438315582918,3.8272565458231904,3.839729277080627,3.8580278059882116,3.8815841035362575,3.9095316783474985,3.9406457013208396,3.973310465471965,4.005539509306253,4.035070934088906,4.059549104025484,4.076782972406369,4.0850437333512435,4.083339168273006,4.071591842766288,4.050664064127539,4.022214182754902,3.988420752971977,3.9516489215543595,3.9141401984890134,3.8777846017628166,3.843999029842679,3.8137043097297565,3.787374730063957,3.765128675608863,3.746833073123928,3.732202639140195,3.7208835258373667,3.7125177490168757,3.7067891776448554,3.7034540633329067,3.702359665212259
3.709345312414816,3.7108183042532152,3.715318106977286,3.723083994917817,3.734502790754505,3.7500868181960514,3.770435124736835,3.796171015150789,3.827848922910534,3.8658261489729235,3.9101012643603874,3.9601321487356227,4.0146625210373825,4.07160366352444,4.128031049457482,4.18035307479718,4.224679908704793,4.2573613172583915,4.275588055711029,4.277898179599196,4.264437568356587,4.236902238961265,4.198198666038691,4.151940673440381,4.101925370707514,4.051701505654641,4.004288958772513,3.96205527280121,3.926719508778341,3.8994381654049586,3.8809275973889554,3.8715855823344905,3.8715855822938616,3.8809275974443045,3.899438165571861,3.9267195093619462,3.962055273358826,4.004288960453255,4.051701507210086,4.1019253730988225,4.15194067685197,4.198198669972659,4.236902243432987,4.264437573199243,4.277898184683421,4.2755880606969505,4.257361321859203,4.224679912915021,4.1803530792986034,4.128031054300063,4.071603668276168,4.014662525743095,3.9601321530012346,3.910101267739631,3.8658261519697077,3.827848925843205,3.7961710177570835,3.7704351273394927,3.7500868208412146,3.7345027942623585,3.723083999519176,3.715318111167243,3.7108183057559345,3.7093453134824066
3.7177559665609494,3.7197166068390937,3.7257217872243378,3.736138627136306,3.7515681574234456,3.772822437050939,3.800879304920426,3.8368021424730414,3.8816103649267166,3.9360881983638514,4.000527264787652,4.0744156648307595,4.156114207963074,4.242596702098423,4.329365079103418,4.410660572798977,4.480051660072628,4.5313704260758945,4.5598113972247925,4.562877392921578,4.540858755748091,4.496699889849624,4.435340517988355,4.362782959261408,4.285166201294303,4.208049568457088,4.1359918055366345,4.072411952799552,4.019660973574539,3.9792157125872025,3.951915489956586,3.938181691504372,3.9381816914941847,3.9519154904410025,3.979215713142312,4.0196609749237115,4.072411954031592,4.135991807509481,4.208049570783566,4.28516620387868,4.362782963269215,4.43534052279977,4.496699894788781,4.540858760683816,4.562877397842053,4.55981140201663,4.531370430745225,4.480051664913646,4.410660578082846,4.329365084417552,4.2425967070724395,4.156114212500282,4.07441566864378,4.000527267937284,3.936088201473509,3.8816103679240763,3.836802144905758,3.8008793071606255,3.7728224395051106,3.751568160742571,3.736138630658997,3.7257217903675777,3.719716608077727,3.71775596694135
3.727709630967615,3.7302872819654156,3.738204281803169,3.752012150345983,3.7726251244962175,3.801302616596603,3.8396038768156147,3.889293399365932,3.9521702895646533,4.029793624014439,4.123083722990889,4.231803107723985,4.3539671478766735,4.485303999349462,4.6189625853653755,4.745717961763423,4.854882572111309,4.9359393674395085,4.98057850365087,4.984499634369362,4.948306507186339,4.877195210894556,4.779653497056251,4.665714483589389,4.545320039945359,4.427147849015297,4.318009177557994,4.222743148839343,4.144448618519602,4.08488630918162,4.044916493529996,4.024881610073242,4.024881610036448,4.044916493997833,4.084886309724302,4.144448619995946,4.222743150686837,4.318009179847596,4.4271478524063665,4.545320043341078,4.665714488261899,4.779653502445577,4.8771952163794525,4.948306512535982,4.984499639686741,4.980578509249537,4.935939373002823,4.854882577521284,4.745717967271735,4.618962590793385,4.485304004224329,4.353967152067121,4.231803111313989,4.1230837260611635,4.029793627177423,3.9521702925212856,3.889293401775413,3.8396038790310545,3.801302618487141,3.772625126992826,3.7520121528284385,3.73820428399574,3.7302872834402474,3.7277096320437284
3.7392644744529737,3.7426070438429764,3.752903589870858,3.7709646800743277,3.798150788110247,3.836372230262002,3.8880584542656123,3.9560624539816804,4.04345361211878,4.153143168944761,4.287288987128657,4.446453925792461,4.62856207904427,4.827822281472517,5.033958876425913,5.232245404886732,5.404845492820934,5.533653390681139,5.604125706082284,5.608793898841846,5.548957137132807,5.433942111366373,5.27848778981057,5.09945068602592,4.912924853436483,4.732366045881808,4.567800454549414,4.425885491467998,4.310485974775636,4.223460602773814,4.165441093823998,4.136475761170365,4.136475761085237,4.165441094025063,4.223460603298348,4.310485975921424,4.425885493692848,4.567800457212687,4.73236604990549,4.912924857632149,5.099450691582506,5.278487796102864,5.433942118104501,5.548957143938255,5.608793905312228,5.604125712480254,5.533653396666098,5.404845498499728,5.232245410517505,5.033958881630581,4.827822285959778,4.628562083350326,4.446453929894737,4.287288990746983,4.153143172545163,4.043453615147103,3.9560624563508706,3.8880584567307412,3.836372231963625,3.7981507895912006,3.770964682051408,3.752903592531313,3.7426070461291485,3.7392644769502374
3.752389206150261,3.7566580872635575,3.769848378344756,3.7931240053346564,3.828463079469507,3.878696496731382,3.9475202150667523,4.039430301906021,4.159504869377585,4.312931102151201,4.504160469401843,4.7355945735080525,5.005795511486517,5.307421384735356,5.625427879010957,5.936478453997953,6.210720832258659,6.41667415238135,6.528546074442603,6.533260116773047,6.433690072655868,6.246865389773872,5.9986217000787345,5.717361441299656,5.4290461529169045,5.1543143570939245,4.907611471584823,4.697726696138832,4.529060329505296,4.403090628648286,4.319709972903542,4.278268185831575,4.278268185897746,4.3197099729693775,4.403090629361155,4.529060330576148,4.697726698530725,4.907611474637746,5.154314361388304,5.42904615719639,5.717361446800562,5.998621706995324,6.246865397504325,6.433690080844154,6.533260125059609,6.528546082559,6.416674159461664,6.210720838594869,5.936478460165884,5.62542788513951,5.307421390953569,5.005795517812751,4.735594578771387,4.50416047372263,4.312931106065136,4.159504872590739,4.039430304401898,3.947520217243813,3.8786964985206533,3.8284630808391564,3.7931240074927257,3.7698483824923366,3.7566580908230605,3.7523892100246536
3.766932031435908,3.7722927162449436,3.788908744106424,3.81841026251618,3.8636026491457414,3.92857742935346,4.018816155311227,4.1412176460328025,4.303934427458167,4.515847361119917,4.785451326190477,5.118904810038887,5.517083013250359,5.971774957053619,6.461786138964821,6.950629686309891,7.388326982409457,7.7195991307715754,7.898031251803437,7.900583274484051,7.733763100564976,7.429175551786572,7.032424945068154,6.5913355319779905,6.147449317453484,5.731893331759526,5.364848231769056,5.057211258795841,4.8131712203305055,4.63282649683371,4.514388816130624,4.4558075304649964,4.455807530541224,4.514388815627971,4.632826496744186,4.81317122068318,5.0572112603021395,5.364848234083313,5.731893335647238,6.14744932184155,6.591335537348576,7.032424953355645,7.42917556172014,7.733763111172358,7.900583285044789,7.898031262027628,7.719599140567917,7.388326992466377,6.950629696638546,6.46178614897522,5.9717749662739426,5.5170830213630095,5.118904816129672,4.785451331163647,4.515847364801067,4.303934430488896,4.141217649217326,4.018816157666132,3.9285774315173616,3.8636026514842254,3.8184102656980707,3.7889087495424905,3.772292720753996,3.766932036019391
3.782592839212454,3.789200504881733,3.809746892681489,3.846454245745941,3.9031948763447093,3.985723269513338,4.101946989015804,4.262151450368568,4.479022204151986,4.767201606203053,5.1419810364486525,5.616606401980613,6.197675701764039,6.878453054487732,7.6309293447159945,8.399356210985143,9.100396748411521,9.636095236275052,9.92155379797427,9.91612049508553,9.634835894825452,9.137175568729676,8.503854147083294,7.814902698533346,7.135838834378919,6.5124535065859455,5.971709979919322,5.525779153688555,5.176946016184067,4.922077140594241,4.756103405781068,4.674435463121241,4.674435463059769,4.756103405302417,4.9220771401877785,5.176946016247444,5.525779154744056,5.971709981671073,6.512453509746283,7.135838839502011,7.81490270498019,8.503854157773107,9.137175581910542,9.634835909507835,9.916120510344996,9.921553813178347,9.636095251595977,9.100396764092189,8.399356226322817,7.630929358755062,6.878453066572161,6.197675711617768,5.616606409071153,5.1419810421596335,4.767201610645108,4.479022208125894,4.262151454833398,4.101946992637118,3.985723272462649,3.9031948792846913,3.8464542496700855,3.8097468982862908,3.789200509787702,3.7825928443735313
3.798905083052108,3.806885219189632,3.8317773042875287,3.876522879220389,3.946310768701239,4.048994672841381,4.195636824312794,4.401091218888808,4.684438167077613,5.068906041020098,5.58064832427269,6.24540746959581,7.081830125747513,8.090375992734527,9.238104502936416,10.44306450557267,11.567859805627643,12.437676130784997,12.894265815274563,12.866653844544427,12.390152675695518,11.577665353954437,10.571402278583703,9.503392439995615,8.474604920004372,7.550049134773511,6.763461496917282,6.1258809176146105,5.63444956488753,5.279677150221648,5.0506876130313145,4.938626723358786,4.93862672304035,5.050687613121234,5.279677150493146,5.634449565578607,6.125880919428631,6.763461500101178,7.5500491391598015,8.474604927720634,9.503392449842508,10.571402293429765,11.577665371683388,12.390152694616544,12.866653864874158,12.89426583658976,12.437676153245514,11.56785982837245,10.443064526707612,9.238104521173751,8.090376007945641,7.081830137847851,6.245407478536314,5.580648331678997,5.068906048244343,4.684438173695308,4.40109122452262,4.195636828903136,4.048994676523908,3.946310771621389,3.876522883382042,3.8317773094760708,3.8068852243371656,3.7989050893066914
3.81523492758418,3.8246603284017118,3.854149263503181,3.9074723582121655,3.9913595628861716,4.116178089980829,4.296880258271134,4.554162708543491,4.9156537292432265,5.416693085375114,6.099817649798001,7.011365418994401,8.192747931988018,9.663412519861941,11.3936492872688,13.270626397853095,15.073073137519229,16.488207312799087,17.2139683623201,17.13128084807832,16.32355146667946,15.004917223079298,13.421999680204447,11.787093168129172,10.250580365579026,8.900347564280246,7.774571086524065,6.878184019224677,6.197715612560425,5.712496795873894,5.4021532721732175,5.251130021793739,5.251130021570902,5.402153272600668,5.712496796641177,6.1977156141188035,6.878184021376727,7.7745710905162335,8.900347570103207,10.250580376261107,11.787093182164167,13.42199970039472,15.004917249477842,16.32355149556812,17.131280880746434,17.213968395374412,16.488207345041246,15.073073167954764,13.270626424792443,11.393649310162324,9.663412539739113,8.192747948423632,7.0113654325594625,6.099817660672795,5.416693094258634,4.915653736823498,4.5541627146466075,4.296880263002136,4.1161780939611035,3.9913595659442422,3.907472362711023,3.854149268681417,3.8246603338451273,3.8152349343138483
3.830804802545416,3.8416718773958376,3.8757660016863276,3.9377544082357576,4.036058810762137,4.183866606085108,4.400621309617823,4.714008924783735,5.162335940700961,5.796890481728766,6.683232186684927,7.8991520337674945,9.525130287744547,11.620859657102422,14.180690771078895,17.066588546550772,19.93755371335629,22.23784213206534,23.371334915116808,23.161134419531923,21.80140524863903,19.69158238290425,17.245667476699392,14.791421627722643,12.54258636698219,10.610608266364444,9.032014775150557,7.797214343821226,6.873946722740919,6.223625158160884,5.81144118914738,5.611977153836166,5.61197715406537,5.811441189301007,6.223625158229076,6.873946723948555,7.797214345254935,9.032014778641566,10.61060827275338,12.542586380200264,14.79142164784666,17.245667505225356,19.691582423174815,21.801405294361658,23.161134474510945,23.371334970715303,22.23784218365889,19.937553758478167,17.066588584261332,14.180690802299791,11.620859683998182,9.525130308120772,7.8991520498401755,6.683232199302909,5.796890490828,5.162335948086032,4.714008931196587,4.400621314370554,4.183866610313357,4.036058814599997,3.937754413018608,3.8757660067786017,3.8416718835530164,3.8308048099304073
3.844745747428273,3.8569547198653136,3.895352167697826,3.965500134652602,4.077532328866324,4.247548802096885,4.49975750667709,4.869512638493314,5.407331979984271,6.183696053073933,7.293679276605522,8.858760503895716,11.019818269346771,13.909893164314047,17.589391498249853,21.92759558582518,26.439890273927553,30.16542213906008,31.86748973172172,31.382383619709167,29.137877941388275,25.850613774897152,22.178209623605184,18.597888695568265,15.396140919844413,12.70386616748347,10.545639843116469,8.885592300628002,7.662096498697687,6.81032079717607,6.275116170826886,6.017503603015888,6.017503603360082,6.275116171042917,6.8103207977376865,7.662096499716212,8.885592302377873,10.545639847751897,12.703866175960586,15.396140936126704,18.597888722934975,22.178209662109573,25.85061383271457,29.137878011352115,31.38238370474287,31.86748981880326,30.165422219504965,26.439890344203445,21.927595644239364,17.58939154342437,13.90989319967144,11.01981829337426,8.858760520018146,7.293679288287746,6.183696061424598,5.4073319864777805,4.869512644292235,4.499757511895597,4.247548807373475,4.077532334540038,3.9655001406856436,3.8953521731287966,3.856954726825351,3.8447457562084506
3.856177510012239,3.869522017850764,3.911573246919952,3.988694822798215,4.112572793484027,4.301995928468033,4.585676127612977,5.006439389978595,5.627163447472752,6.538706494517705,7.86943887648319,9.794123285200575,12.53533163813587,16.341092713926166,21.406792237319426,27.694668283740192,34.618194695465874,40.632650377403586,42.98615265670495,41.967104663914526,38.39907385945733,33.49169561918624,28.20610946358401,23.185110043129637,18.788477234394836,15.158841296650976,12.296892764026913,10.127813334389629,8.549470930722238,7.462144456404397,6.784285676197474,6.459597853594053,6.4595978535689875,6.784285676524404,7.462144457872215,8.549470931997323,10.127813337537438,12.29689277082499,15.15884131044571,18.788477259509914,23.185110085296326,28.20610952092314,33.491695704134536,38.39907396693291,41.96710479320528,42.98615279795093,40.63265050607329,34.618194803083526,27.69466836899579,21.406792296676734,16.34109275103679,12.53533166201065,9.794123301151904,7.869438887781437,6.538706503670128,5.627163455618314,5.006439396677636,4.5856761335477,4.3019959331519555,4.1125727983208575,3.988694827898524,3.9115732512510584,3.869522023499927,3.856177515245403
3.8643079313132915,3.878479028954715,3.923196843284981,4.005433780877831,4.138066179100824,4.341973957135393,4.649439633051422,5.109361717898887,5.794990526081325,6.8150138822948065,8.32858493639695,10.5635217236283,13.832502377461578,18.53044738047606,25.070422192497695,33.67183476791925,43.87846465400195,53.657284088117606,56.382815461589075,54.493156059575156,49.135567943896675,42.2398579539362,35.05487786160366,28.364641508808944,22.593518119301027,17.89153829188055,14.229429271413192,11.485572348868825,9.509458983416662,8.159889807744362,7.324102817372744,6.925432847931518,6.925432848108322,7.324102817654402,8.159889808027788,9.509458984017868,11.485572352704112,14.229429279073614,17.891538309924197,22.59351815154977,28.364641565881556,35.0548779453069,42.239858076057374,49.13556810269786,54.49315624654875,56.38281567895249,53.65728428461568,43.878464805863636,33.671834878781766,25.070422265825247,18.53044742433748,13.832502403548242,10.563521741752243,8.328584949520456,6.81501389199804,5.794990533815676,5.109361722480644,4.649439636437062,4.3419739595729,4.13806618200358,4.005433782787597,3.92319684420557,3.8784790343992155,3.864307935344962
3.8685356632148773,3.8831427566551384,3.9292694038885516,4.014217664642649,4.151512404296062,4.3631835033623805,4.683502000594926,5.1648054840914375,5.886351523423661,6.967473608709227,8.586510661889232,11.006490310244404,14.605880745588374,19.904327100889564,27.551993316703186,38.207666779137554,52.17512092097372,68.71102776034847,70.67908528802879,67.7533522434153,60.211433585778714,51.224549160831565,42.126957372400426,33.749976249002614,26.567943149687228,20.749660166335815,16.247243707400226,12.897411936020037,10.501741782547988,8.875967957090776,7.874188453966442,7.3978891465646965,7.397889146944612,7.874188454416254,8.87596795718854,10.50174178365234,12.897411939415752,16.247243715738822,20.74966018778425,26.567943186148316,33.749976314361106,42.12695747188868,51.22454930241455,60.211433781124505,67.75335247246225,70.67908556767722,68.71102802807006,52.17512110764771,38.207666886315245,27.55199338597107,19.904327144764927,14.605880772177416,11.006490328052934,8.586510674271052,6.967473616646721,5.88635152866619,5.164805486194996,4.683502001469754,4.363183504431677,4.15151240737711,4.014217667903831,3.929269405513546,3.883142761856559,3.868535668117872
0.0,0.0,0.0,0.0,0.0,0.0,0.0,0.0,0.0,0.0,0.0,0.0,0.0,0.0,0.0,0.0,0.0,221.87483354680876,221.94004733663,222.12985742072348,222.95928692560156,222.64477207927064,221.19412045932944,217.30114691117038,205.16063926507638,171.24288498515705,131.71954267735265,101.32452333029175,80.10293744457911,66.0823555066272,57.61672851697058,53.64063376038806,53.64063375886521,57.616728514731456,66.08235550607482,80.10293744820805,101.3245233409101,131.71954273413272,171.24288514860717,205.16063966726423,217.30114751290253,221.19412119721542,222.64477285335153,222.95928779451592,222.12985821818373,221.94004833401723,221.8748346241449,0.0,0.0,0.0,0.0,0.0,0.0,0.0,0.0,0.0,0.0,0.0,0.0,0.0,0.0,0.0,0.0,0.0
0.0,0.0,0.0,0.0,0.0,0.0,0.0,0.0,0.0,0.0,0.0,0.0,0.0,0.0,0.0,0.0,0.0,221.7230849794215,221.79953251843293,222.0292376067362,223.0623584759508,223.10074275054737,222.20720652716304,219.6319871893712,212.19309708253783,187.02930944392347,145.6386506947441,111.1488150221841,86.85739310266686,70.83915134315222,61.19829912898135,56.680938524571275,56.680938525105354,61.198299131273586,70.83915133991732,86.85739309574241,111.14881502892321,145.63865075786737,187.02930962406683,212.19309747578947,219.63198766387308,222.20720710362116,223.10074336333298,223.0623591648431,222.02923821871556,221.79953332615983,221.72308612423456,0.0,0.0,0.0,0.0,0.0,0.0,0.0,0.0,0.0,0.0,0.0,0.0,0.0,0.0,0.0,0.0,0.0
0.0,0.0,0.0,0.0,0.0,0.0,0.0,0.0,0.0,0.0,0.0,0.0,0.0,0.0,0.0,0.0,0.0,221.6924254248896,221.77397262743816,222.01927404227516,223.11982109295477,223.33307039748675,222.73758297457178,220.82028042008162,215.51805491779217,197.3434169538159,157.2032372149178,119.63869823042488,92.74564298651394,74.9925263524083,64.32305528385919,59.33062103652658,59.33062103548687,64.32305528313427,74.99252634975419,92.74564298957792,119.63869824865708,157.20323727413955,197.34341715834935,215.51805527149787,220.82028079147528,222.73758344995272,223.33307091815868,223.1198216616071,222.0192745676707,221.7739733719136,221.69242646806433,0.0,0.0,0.0,0.0,0.0,0.0,0.0,0.0,0.0,0.0,0.0,0.0,0.0,0.0,0.0,0.0,0.0
0.0,0.0,0.0,0.0,0.0,0.0,0.0,0.0,0.0,0.0,0.0,0.0,0.0,0.0,0.0,0.0,0.0,221.6975897065027,221.78183151667,222.03458666070063,223.16491384836365,223.46701969422665,223.0350610615689,221.47121506828162,217.23396532593674,203.242845451677,165.868306820819,126.32508790720658,97.43705323161977,78.31343515915167,66.82344664452552,61.45060862264167,61.45060862200804,66.82344664463108,78.31343516083922,97.43705323911058,126.32508792391684,165.8683068864102,203.24284571223265,217.23396564334467,221.4712153830519,223.03506142216324,223.46702005736603,223.16491426526648,222.03458721111937,221.78183211828633,221.69759057919418,0.0,0.0,0.0,0.0,0.0,0.0,0.0,0.0,0.0,0.0,0.0,0.0,0.0,0.0,0.0,0.0,0.0
0.0,0.0,0.0,0.0,0.0,0.0,0.0,0.0,0.0,0.0,0.0,0.0,0.0,0.0,0.0,0.0,0.0,221.70922395823266,221.79493532971745,222.05159643235834,223.19726931243142,223.54448204505718,223.19985596856785,221.8241990623937,218.12938684774667,206.33728979265982,171.51687926344397,130.90847868073845,100.68979711578041,80.62508214754587,68.5663979470153,62.92892076203744,62.92892076148282,68.56639794611658,80.6250821504672,100.68979712607381,130.90847870695185,171.51687934493788,206.33729003365835,218.12938712019445,221.82419930400206,223.1998561584873,223.5444822807354,223.197269689134,222.05159687650453,221.79493582080525,221.70922465143514,0.0,0.0,0.0,0.0,0.0,0.0,0.0,0.0,0.0,0.0,0.0,0.0,0.0,0.0,0.0,0.0,0.0
0.0,0.0,0.0,0.0,0.0,0.0,0.0,0.0,0.0,0.0,0.0,0.0,0.0,0.0,0.0,0.0,0.0,221.71676365327977,221.80313947766825,222.0615537635721,223.21412755345247,223.580597515811,223.27424497716353,221.98117971240373,218.51910492972897,207.66471047139186,174.2738863996234,133.23133861741766,102.35200819160491,81.8099237252321,69.46084490805708,63.68787167580074,63.68787167544697,69.46084490764135,81.80992373480272,102.35200821544106,133.2313386599602,174.27388647235838,207.66471067363673,218.51910522420692,221.98117994507794,223.27424507918573,223.580597681435,223.21412779084406,222.06155403459735,221.80313982266173,221.71676411877337,0.0,0.0,0.0,0.0,0.0,0.0,0.0,0.0,0.0,0.0,0.0,0.0,0.0,0.0,0.0,0.0,0.0
0.0,0.0,0.0,0.0,0.0,0.0,0.0,0.0,0.0,0.0,0.0,0.0,0.0,0.0,0.0,0.0,0.0,221.7167638145858,221.80313958181384,222.06155385807975,223.21412769018536,223.58059757147402,223.27424493104508,221.98117966356003,218.51910491934817,207.66471049097,174.2738863985885,133.23133861621523,102.35200818830542,81.80992372069588,69.46084490360262,63.68787167362004,63.687871676422944,69.46084491103844,81.8099237411496,102.35200822580572,133.23133867684652,174.27388648157628,207.66471064350236,218.51910518204662,221.98117993715834,223.27424510574735,223.58059765506516,223.21412770799657,222.06155394237837,221.80313971070697,221.71676398225222,0.0,0.0,0.0,0.0,0.0,0.0,0.0,0.0,0.0,0.0,0.0,0.0,0.0,0.0,0.0,0.0,0.0
0.0,0.0,0.0,0.0,0.0,0.0,0.0,0.0,0.0,0.0,0.0,0.0,0.0,0.0,0.0,0.0,0.0,221.70922438199943,221.7949356110459,222.05159668551173,223.1972696195202,223.5444821564397,223.19985583662714,221.82419897163575,218.12938685596433,206.33728989564273,171.51687928642002,130.9084786700046,100.68979709906498,80.62508213753057,68.56639794543906,62.92892076751291,62.92892077096898,68.56639795606878,80.6250821633563,100.68979714501775,130.90847874075763,171.51687936576025,206.33728995697544,218.12938700034653,221.82419920660743,223.1998561359018,223.54448218188273,223.19726945783395,222.0515965933378,221.79493552059597,221.7092242470244,0.0,0.0,0.0,0.0,0.0,0.0,0.0,0.0,0.0,0.0,0.0,0.0,0.0,0.0,0.0,0.0,0.0
0.0,0.0,0.0,0.0,0.0,0.0,0.0,0.0,0.0,0.0,0.0,0.0,0.0,0.0,0.0,0.0,0.0,221.69759030496448,221.78183192677054,222.03458701694714,223.16491413309015,223.46701974121916,223.03506108395572,221.47121507340688,217.2339654099345,203.24284560635508,165.8683068502071,126.3250879138175,97.43705323317911,78.31343516174437,66.82344665097511,61.45060863429299,61.450608637662036,66.82344666212252,78.3134351831041,97.43705326684093,126.32508795882015,165.8683068856121,203.24284555849806,217.2339654002238,221.4712151192255,223.03506119646167,223.46701980534164,223.16491394868655,222.0345867697385,221.78183168554605,221.69758993045002,0.0,0.0,0.0,0.0,0.0,0.0,0.0,0.0,0.0,0.0,0.0,0.0,0.0,0.0,0.0,0.0,0.0
0.0,0.0,0.0,0.0,0.0,0.0,0.0,0.0,0.0,0.0,0.0,0.0,0.0,0.0,0.0,0.0,0.0,221.69242618924588,221.77397318027434,222.01927444448214,223.11982121407863,223.33307054246117,222.73758319206618,220.82028061230884,215.5180551614994,197.34341711008898,157.20323725686794,119.63869824968583,92.7456429921901,74.9925263572921,64.3230552947786,59.33062105362812,59.33062105511891,64.32305530036763,74.99252636411495,92.7456430026196,119.63869826510073,157.20323725839378,197.34341697636228,215.5180549562781,220.82028044047058,222.73758305335988,223.33307048287628,223.1198211852315,222.0192741079671,221.7739727947019,221.69242561553008,0.0,0.0,0.0,0.0,0.0,0.0,0.0,0.0,0.0,0.0,0.0,0.0,0.0,0.0,0.0,0.0,0.0
0.0,0.0,0.0,0.0,0.0,0.0,0.0,0.0,0.0,0.0,0.0,0.0,0.0,0.0,0.0,0.0,0.0,221.72308587206726,221.7995331556792,222.0292378077286,223.06235882111366,223.1007431177541,222.20720694048103,219.63198754272685,212.1930973959129,187.0293095711568,145.63865073770998,111.14881503017602,86.85739310045217,70.83915134421432,61.19829913431359,56.68093853203307,56.680938533837995,61.19829914188885,70.83915135281202,86.857393107527,111.14881503146923,145.63865072947615,187.02930946566156,212.19309711056283,219.63198724491227,222.2072066025428,223.10074281930193,223.06235857667096,222.02923766898647,221.79953266693636,221.72308516336824,0.0,0.0,0.0,0.0,0.0,0.0,0.0,0.0,0.0,0.0,0.0,0.0,0.0,0.0,0.0,0.0,0.0
0.0,0.0,0.0,0.0,0.0,0.0,0.0,0.0,0.0,0.0,0.0,0.0,0.0,0.0,0.0,0.0,0.0,221.87483445878522,221.94004782112458,222.12985778650722,222.9592874202766,222.64477257564087,221.19412101636814,217.30114739866065,205.16063960033577,171.24288508588742,131.71954269589511,101.32452332101347,80.1029374386431,66.08235550100349,57.616728513484304,53.64063376243202,53.64063376496033,57.61672852249296,66.08235551369903,80.10293745543831,101.32452333463344,131.71954269311573,171.24288502455104,205.16063929465676,217.30114698435716,221.19412054427673,222.64477214421714,222.95928699546295,222.1298574924814,221.94004743686466,221.87483371372687,0.0,0.0,0.0,0.0,0.0,0.0,0.0,0.0,0.0,0.0,0.0,0.0,0.0,0.0,0.0,0.0,0.0
3.8685356775942012,3.883142777167203,3.9292694153643297,4.0142176724910135,4.151512411295419,4.363183507687122,4.683502002856138,5.16480548525976,5.886351525236784,6.967473611117382,8.586510664094957,11.00649031275882,14.605880747895709,19.904327105223107,27.551993327311546,38.207666801318815,52.17512096387302,68.71102789396535,70.67908544433783,67.75335237688584,60.21143371317201,51.224549259523535,42.12695744596289,33.749976297458375,26.567943174231736,20.749660178748293,16.24724371095076,12.897411937504264,10.501741783522064,8.875967957124288,7.87418845434219,7.397889147270413,7.397889147709228,7.874188455347168,8.875967957780526,10.501741783732989,12.897411937437338,16.24724370800165,20.749660171064626,26.567943153943933,33.74997625721761,42.126957380257984,51.22454917453249,60.21143359862183,67.75335226281373,70.6790853046681,68.71102778692901,52.17512093894377,38.20766678817796,27.55199332180427,19.90432710553377,14.605880750675503,11.006490315884273,8.586510667653572,6.967473613159546,5.886351525150972,5.1648054822181315,4.6835019950078545,4.363183495205664,4.151512395695928,4.014217657577784,3.9292693992485024,3.8831427541640013,3.8685356605735595
3.8643079330864762,3.8784790435714043,3.923196852241263,4.005433786352826,4.13806618415181,4.341973961093171,4.6494396366389035,5.109361720805584,5.79499052898499,6.815013884897769,8.328584937221747,10.563521723824365,13.832502377856013,18.530447384436503,25.070422206842697,33.67183480227731,43.87846471885242,53.6572841920307,56.38281558969467,54.49315617278728,49.13556804794916,42.23985804142113,35.054877925640234,28.364641556177602,22.59351814628478,17.891538306060898,14.22942927695109,11.485572351876755,9.509458984637268,8.15988980895201,7.3241028186208395,6.925432848628293,6.9254328487444035,7.324102818952838,8.1598898094132,9.509458984194193,11.485572350639588,14.229429273044662,17.89153829545058,22.59351812495491,28.364641518458342,35.05487786767962,42.23985796764268,49.135567953638876,54.493156078809356,56.382815473295324,53.657284101260615,43.87846466300185,33.67183477036204,25.07042218960672,18.530447376248055,13.832502374161775,10.563521722198791,8.328584937668852,6.815013885785598,5.794990530279938,5.10936172094718,4.649439633209226,4.341973953735749,4.138066173179407,4.005433774538995,3.923196838110871,3.8784790261978617,3.8643079281935813
3.8561775127279017,3.8695220302543016,3.9115732562006404,3.9886948304367746,4.112572800320609,4.301995934513285,4.5856761333599945,5.006439395308813,5.627163452234555,6.538706498738768,7.869438880014698,9.794123289059815,12.535331643455187,16.341092722808497,21.406792252699066,27.694668317856884,34.618194742509054,40.63265044646119,42.98615274172952,41.96710474643313,38.3990739332354,33.49169568325485,28.20610950844072,23.185110079123078,18.788477255811124,15.158841308029452,12.296892769739276,10.12781333761855,8.549470932999633,7.462144458875723,6.784285677766895,6.459597854869968,6.459597854923846,6.784285677595216,7.462144458717298,8.549470932303192,10.127813335768058,12.29689276647614,15.158841299485776,18.7884772388592,23.185110050457194,28.20610946754282,33.49169562661694,38.399073863449985,41.9671046705482,42.986152653574344,40.63265037604698,34.61819469579724,27.694668282828527,21.40679223423445,16.34109270984688,12.53533163406515,9.794123281534649,7.869438873905688,6.538706493756506,5.6271634485929125,5.006439391961109,4.585676128756738,4.301995927303218,4.112572789655115,3.9886948178336947,3.911573242774274,3.86952201623845,3.8561775081622898
3.8447457543667207,3.856954733584197,3.8953521775594577,3.9655001427008894,4.077532335870329,4.247548808656409,4.499757512313743,4.869512643827243,5.4073319851460875,6.183696057917895,7.293679282386305,8.858760511577294,11.01981828044102,13.909893182846684,17.58939152609746,21.92759561890992,26.43989031757952,30.165422194621982,31.867489793266348,31.382383679725404,29.137877991080543,25.85061381869942,22.178209653375173,18.597888719318064,15.396140934368221,12.703866174975685,10.545639846909566,8.88559230239921,7.662096500851804,6.8103207993150425,6.275116172386353,6.017503604550657,6.017503604706195,6.275116172225428,6.810320798859669,7.662096500649326,8.885592301413938,10.545639844357357,12.703866168456932,15.396140921787534,18.597888697181926,22.178209624233478,25.850613774828897,29.13787794080985,31.382383621172895,31.867489726128653,30.165422134673832,26.439890271880913,21.92759558417845,17.589391497213697,13.909893163966624,11.019818269109555,8.858760503340694,7.293679275223524,6.183696050901172,5.407331977767511,4.869512636570259,4.499757504689758,4.247548799599557,4.07753232527739,3.9655001299894006,3.8953521637063204,3.856954718487559,3.8447457467826585
3.8308048090644844,3.841671889834939,3.8757660113432446,3.9377544161593367,4.036058816622051,4.183866611225557,4.400621314024542,4.714008928940069,5.162335945331043,5.796890486867244,6.683232193766154,7.899152043447482,9.525130300165944,11.620859673267363,14.180690794009283,17.066588571602892,19.937553747435917,22.23784217425456,23.37133496086472,23.161134464720178,21.801405287659477,19.69158241919948,17.245667503238508,14.791421647970877,12.542586380856475,10.610608273844317,9.032014779341917,7.797214345963754,6.873946724776449,6.223625159692806,5.811441190868942,5.611977155096489,5.611977154859175,5.811441190360888,6.223625158912464,6.873946723823689,7.79721434415151,9.032014775271211,10.610608265715962,12.542586367962382,14.791421627112575,17.24566747748741,19.691582382445254,21.801405248567537,23.16113441936488,23.37133491135334,22.237842128222642,19.937553709669256,17.066588541547276,14.180690765608226,11.620859652698542,9.525130284821758,7.899152032390945,6.683232186282413,5.796890481324522,5.1623359398368915,4.71400892319063,4.400621306692571,4.18386660161913,4.03605880548025,3.937754402376027,3.875765996626026,3.8416718747207916,3.8308048014158924
3.8152349342209124,3.8246603394200474,3.8541492725729434,3.90747236551366,3.9913595680037184,4.116178094603584,4.296880263075781,4.554162713578547,4.915653734840973,5.416693091184788,6.0998176559840385,7.011365425869788,8.192747940889628,9.663412530470213,11.393649301611843,13.270626415438514,15.073073162730013,16.488207343336043,17.21396839435711,17.13128087954428,16.32355149601584,15.004917250974458,13.4219997030674,11.78709318571297,10.250580379446639,8.900347572624746,7.774571092097557,6.878184022876481,6.197715615311637,5.712496797798418,5.402153273812777,5.25113002263753,5.251130022073016,5.402153272699736,5.7124967962609805,6.197715612850903,6.8781840193501464,7.774571086613267,8.90034756351149,10.250580366149252,11.787093167133166,13.421999680105424,15.004917221342003,16.32355146502704,17.131280843828637,17.213968356524205,16.488207307611837,15.073073132676948,13.270626392202686,11.393649280529411,9.663412513129131,8.192747926526339,7.011365415521282,6.099817648294859,5.416693085106158,4.915653729200052,4.554162707919324,4.296880256427536,4.116178086029955,3.9913595571710023,3.907472351665826,3.8541492575477583,3.8246603241182435,3.8152349249629185
3.7989050894503293,3.8068852287788517,3.8317773132406105,3.8765228867383867,3.946310775034657,4.048994678442069,4.195636829020966,4.401091223434982,4.684438171166207,5.068906044497375,5.580648327945197,6.245407473369013,7.081830131488097,8.090376001608485,9.238104514248153,10.443064519714856,11.567859824120658,12.437676151421165,12.89426583557209,12.86665386457797,12.390152696200138,11.577665374070419,10.57140229668994,9.503392453563226,8.474604931640982,7.550049142669795,6.763461502476825,6.12588092116379,5.634449567142988,5.279677152057132,5.050687614275427,4.938626724328628,4.938626724052436,5.050687613384671,5.279677150791143,5.634449565191268,6.125880917711638,6.763461496560516,7.550049133736825,8.47460491897301,9.503392438153128,10.57140227696046,11.577665350699517,12.390152671743552,12.866653837354711,12.89426580738407,12.437676124550677,11.567859800792624,10.44306450116123,9.238104497881073,8.090375986453692,7.081830118917797,6.245407463370076,5.580648319589266,5.068906038466955,4.6844381663642025,4.401091218641859,4.195636823379741,4.048994670295368,3.9463107638793664,3.876522873221369,3.8317772986406,3.8068852141637293,3.7989050791723167
3.782592845813124,3.7892005139922413,3.8097469020886328,3.846454252807282,3.9031948817263107,3.985723274191226,4.101946992872543,4.262151454479541,4.479022207152755,4.767201608034729,5.141981038823257,5.61660640577765,6.197675706383781,6.878453061466999,7.630929352167345,8.399356219899683,9.100396759553508,9.636095248621801,9.921553810483045,9.916120508250469,9.634835908998367,9.137175582657662,8.503854160024627,7.8149027078312,7.135838842766026,6.512453513006054,5.9717099846904445,5.5257791571425585,5.17694601827866,4.922077142434834,4.756103407191529,4.674435464560167,4.6744354643619985,4.756103406227985,4.9220771408279,5.176946015973626,5.5257791533585605,5.971709978573152,6.512453504995782,7.135838831792424,7.814902695747144,8.503854144464361,9.137175565616264,9.634835890657781,9.916120488094652,9.92155378973855,9.636095228653376,9.10039674190313,8.399356205415234,7.63092933977317,6.878453049440686,6.19767569627339,5.616606396226246,5.141981030803864,4.767201601349116,4.479022200962342,4.262151448672466,4.1019469874535135,3.985723267251815,3.9031948720344074,3.846454240186268,3.8097468877212273,3.78920050017559,3.782592835296717
3.766932037221134,3.7722927237706902,3.7889087523068694,3.8184102693360438,3.8636026544565722,3.9285774335728263,4.018816158254303,4.14121764852139,4.303934429232701,4.515847362879238,4.785451327859257,5.118904812773973,5.517083016653868,5.971774961939755,6.461786143509207,6.950629691513096,7.38832698849282,7.719599137394494,7.898031258804084,7.900583282357445,7.7337631094151975,7.429175560815221,7.032424953798403,6.591335538849411,6.147449324301509,5.731893338127375,5.364848236602026,5.057211262602748,4.813171222589307,4.63282649846157,4.51438881745897,4.4558075317647585,4.455807531395161,4.514388816528519,4.632826496874227,4.81317121984471,5.05721125840447,5.364848230290263,5.731893330280508,6.147449314771708,6.591335529164183,7.032424941892561,7.429175548592637,7.7337630959710015,7.900583267921487,7.898031244269798,7.71959912302646,7.388326975146297,6.950629679866011,6.46178613336593,5.971774952007589,5.517083008381574,5.11890480502934,4.785451321063721,4.515847356099802,4.303934422954439,4.1412176427392025,4.018816152404921,3.9285774261710054,3.863602644361958,3.818410256496973,3.788908738839244,3.772292711591447,3.76693202803728
3.752389211881085,3.756658094587966,3.769848385255181,3.793124010870755,3.8284630835994196,3.8786964997092825,3.947520217440435,4.039430303527325,4.159504870262131,4.3129311037147735,4.5041604708540754,4.7355945753864335,5.005795513773831,5.307421386968345,5.625427880460983,5.936478456147421,6.210720835618698,6.4166741569242705,6.528546079633864,6.533260122322623,6.433690078549059,6.24686539590992,5.9986217061267215,5.717361446502934,5.429046157863095,5.154314362433018,4.907611475730576,4.697726699512984,4.529060331736818,4.403090630223357,4.319709974184801,4.278268187068744,4.278268186660638,4.319709973391511,4.403090628784859,4.5290603292002,4.697726695739308,4.90761147037074,5.154314355555349,5.429046150232611,5.717361438407538,5.998621696518838,6.246865386273668,6.43369006787027,6.53326011085745,6.528546068370443,6.41667414604645,6.210720825505075,5.9364784471081,5.625427872287031,5.307421378516499,5.005795506140576,4.735594568741429,4.504160464749328,4.312931097718388,4.159504865070631,4.0394302982754615,3.9475202118662103,3.8786964930821504,3.8284630741300076,3.7931239984462857,3.769848371702514,3.7566580814480193,3.7523892025178145
3.7392644768514987,3.7426070485384098,3.7529035945980898,3.7709646848542833,3.7981507924511795,3.836372233023488,3.8880584562233116,3.956062455359819,4.043453613003824,4.153143169708921,4.287288987844648,4.4464539260485445,4.628562079481208,4.8278222819189915,5.03395887721009,5.232245406788436,5.404845495698133,5.533653394253426,5.6041257099233714,5.608793902841776,5.548957141320035,5.433942115875005,5.278487794419931,5.099450690401464,4.9129248570054385,4.732366049868333,4.567800457548467,4.425885493762539,4.310485976245229,4.223460603605402,4.165441094363868,4.136475761635919,4.136475761510886,4.165441093946446,4.223460602443258,4.310485974330287,4.4258854905705345,4.567800453413557,4.732366044356122,4.912924851194153,5.099450683669037,5.2784877869014535,5.433942108033475,5.548957132284582,5.608793892876651,5.604125700097776,5.533653385074576,5.4048454872913085,5.2322453991409255,5.033958870240473,4.827822274811161,4.62856207257353,4.4464539201963795,4.287288982252608,4.153143164714344,4.043453608267736,3.9560624504942252,3.888058451447029,3.836372227224928,3.7981507833828543,3.770964673228585,3.7529035820367147,3.742607036259205,3.7392644697577038
3.727709631369177,3.730287285226488,3.738204285756646,3.7520121553042944,3.77262512947489,3.8013026198426303,3.83960387858684,3.8892934000906205,3.9521702902598213,4.0297936239067385,4.1230837228103905,4.231803106979243,4.353967147916984,4.4853039997028015,4.618962586134716,4.745717963354455,4.854882574456854,4.935939370179045,4.980578506504736,4.98449963733011,4.9483065103050885,4.877195214490692,4.779653500789954,4.665714487233887,4.545320042657408,4.427147851931175,4.318009179658977,4.22274315027617,4.144448619286959,4.0848863091860075,4.04491649342755,4.024881609616233,4.024881609532812,4.044916492994172,4.0848863081751094,4.144448617845524,4.22274314765921,4.318009176432401,4.4271478473959265,4.545320037828322,4.665714481191954,4.779653494484875,4.877195207701691,4.948306502559023,4.984499628867962,4.98057849792108,4.93593936205329,4.8548825672351725,4.745717957050318,4.618962580371665,4.485303993720044,4.35396714159704,4.231803101487789,4.123083717390363,4.029793619229953,3.952170285637444,3.889293395853178,3.8396038740909644,3.801302614140355,3.772625121120482,3.7520121448885413,3.73820427406041,3.730287273136961,3.7277096250016037
3.717755965522797,3.719716609369742,3.7257217913265213,3.7361386329240167,3.7515681624473687,3.772822440061907,3.8008793068014475,3.836802142967024,3.881610365374255,3.9360881979532025,4.000527264140615,4.074415663956162,4.156114208074009,4.242596702250322,4.329365079617568,4.410660573991297,4.480051661662736,4.531370427866747,4.559811399490038,4.562877395605746,4.540858758683104,4.496699893309846,4.435340521360333,4.362782962187379,4.285166203180156,4.208049570276707,4.135991806907239,4.07241195350967,4.019660973869181,3.97921571200507,3.9519154892981168,3.938181690471557,3.938181690361015,3.951915488831079,3.979215710952229,4.019660972090707,4.072411950968714,4.135991803861148,4.208049566325091,4.285166199017319,4.362782956706967,4.435340515699426,4.496699887172139,4.540858751786034,4.562877388084778,4.559811391799035,4.5313704205324585,4.480051655165563,4.4106605686232925,4.32936507502596,4.242596697594353,4.156114202762656,4.074415659083433,4.000527259184879,3.936088193237185,3.881610360593357,3.836802138647722,3.8008793018547893,3.772822434378707,3.7515681547527757,3.7361386231837614,3.7257217804994904,3.7197165980084166,3.7177559602171364
3.7093453111531547,3.7108183068930276,3.715318111012283,3.7230840009164257,3.734502795738039,3.7500868207511324,3.770435126515975,3.7961710157239,3.8278489230246264,3.8658261486296035,3.9101012637994637,3.9601321484814416,4.014662521432793,4.071603663660604,4.12803104991758,4.180353075593793,4.224679909714376,4.257361318780067,4.275588058097069,4.2778981823394515,4.264437571012612,4.236902241721447,4.198198668623033,4.151940675793545,4.101925372293077,4.051701506925412,4.004288959932579,3.9620552728436405,3.926719508487714,3.8994381643679565,3.880927596060808,3.8715855808498816,3.87158558072297,3.880927595520443,3.89943816332848,3.9267195065268488,3.9620552705178698,4.004288956814572,4.051701503338646,4.101925368295582,4.1519406705763116,4.1981986632006025,4.23690223587014,4.264437564690738,4.277898175598129,4.275588051214249,4.257361312146007,4.224679903557431,4.180353070364214,4.128031045698181,4.071603659797749,4.014662516841262,3.960132143875175,3.9101012593252182,3.8658261442429027,3.8278489186995257,3.796171011266996,3.7704351213503537,3.7500868149362003,3.734502787979777,3.723083991770971,3.715318101173448,3.7108182959958307,3.70934530643525
3.7023596620349455,3.703454064471697,3.7067891775511863,3.712517749780791,3.7208835269393843,3.732202639176504,3.746833072059245,3.765128673760752,3.787374727232671,3.813704306779073,3.843999026090417,3.8777845977222967,3.9141401944895264,3.9516489172072147,3.9884207488188066,4.02221417921967,4.050664060956987,4.071591839631227,4.083339165548592,4.085043730919397,4.076782970356256,4.059549102173191,4.03507093262249,4.005539508287784,3.9733104645329305,3.940645700872109,3.9095316780215996,3.8815841030202725,3.8580278051826467,3.83972927587377,3.8272565444224647,3.8209438300385483,3.820943829962795,3.8272565438305013,3.8397292748140273,3.8580278030981603,3.881584100513061,3.909531674657626,3.9406456977166426,3.9733104607177254,4.005539503609292,4.035070927570574,4.0595490963257275,4.076782964169327,4.085043724666398,4.083339159174282,4.071591833466603,4.050664055250032,4.022214174227057,3.988420744579225,3.9516489133451187,3.914140190002931,3.877784592926925,3.8439990215637465,3.813704302279747,3.7873747232457515,3.765128669418655,3.746833067262382,3.73220263325372,3.72088351949681,3.7125177416087993,3.7067891681579788,3.7034540536129006,3.7023596577893403
3.6966466020477173,3.697451639247322,3.6998993987660618,3.7040853561579685,3.7101597838325087,3.718313190989445,3.7287535854365332,3.741673939659912,3.7572088884811223,3.7753813673696066,3.7960427170241124,3.8188137550097867,3.843038731175744,3.867767708026418,3.891783522160541,3.9136848887419187,3.9320260036431147,3.9454964966508457,3.953108835545494,3.954350984453044,3.94926676245119,3.9384451579905595,3.9229253207385724,3.904045259712865,3.8832718659790695,3.8620466995812484,3.84167029631315,3.8232335514491664,3.8075927838520656,3.7953776065259897,3.7870178338399176,3.7827761977958727,3.7827761977355627,3.7870178332013196,3.7953776052642243,3.8075927816349555,3.8232335486710483,3.8416702928260817,3.8620466964680102,3.883271862019415,3.9040452553493297,3.922925315968492,3.9384451523600448,3.949266756449474,3.9543509784870623,3.9531088295563155,3.945496490790777,3.932025998064207,3.9136848837247205,3.8917835178944467,3.8677677042237457,3.843038726827465,3.8188137500376373,3.796042712318483,3.7753813626101507,3.757208884402073,3.7416739352327104,3.7287535806219663,3.718313184749664,3.710159776858096,3.7040853485191603,3.699899389800305,3.697451629181142,3.6966465987700308
3.692039330273775,3.69262622143134,3.6944069856357515,3.6974399878357564,3.701815712060019,3.7076459479964297,3.715047514244764,3.7241199256231217,3.734916944345122,3.7474131281726675,3.7614682152058485,3.776794405996943,3.792933788847612,3.8092545789092505,3.824974339273164,3.8392150317256557,3.8510882177323342,3.8598000965131214,3.8647580073506926,3.8656561164228695,3.8625209278406527,3.8557068326482775,3.84584467823589,3.8337573767613033,3.820362191849584,3.8065786377118194,3.793255561260122,3.78112369564108,3.770773287076939,3.762651735996798,3.7570739185678006,3.754237617252979,3.7542376170831617,3.7570739179575883,3.7626517346428305,3.77077328493187,3.7811236927795493,3.793255557836506,3.8065786344095813,3.8203621878855047,3.8337573725774954,3.8458446733634215,3.8557068270228236,3.8625209217794048,3.865656110285284,3.864758001362535,3.859800090771773,3.8510882122084675,3.8392150266138976,3.824974334963859,3.809254575240439,3.792933784794859,3.776794401046988,3.7614682103968833,3.7474131233419614,3.7349169400230826,3.724119921103027,3.715047509180423,3.7076459415653513,3.7018157052926615,3.697439980238558,3.6944069770735606,3.692626211568917,3.6920393268623086
3.68837118524174,3.688795602825196,3.6900809246394317,3.692261963966518,3.695391759898386,3.699533842679405,3.704750932848569,3.711089965734764,3.71856374271689,3.727130260470079,3.7366718057437343,3.746977085920646,3.7577307079901137,3.7685147668302417,3.778826599742493,3.7881145688310323,3.7958300006490617,3.8014888943858174,3.8047330972394238,3.8053790134796985,3.803443678542459,3.799143006031569,3.792863547020228,3.7851148922371545,3.7764730854328326,3.767525486779797,3.758825070271215,3.7508584213732084,3.744028001764346,3.7386464438529137,3.734939050421771,3.7330502551204194,3.7330502548134556,3.7349390498572834,3.7386464425245247,3.7440279998963186,3.7508584187396816,3.7588250673445693,3.7675254835671383,3.7764730815345406,3.785114888103996,3.7928635421358523,3.7991430004085673,3.803443672443995,3.8053790071891296,3.8047330909345507,3.8014888882216873,3.7958299948294125,3.788114563402558,3.7788265950274162,3.7685147629195406,3.757730704218233,3.7469770814189065,3.7366718010618896,3.7271302556094623,3.7185637379453174,3.7110899610387564,3.704750927536866,3.6995338362882695,3.6953917532174754,3.6922619566939874,3.690080916480207,3.688795593015253,3.688371181886433
3.685485271115072,3.6857899680760773,3.6867111098321965,3.688268872869627,3.6904933501384307,3.6934191736126722,3.697077857456966,3.7014879449993567,3.7066433542292883,3.712500760854802,3.7189674730466584,3.725891848597601,3.7330587842267957,3.7401928547816214,3.7469710786936643,3.7530459014196342,3.758076876677673,3.761767153337362,3.7638989602789774,3.764361611793871,3.7631666018922614,3.7604469900186213,3.7564416829343,3.751468297172289,3.7458901326707545,3.7400830426612006,3.7344068612787162,3.729184157762136,3.7246870575467024,3.7211312175476694,3.718675008543243,3.7174215718425527,3.717421571544589,3.718675008027586,3.721131216340208,3.7246870561118497,3.729184155558666,3.734406858984138,3.740083039830739,3.745890128963339,3.7514682931621297,3.7564416782762473,3.760446984473826,3.7631665957977622,3.7643616054321107,3.7638989538402603,3.76176714696504,3.7580768706393264,3.7530458956986945,3.746971073589321,3.740192850395934,3.7330587800502695,3.7258918439156505,3.7189674681679965,3.7125007559544763,3.7066433490803226,3.7014879399154634,3.6970778517203065,3.6934191673166876,3.690493343742594,3.6882688662859398,3.686711101984477,3.6857899586987,3.685485268251606
3.6832400814780173,3.683457392439592,3.684113305882292,3.685219101749488,3.6867911381908516,3.688847199012835,3.6914014068626853,3.69445784393219,3.6980032445608755,3.701999378881293,3.706376101689507,3.7110263265971266,3.715804394015073,3.720529210549085,3.7249931006366155,3.728976459714027,3.73226711031351,3.7346820114852197,3.7360880272116948,3.7364181925601083,3.7356805329637024,3.7339579072218005,3.7313991444276136,3.7282034088402085,3.7246007705785473,3.720832206191006,3.7171317446895484,3.7137125068926986,3.7107572845512453,3.7084133433332127,3.706790486972628,3.705961126028525,3.7059611257998606,3.706790486391864,3.7084133422307057,3.7107572833554205,3.7137125050496276,3.717131742779581,3.7208322036558914,3.724600767272407,3.728203405111555,3.731399139917971,3.7339579019752107,3.7356805272937854,3.7364181863263664,3.736088020790635,3.7346820051819787,3.7322671043282183,3.7289764539007093,3.7249930951819725,3.7205292056840924,3.7158043893627775,3.7110263216154955,3.7063760964284067,3.70199937355091,3.698003238764059,3.6944578382184194,3.69140140068395,3.688847192716118,3.686791131935428,3.685219095477713,3.684113298284676,3.683457383657645,3.683240078814262
3.6815121017104526,3.681666162471456,3.682130490565039,3.6829110913747707,3.684016320256056,3.6854544518424692,3.687230354418111,3.6893414179262463,3.6917730230102603,3.6944939912091765,3.6974526478989183,3.7005742636702528,3.703760718661611,3.706893116381131,3.7098377817572423,3.7124555613598216,3.7146136766846354,3.716198718087764,3.717128900249312,3.717363596151045,3.716908531648452,3.715815794239724,3.7141787725287405,3.7121230548297817,3.709794908587376,3.7073491446073437,3.704937950307306,3.7027017774086155,3.700762774409186,3.699220701563115,3.6981508711537576,3.697603449600508,3.6976034493650882,3.6981508703683987,3.6992207004603266,3.7007627730023462,3.7027017756847087,3.704937948530629,3.7073491420135896,3.7097949055301758,3.712123051450256,3.714178768265346,3.71581578941877,3.7169085264495494,3.7173635903113307,3.7171288941224265,3.7161987119032767,3.7146136708277555,3.7124555557876784,3.709837776205391,3.7068931110835828,3.7037607134957824,3.700574258254743,3.6974526422425305,3.6944939855455154,3.6917730168414833,3.689341411721081,3.6872303478409525,3.685454445391372,3.684016314089365,3.682911085094459,3.6821304831102877,3.681666153699426,3.6815120985224117
3.680196295274635,3.6803049170433315,3.680631860620519,3.6811800942518724,3.6819534621963954,3.682955096471039,3.6841852718438255,3.6856388393154753,3.687302444941081,3.6891518404497474,3.69114968273995,3.6932442865836954,3.695369811244904,3.697448259302376,3.699393479413273,3.701117053935324,3.7025355775178967,3.703578478316614,3.704195303916198,3.7043613551868066,3.7040807676093728,3.703386565029595,3.7023377362290146,3.701013883070787,3.699508335517286,3.6979207477775113,3.696350100384834,3.6948887781472908,3.6936180698667154,3.6926051228964556,3.69190114952777,3.691540542909636,3.6915405426442374,3.6919011485279714,3.6926051217471483,3.6936180681772104,3.6948887763167306,3.69635009849016,3.697920745073161,3.699508332538376,3.701013879790395,3.7023377322284525,3.703386560540084,3.7040807625649452,3.704361349697681,3.704195298208219,3.703578472435178,3.7025355717654067,3.701117048454207,3.699393473887603,3.6974482539468334,3.6953698059944537,3.6932442809562938,3.691149676727539,3.689151834388278,3.6873024383620607,3.6856388325915304,3.6841852650603975,3.6829550900953505,3.681953456317444,3.681180087898675,3.680631853236831,3.680304908081765,3.680196291770576
3.679205227335819,3.67928142289606,3.679510487881565,3.679893704732912,3.6804324845316825,3.681127345450413,3.681976546753571,3.6829744889957894,3.6841100232840183,3.685364878862548,3.686712452502513,3.6881172421960065,3.689535194691927,3.6909151621814527,3.692201546233471,3.693338020480872,3.694272012772554,3.6949594383251645,3.6953690603526974,3.695485842887818,3.6953127908741825,3.694871003522396,3.6941979657101167,3.693344370836868,3.692369973516119,3.6913390481386354,3.6903159923955102,3.6893614883502535,3.688529456269915,3.68786486012549,3.687402283845405,3.6871651099003118,3.6871651096443943,3.6874022826877058,3.687864858820123,3.6885294545811176,3.6893614865650592,3.690315990319218,3.691339045397519,3.692369970571456,3.693344367392204,3.6941979617008864,3.6948709992048094,3.6953127860638006,3.6954858375939983,3.695369054640115,3.694959432628698,3.694272007173612,3.693338015033084,3.6922015407290085,3.690915156769818,3.689535189488469,3.6881172367503168,3.686712446541288,3.6853648726335044,3.6841100164583667,3.6829744817621837,3.681976539673069,3.681127338960433,3.6804324787295126,3.679893698432983,3.6795104807247085,3.6792814138834546,3.6792052237072626
3.6784674022841295,3.678520595788278,3.6786803330885993,3.6789470066346888,3.679320798261354,3.6798010298315753,3.680385304408384,3.681068518585667,3.681841845366669,3.682691825250666,3.683599713303033,3.684541255233043,3.685487040290193,3.6864035310401575,3.687254797455396,3.6880048705807056,3.68862051015275,3.6890740834526388,3.6893461916082666,3.689427676779413,3.6893207270983477,3.6890389178269762,3.6886062001110798,3.688054998051351,3.6874236911546996,3.6867538131163946,3.6860872823582214,3.685463916983091,3.684919390595825,3.6844836881244962,3.6841800341966096,3.684024218448406,3.6840242181922416,3.6841800331446515,3.68448368679009,3.6849193890200804,3.685463915470758,3.686087280380391,3.6867538103809703,3.6874236882055547,3.688054994565403,3.688606195985419,3.689038913286013,3.6893207222387376,3.6894276715745664,3.689346186027734,3.6890740778836726,3.6886205044993994,3.68800486505907,3.687254791994095,3.686403525658557,3.6854870352094875,3.6845412500450654,3.6835997074905875,3.6826918189693707,3.681841838522394,3.681068511007728,3.6803852970491078,3.6798010233218132,3.6793207925180385,3.678947000467249,3.678680325992335,3.6785205866270645,3.6784673981764757
3.6779252354936918,3.6779621997217045,3.6780730892612814,3.67825786191592,3.6785161440121303,3.6788468217342114,3.6792475082444662,3.6797139386154756,3.6802393652765852,3.680814039163999,3.6814248671033525,3.6820553512929752,3.6826858904083637,3.6832944931963745,3.6838579100381748,3.6843531219407804,3.6847590544370727,3.6850583363699623,3.685238890563666,3.6852951427586427,3.685228686706547,3.6850483131009866,3.6847694033758533,3.6844127797298554,3.6840031661622135,3.683567450846904,3.683132936413996,3.6827257328392373,3.68236939415916,3.682083849826357,3.6818846262641247,3.6817823277531008,3.681782327328371,3.681884625394439,3.68208384874757,3.6823693928166765,3.682725731636164,3.683132934734321,3.683567448313204,3.6840031631620294,3.684412776075298,3.684769399196493,3.6850483085835517,3.685228681758771,3.6852951373731857,3.685238885022247,3.6850583308079643,3.684759048823942,3.6843531164697345,3.683857904564133,3.6832944878587406,3.682685885522583,3.6820553463929784,3.681424861578619,3.680814032958958,3.6802393584620234,3.6797139308114457,3.679247500586987,3.678846815144028,3.6785161381222276,3.678257855840649,3.6780730823809322,3.6779621908325435,3.6779252309220194
3.6775329473832885,3.6775585168095084,3.6776351519364208,3.6777626273442507,3.6779403742634096,3.678167225871398,3.6784410909341623,3.678758585897583,3.6791146805083863,3.67950240550958,3.679912680432713,3.680334324534046,3.6807542928684738,3.6811581641326754,3.681530876943545,3.6818576720621015,3.682125157069238,3.6823223858832925,3.682441825708954,3.682480090176518,3.6824383400736282,3.6823223019726536,3.682141900966441,3.6819105591322803,3.6816442484348233,3.681360407367286,3.6810768318860823,3.68081063619723,3.680577348678594,3.6803901804240975,3.6802594738969745,3.680192319989751,3.6801923195087225,3.6802594732001914,3.6803901794839833,3.6805773476426644,3.680810635187815,3.6810768301884176,3.681360405079868,3.681644245683868,3.681910555481435,3.682141896738317,3.6823222975415666,3.6824383352295937,3.682480084832837,3.682441820180697,3.6823223802255822,3.682125151555236,3.681857666706279,3.6815308716115327,3.681158158950343,3.6807542880957356,3.6803343197437695,3.6799126750595543,3.6795023993179203,3.679114673708581,3.678758578201935,3.678441083312302,3.678167219346425,3.677940368233285,3.677762621327676,3.6776351452332303,3.6775585082135422,3.677532942262625
3.677254550349856,3.677272155283692,3.6773248742749796,3.677412430487938,3.6775342399322115,3.677689255194413,3.677875767331216,3.6780911842369233,3.6783318263748863,3.6785927643944913,3.678867738503622,3.679149195652962,3.679428465813509,3.6796960917225348,3.6799423077943207,3.680157636623383,3.6803335515648987,3.6804631430639794,3.6805417081693332,3.680567197207131,3.6805404562072774,3.680465237201929,3.6803479736531948,3.680197348894184,3.6800237090727066,3.679838384443021,3.6796529847241297,3.6794787260941173,3.6793258347311872,3.679203050575481,3.6791172430062886,3.679073137066129,3.679073136758914,3.6791172424866625,3.6792030495029304,3.6793258337996666,3.679478725169974,3.6796529829640927,3.6798383821946903,3.680023706353947,3.6801973454676555,3.68034796973886,3.6804652329405347,3.680540451488747,3.680567192082792,3.680541702826449,3.680463137590964,3.6803335461974678,3.6801576312809745,3.6799423026493794,3.6796960866714308,3.6794284611115433,3.679149190999046,3.678867733156101,3.6785927581368436,3.6783318195492423,3.678091176777448,3.6778757599971676,3.6776892489618476,3.6775342339509076,3.677412424609568,3.6773248679431623,3.677272147237705,3.677254545210755
3.677062033105145,3.67707409433993,3.6771101828422457,3.6771700341103033,3.677253128588772,3.677358598442246,3.6774851077196904,3.6776307205655288,3.6777927855025085,3.6779678470804447,3.6781516129150043,3.6783389955978363,3.678524240709348,3.678701147662222,3.6788633809055074,3.6790048484801487,3.6791201149829282,3.67920481410805,3.679256010198537,3.6792724703912447,3.679254812292167,3.6792055086702664,3.6791287484257915,3.679030169261915,3.6789164915490815,3.6787950905062208,3.6786735479063304,3.678559215781462,3.6784588235897977,3.6783781449463704,3.6783217327099016,3.6782927262287157,3.6782927259267426,3.6783217322019683,3.6783781439974397,3.6784588225868102,3.678559214518925,3.678673546143705,3.6787950884812712,3.6789164888835995,3.6790301659289812,3.6791287446977967,3.6792055046602465,3.6792548078653096,3.679272465541949,3.679256005038681,3.679204808884512,3.6791201098165685,3.6790048433170197,3.678863375954241,3.678701142697039,3.6785242360902,3.6783389911237094,3.678151607619886,3.6779678408841607,3.6777927787643754,3.677630713431575,3.677485100838104,3.67735859261041,3.677253122744372,3.6771700282941775,3.6771101768877843,3.677074086813606,3.6770620281003596
3.676933780357974,3.676941998082307,3.676966566642143,3.6770072600093004,3.677063649971964,3.677135052450358,3.677220454930186,3.6773184401036336,3.6774271209193534,3.67754409388262,3.677666430241742,3.677790713430918,3.6779131299149252,3.6780296168673288,3.6781360637839917,3.6782285527499843,3.6783036175617787,3.678358498582933,3.6783913663205787,3.6784014870930424,3.678389313086961,3.67835648408291,3.678305740326636,3.6782407553907004,3.678165906943435,3.6780860056287086,3.6780060086136928,3.6779307376087225,3.6778646197176483,3.677811464809885,3.6777742862469025,3.6777551654625427,3.677755165130263,3.677774285643525,3.6778114639975437,3.6778646187239885,3.677930736192942,3.678006006744308,3.6780860036079503,3.678165904490941,3.6782407522635445,3.678305736654898,3.678356480130349,3.6783893087917385,3.6784014825491496,3.678391361606341,3.6783584937244753,3.678303612558356,3.6782285476855283,3.678136058774499,3.678029612031509,3.677913125462992,3.677790709193265,3.6776664252906963,3.6775440880181267,3.677427114424813,3.6773184333966626,3.6772204484966937,3.677135046849587,3.677063644334192,3.677007254297496,3.676966560959784,3.676941991059314,3.6769337758380605
3.67685323946296,3.6768588025180375,3.6768754209919905,3.6769029136437976,3.6769409444950383,3.676988992872937,3.677046308938529,3.6771118716651943,3.677184352643091,3.6772620920654098,3.677343101120892,3.6774250927971233,3.6775055445412574,3.677581797095283,3.6776511855545246,3.6777111907831053,3.677759603576196,3.677794681933298,3.677815289726991,3.6778209980255245,3.677812139694046,3.6777898094439876,3.6777558090196787,3.6777125416894823,3.6776628675802843,3.677609932065023,3.677556981069271,3.6775071792322205,3.6774634400195843,3.6774282760300223,3.6774036794598755,3.6773910288014786,3.6773910287530516,3.6774036790056894,3.6774282750965304,3.6774634389417136,3.6775071779695128,3.6775569792843696,3.677609930037065,3.6776628651350523,3.677712538573134,3.67775580550083,3.6777898056354204,3.677812135490557,3.6778209936399144,3.6778152853028603,3.6777946773544796,3.677759598801861,3.6777111859224574,3.6776511805979664,3.6775817924818797,3.6775055401920294,3.677425088716061,3.677343096612718,3.677262086667217,3.677184346590647,3.677111865523572,3.6770463030118465,3.676988987514445,3.6769409393265375,3.6769029083079716,3.676875415482191,3.676858795663642,3.676853235027976
3.6768078201380536,3.6768115564956796,3.676822708985842,3.6768411381478017,3.676866589571892,3.676898677397991,3.676936856723861,3.676980402045415,3.6770283873523524,3.6770796746912024,3.677132920183571,3.6771865984599272,3.677239045405526,3.677288523606105,3.677333308100917,3.6773717815894718,3.677402538361088,3.677424482304862,3.6774369124759048,3.677439585404361,3.6774327481668543,3.6774171373964335,3.677393944345785,3.677364748537369,3.6773314249272877,3.677296035560867,3.6772607104530364,3.677227528860383,3.677198409292966,3.6771750096223985,3.677158646134,3.677150230715711,3.677150230713009,3.67715864568753,3.677175008993325,3.6771984084555984,3.6772275274574677,3.677260708652105,3.677296033811524,3.6773314226064002,3.67736474543016,3.6773939408410374,3.6774171334614065,3.677432743992469,3.6774395811839486,3.677436908262104,3.6774244779708742,3.6774025337831997,3.6773717769004026,3.677333303399365,3.67728851928703,3.677239041338922,3.677186594708948,3.677132916152668,3.677079669883957,3.6770283819064207,3.6769803963985113,3.6769368512530987,3.6768986722766015,3.6768665847420468,3.6768411330201114,3.6768227035367267,3.6768115499248912,3.6768078157849162
3.676788003023632,3.676790487322448,3.6767978962657923,3.6768101256104426,3.676826988271842,3.6768482043372073,3.6768733842827417,3.676902019163589,3.676933469367364,3.676966960536841,3.67700158995628,3.6770363444787137,3.6770701301364563,3.6771018155046225,3.6771302869619333,3.6771545096362006,3.6771735921843023,3.6771868488077293,3.677193851920027,3.677194470424538,3.67718888956033,3.6771776099474507,3.677161424335707,3.677141376283817,3.677118700348882,3.6770947522976365,3.677070933586714,3.677048613395815,3.6770290559441987,3.6770133560781035,3.6770023842645063,3.67699674368164,3.676996743662144,3.677002383825185,3.6770133557043727,3.6770290552957667,3.677048612035767,3.6770709320048867,3.6770947505310625,3.677118697887362,3.677141373324681,3.677161421006003,3.6771776060798893,3.6771888854769723,3.6771944662412372,3.6771938477446686,3.677186844609102,3.677173587821357,3.677154505265771,3.677130282827619,3.6771018116289116,3.6770701264897685,3.677036340983699,3.677001586234087,3.6769669561905496,3.6769334643496014,3.676902013856014,3.6768733792269668,3.6768481995748954,3.6768269840073478,3.6768101209625397,3.676797890902115,3.6767904809457757,3.676787998394162
3.676786628592986,3.6767882583444806,3.676793114218189,3.676801119813568,3.6768121410732757,3.6768259789148177,3.6768423590801524,3.676860928977686,3.6768812510701814,3.6769028024113313,3.676924980973356,3.6769471177434263,3.6769684967690863,3.6769883850650937,3.6770060668992195,3.6770208836682734,3.677032273838373,3.677039812324666,3.677043243045507,3.67704250266089,3.6770377318117964,3.6770292746681257,3.677017663371141,3.677003591264496,3.6769878757645262,3.676971412148042,3.6769551248307595,3.676939918279458,3.6769266275402037,3.676915976328282,3.6769085405820623,3.676904720349088,3.67690472057013,3.6769085404667865,3.6769159758211867,3.6769266265895033,3.676939916871263,3.6769551233686406,3.676971410279445,3.67698787341255,3.6770035884558716,3.6770176600882976,3.6770292710768135,3.6770377280076514,3.6770424987526846,3.6770432391577748,3.677039808351255,3.6770322697948834,3.677020879653153,3.6770060631732,3.676988381456703,3.6769684933189595,3.6769471142660333,3.6769249775161774,3.6769027984102065,3.676881246385628,3.676860924262772,3.6768423546676177,3.676825974511977,3.6768121371033105,3.6768011153751914,3.67679310892586,3.6767882526369506,3.676786624354196
3.6767983376605873,3.676799386832566,3.6768025097017616,3.676807651330372,3.676814717560106,3.6768235694796005,3.6768340172121134,3.676845819495384,3.676858680353189,3.6768722499091626,3.676886129945629,3.676899882238972,3.67691304132254,3.6769251356958006,3.676935708918422,3.676944345375438,3.6769506951577315,3.6769544989087506,3.676955607842444,3.6769539987880444,3.676949780478827,3.676943192504212,3.676934596176683,3.6769244557064678,3.6769133152255398,3.6769017697510713,3.6768904316818185,3.676879900000331,3.6768707282098543,3.6768633965372746,3.676858286354424,3.676855663195157,3.676855663164596,3.6768582859432084,3.6768633959619175,3.6768707273483883,3.676879898404438,3.6768904298469884,3.6769017676865556,3.6769133129571383,3.676924452968441,3.6769345932366466,3.6769431894927345,3.6769497770919752,3.6769539952802655,3.676955604254291,3.676954495153251,3.676950691473024,3.676944341757285,3.6769357054716356,3.67692513226106,3.6769130378847374,3.6768998786688742,3.6768861266421786,3.676872246141885,3.676858675960419,3.6768458153318107,3.6768340134565087,3.6768235656584083,3.676814713955011,3.676807647173126,3.676802504750485,3.6767993818822773,3.6767983338574526
3.6768191353194677,3.676819792207162,3.676821745008531,3.6768249553459387,3.6768293582655014,3.676834858393519,3.6768413269871703,3.676848601433415,3.6768564838284745,3.6768647430116927,3.676873118473041,3.676881326059276,3.6768890664414857,3.676896039238298,3.6769019568960437,3.6769065606423594,3.676909636226454,3.6769110294805403,3.6769106587758302,3.6769085239520107,3.6769047109003337,3.67689938908466,3.6768928066656317,3.676885278265438,3.676877168648807,3.6768688754465506,3.6768608075520954,3.676853363624487,3.6768469114440614,3.6768417708383256,3.67683819575159,3.6768363631955188,3.676836363151043,3.676838195487229,3.676841770179243,3.676846910189707,3.6768533617260233,3.6768608058117804,3.6768688735444743,3.676877166255972,3.6768852755918786,3.6768928040921427,3.6768993862997337,3.6769047078255372,3.6769085208584817,3.676910655563888,3.6769110262376064,3.676909633003019,3.676906557378034,3.676901953488107,3.6768960355880385,3.676889062629287,3.6768813222819934,3.6768731151500607,3.6768647396347593,3.6768564802428934,3.676848598299178,3.676841324231249,3.6768348552217063,3.6768293546934157,3.676824951173596,3.6768217404374783,3.676819788007619,3.676819131982417
3.6768460538855816,3.6768464475102527,3.676847615571548,3.6768495323294523,3.6768521539984094,3.6768554159832365,3.676859232830705,3.676863497407531,3.6768680793464115,3.676872828244468,3.6768775765509116,3.6768821424248213,3.6768863365658624,3.67688997044896,3.676892866173529,3.676894866050888,3.6768958427470166,3.6768957084483516,3.6768944234482914,3.676892000411534,3.6768885081960883,3.6768840696905305,3.6768788573770834,3.6768730870834045,3.676867006791949,3.6768608839229184,3.6768549931710943,3.676849602145941,3.676844957237444,3.6768412719175103,3.6768387157210007,3.6768374075562056,3.676837407487492,3.6768387155127806,3.6768412711782656,3.6768449560023253,3.676849600572996,3.676854991519777,3.676860881820291,3.6768670043096887,3.676873084714006,3.6768788549601528,3.676884067010208,3.676888505538523,3.6768919975851087,3.676894420425705,3.6768957054913014,3.6768958396154816,3.6768948628502933,3.6768928627016844,3.676889966667507,3.6768863326423293,3.6768821388844106,3.6768775735123786,3.6768728253443212,3.67686807636874,3.676863495030453,3.6768592308146673,3.676855413284327,3.676852150791735,3.6768495287965206,3.6768476118064433,3.676846444064843,3.6768460512086394
3.676876896112206,3.676877114513843,3.676877760730239,3.676878818412584,3.676880258920584,3.676882039495003,3.6768841046085754,3.676886385653124,3.6768887987804932,3.6768912480130425,3.676893628184857,3.676895825395817,3.676897722852659,3.6768992051806237,3.6769001654022,3.676900510582979,3.676900168889556,3.6768990942469686,3.6768972724928717,3.6768947236300007,3.6768915032260727,3.6768877027084192,3.676883444819124,3.676878878951126,3.6768741760173254,3.676869518702217,3.6768650932284848,3.676861079975679,3.6768576457172575,3.6768549344488624,3.6768530602756195,3.676852103011087,3.6768521028059653,3.6768530600505804,3.676854933950059,3.6768576447712276,3.6768610786275353,3.676865091533069,3.67686951681192,3.6768741738821165,3.676878876614144,3.676883442187607,3.676887700066641,3.676891500495608,3.6768947206280496,3.6768972695551643,3.6768990914199264,3.676900165951381,3.6769005076048877,3.6769001621025725,3.6768992016663335,3.676897719126094,3.6768958220531465,3.6768936253354703,3.676891245493609,3.676888796372528,3.676886384067564,3.6768841032861013,3.6768820372324114,3.676880256251743,3.6768788157766386,3.6768777579181653,3.6768771114464283,3.676876893370939
3.6769100389499756,3.6769101420534556,3.6769104451777705,3.6769109388911567,3.676911605138455,3.676912416496286,3.6769133380933225,3.6769143275219496,3.6769153328154514,3.676916294688846,3.6769171491365187,3.6769178273612733,3.676918260036934,3.67691837955729,3.6769181247318192,3.6769174439829997,3.6769163003208742,3.6769146740900283,3.6769125659080686,3.676909999705368,3.676907021510754,3.6769037001244684,3.6769001254724216,3.6768964035018668,3.6768926529690154,3.6768890002090955,3.676885573899067,3.6768824972710656,3.6768798839486005,3.676877831517225,3.6768764180161004,3.6768756976859995,3.6768756975778425,3.676876418094117,3.6768778312538535,3.676879882969498,3.676882496081767,3.676885572418981,3.6768889983586943,3.676892650509502,3.676896400906422,3.6769001230020053,3.676903697684206,3.6769070186274675,3.6769099967659864,3.6769125630333295,3.676914671022941,3.6769162973669847,3.6769174410644485,3.676918121722254,3.6769183766792186,3.676918257139641,3.6769178247211234,3.6769171467508452,3.676916292528494,3.6769153308707434,3.6769143262427018,3.6769133368562383,3.676912414429294,3.6769116028302067,3.6769109368127073,3.6769104430701205,3.676910139451628,3.6769100365696525
3.6769442858928945,3.6769443144835274,3.676944395722107,3.6769445248616845,3.6769446915662463,3.676944878972754,3.676945066362416,3.6769452290149136,3.676945336375145,3.6769453540363237,3.6769452447020403,3.676944969236694,3.6769444891748235,3.6769437679987678,3.6769427737653775,3.6769414814925674,3.676939875513977,3.676937952773868,3.676935722538165,3.6769332094178195,3.676930453131082,3.6769275068427927,3.6769244370003284,3.6769213211541243,3.6769182441219894,3.676915294363766,3.6769125613899387,3.6769101309816175,3.6769080822383162,3.6769064821189397,3.676905384451661,3.6769048262256376,3.6769048260444332,3.676905384362728,3.6769064817851556,3.676908081235965,3.6769101297413624,3.6769125595140295,3.6769152920307433,3.6769182416792896,3.6769213190266834,3.676924434771136,3.676927504219668,3.6769304502179785,3.6769332065649247,3.6769357195812757,3.676937949848293,3.6769398729973046,3.676941479119525,3.6769427716158187,3.676943765761577,3.6769444866918084,3.6769449666357823,3.6769452420963065,3.6769453517675768,3.6769453349477033,3.6769452282320816,3.6769450654046163,3.6769448773360134,3.676944689929236,3.676944523602579,3.6769443940442015,3.6769443117421985,3.6769442836601054
3.676978755985757,3.6769787375565146,3.6769786789562633,3.676978577933222,3.6769784297353016,3.6769782249223404,3.676977952110096,3.6769775985280755,3.676977147890043,3.676976582585757,3.6769758826056536,3.6769750279165554,3.6769739997147344,3.676972781694531,3.676971360275424,3.676969727479798,3.676967880772217,3.6769658265315472,3.676963579806907,3.676961164220504,3.6769586137079666,3.6769559716037667,3.676953288312749,3.6769506211114553,3.6769480319440846,3.6769455851228816,3.6769433441289245,3.676941369271393,3.6769397160726562,3.6769384315256173,3.676937553705651,3.6769371081783127,3.6769371080487154,3.6769375535863547,3.6769384310556257,3.6769397147390515,3.6769413675321867,3.6769433418738835,3.6769455826859425,3.6769480295204082,3.676950618742457,3.676953285931896,3.676955969325958,3.6769586116005297,3.676961161927922,3.6769635775357954,3.676965824544073,3.676967878681592,3.676969725252969,3.676971358284718,3.6769727792977216,3.6769739969463444,3.676975024911504,3.6769758798825296,3.676976580691548,3.6769771474167214,3.6769775986259274,3.6769779518286216,3.6769782237257136,3.6769784282240168,3.676978576620346,3.6769786771231936,3.6769787346972556,3.676978753753817
3.6770128021161153,3.6770127548600704,3.6770126112785206,3.6770123701672297,3.677012030351666,3.677011587914654,3.677011037441195,3.6770103737827315,3.677009590260774,3.6770086803931763,3.6770076355395767,3.6770064478869613,3.6770051107446857,3.677003620583648,3.677001975411431,3.6770001773667107,3.676998232624935,3.6769961521750902,3.6769939540349914,3.6769916616951335,3.6769893037945405,3.676986915595986,3.6769845372935253,3.676982212960558,3.6769799883220866,3.6769779108130902,3.6769760267336267,3.6769743800899333,3.676973010466453,3.6769719513797723,3.6769712301146735,3.6769708645832777,3.6769708643963344,3.6769712296924313,3.6769719505267533,3.6769730088683295,3.6769743781865087,3.6769760244472116,3.676977908253958,3.6769799858806222,3.6769822108428825,3.6769845356319695,3.6769869138284603,3.676989301910466,3.676991659843028,3.676993952536534,3.676996150651034,3.6769982308055456,3.677000175589332,3.677001973556442,3.6770036181784227,3.6770051078150465,3.677006444523513,3.677007632748768,3.677008678929484,3.6770095903713416,3.6770103739446536,3.677011036960986,3.6770115868394835,3.6770120291407906,3.6770123688559453,3.67701260935148,3.6770127526626073,3.6770128009397514
3.6770459487552567,3.6770458846649645,3.6770456922258816,3.6770453707509305,3.6770449209772695,3.6770443430546984,3.677043635610613,3.677042797779872,3.677041829286311,3.677040730795785,3.677039501207749,3.677038140510922,3.677036649568465,3.6770350321967027,3.677033294128828,3.6770314427801813,3.677029489621728,3.677027448707739,3.6770253380982494,3.677023180666888,3.6770210024730905,3.6770188324000523,3.677016702283068,3.6770146470084653,3.6770127021986188,3.677010903946836,3.6770092864876824,3.6770078826175023,3.6770067211633166,3.6770058268121524,3.677005219485809,3.67700491206115,3.6770049118371,3.6770052189015825,3.6770058259135903,3.6770067198379284,3.6770078811012223,3.6770092846939986,3.6770109018112787,3.677012700225435,3.677014645011132,3.6770167003994114,3.677018830467634,3.677021001035217,3.677023179855524,3.6770253373128514,3.6770274473681392,3.6770294880914753,3.677031441187119,3.6770332920211524,3.6770350296139687,3.6770366463641864,3.6770381370782332,3.6770394984103967,3.6770407294216665,3.6770418295523055,3.677042797970954,3.6770436351925366,3.677044342590462,3.6770449206862605,3.677045370460653,3.6770456911750937,3.677045883380535,3.677045948748773
3.6770778465439666,3.67707777353391,3.6770775557801154,3.6770771928157497,3.6770766863521263,3.677076039410409,3.6770752536839417,3.6770743304049334,3.677073273158643,3.6770720868930034,3.677070775609168,3.677069343988785,3.6770677980150412,3.677066145088625,3.677064395887146,3.677062561273426,3.6770606543785433,3.6770586913459042,3.6770566903436683,3.6770546718911183,3.6770526596418107,3.6770506789708963,3.677048756373108,3.677046919254804,3.677045195656503,3.6770436138957905,3.6770422005146597,3.6770409807917117,3.677039976281577,3.677039205741227,3.6770386838228486,3.67703842004464,3.6770384199669017,3.6770386834885525,3.67703920524825,3.677039975632961,3.6770409799158115,3.677042199332562,3.6770436121205923,3.677045193894263,3.677046917507923,3.6770487550342392,3.677050678096933,3.677052658895253,3.677054670797213,3.677056688744413,3.677058689452171,3.677060652258059,3.677062559115299,3.6770643938810528,3.6770661429293705,3.6770677951956103,3.6770693414680964,3.677070773735981,3.6770720862038737,3.6770732734962506,3.6770743304598965,3.677075253630918,3.6770760401020173,3.6770766869111315,3.6770771931469013,3.677077555624629,3.677077773288717,3.677077847087679
3.6771082384820497,3.6771081616750356,3.677107933926469,3.6771075545708887,3.6771070255608707,3.677106351886345,3.677105537756448,3.6771045856677698,3.6771035012124327,3.6771022913284668,3.6771009634890857,3.677099524885727,3.677097984939761,3.677096353118294,3.6770946417721904,3.6770928649421832,3.67709103650633,3.6770891720060632,3.677087289686659,3.6770854089263048,3.6770835506069104,3.677081736470323,3.677079989558681,3.677078332664724,3.6770767886651727,3.677075379887286,3.6770741274570073,3.6770730513052268,3.677072168123568,3.6770714927128774,3.6770710360001604,3.6770708053918755,3.677070805375173,3.6770710356838783,3.677071492413775,3.677072168118903,3.6770730511696286,3.6770741270845764,3.677075378858577,3.6770767874426693,3.677078331497997,3.6770799883907297,3.6770817352562863,3.677083549128381,3.677085407195018,3.6770872876650604,3.6770891698582338,3.6770910343045777,3.6770928633481836,3.6770946406683094,3.677096351629936,3.677097983050575,3.677099523197628,3.6771009619021338,3.677102290776229,3.6771035013569784,3.6771045857285776,3.6771055382568014,3.677106353784809,3.6771070270411093,3.6771075552364136,3.6771079342263615,3.6771081630620874,3.6771082407304805
3.6771369353640293,3.6771368578854906,3.6771366297593753,3.677136250060119,3.677135720158224,3.6771350461231167,3.6771342340873034,3.677133287822774,3.677132214002749,3.677131020044748,3.67712971546168,3.6771283089700213,3.6771268111888205,3.6771252338092273,3.67712358895818,3.677121891453621,3.6771201570496848,3.677118400920358,3.677116639302919,3.67711489009246,3.6771131727341753,3.6771115065865274,3.677109911526174,3.677108406705662,3.677107011414344,3.67710574372093,3.677104621010469,3.6771036593289863,3.6771028721981955,3.6771022717764987,3.677101866492243,3.6771016622277797,3.677101662501976,3.6771018667767996,3.6771022721290834,3.6771028727406687,3.677103659235539,3.677104620202574,3.677105742207784,3.6771070096156766,3.6771084053322185,3.6771099105226557,3.677111505828318,3.6771131718401358,3.6771148889248564,3.6771166375439677,3.677118399118996,3.6771201558773274,3.677121890747954,3.677123587526059,3.6771252315686023,3.6771268092121203,3.677128307219885,3.677129714007213,3.6771310197514997,3.6771322145780063,3.6771332892665565,3.677134236486615,3.677135049492728,3.677135722569622,3.677136251584998,3.6771366308937337,3.677136860441665,3.6771369391983506
3.677163797479641,3.67716372109475,3.6771634980622037,3.6771631277743166,3.6771626105327853,3.677161952350947,3.677161160494607,3.6771602401920913,3.677159198744785,3.6771580436110076,3.677156784733556,3.6771554326686062,3.677153997503942,3.6771524918283003,3.677150928639073,3.6771493216170787,3.677147686215178,3.6771460386490875,3.677144394551374,3.6771427697452994,3.677141181122456,3.6771396462294903,3.677138182838863,3.677136807749084,3.67713553760597,3.6771343874554745,3.677133371970429,3.677132504172422,3.6771317953028766,3.6771312553012256,3.6771308909325375,3.6771307072450026,3.6771307071634958,3.6771308902820734,3.6771312543502943,3.6771317946073805,3.677132503302548,3.677133370818501,3.6771343863017174,3.677135536491557,3.6771368070123476,3.6771381822435343,3.6771396456134764,3.677141180022501,3.677142768470867,3.6771443935829424,3.6771460381312306,3.677147685732169,3.6771493204010173,3.6771509265841376,3.6771524895690195,3.6771539956062362,3.677155431240622,3.6771567845217437,3.677158044635473,3.6771592007016287,3.6771602433630366,3.6771611648298475,3.677161956790592,3.677162613093144,3.6771631295919143,3.6771635003508223,3.677163724490029,3.6771638014969215
3.677188721613268,3.677188647264481,3.677188431911446,3.677188075981295,3.6771875792199795,3.6771869464904583,3.6771861851267174,3.6771853018391805,3.67718430409728,3.6771831998011804,3.677181997878624,3.677180710283286,3.6771793478326535,3.677177921682789,3.6771764449309807,3.677174931659474,3.677173396097859,3.6771718534842623,3.677170319066868,3.677168808249083,3.677167336085928,3.6771659182149494,3.6771645702358136,3.6771633072161523,3.6771621437095376,3.6771610926284475,3.677160166592308,3.6771593763818555,3.67715873192052,3.6771582415565924,3.677157910943843,3.677157744576191,3.67715774459218,3.677157910660661,3.6771582409699506,3.677158731295226,3.677159375351063,3.6771601649088983,3.6771610907841223,3.677162141973295,3.6771633059134583,3.6771645690699346,3.677165917321851,3.6771673354149264,3.6771688078690783,3.677170319247338,3.6771718538727396,3.677173396244437,3.6771749309685573,3.677176443573309,3.6771779201144583,3.6771793468840706,3.677180710378895,3.677181998829682,3.6771832013888313,3.677184306780477,3.6771853053817845,3.677186189471462,3.677186950624557,3.6771875820427824,3.6771880784131032,3.6771884352662174,3.677188651542301,3.6771887249277486
3.67721163113453,3.677211559465954,3.6772113529246715,3.6772110129218425,3.677210539907742,3.6772099373205456,3.6772092116217,3.6772083706872634,3.677207421658398,3.677206372992084,3.677205233049618,3.677204012560557,3.6772027240966008,3.6772013791718017,3.6771999890369607,3.677198566737873,3.6771971264203787,3.6771956828243306,3.677194250152703,3.677192842894549,3.677191474881052,3.6771901603651274,3.677188913078617,3.677187746710291,3.677186674202157,3.677185707223962,3.6771848569768943,3.6771841325389105,3.6771835426160315,3.677183094109792,3.677182791706589,3.6771826395382563,3.6771826392259386,3.677182790587011,3.677183092429851,3.67718354092811,3.6771841307699757,3.6771848551831927,3.6771857057284834,3.6771866728999596,3.6771877458549493,3.6771889123996115,3.677190159875142,3.677191474967793,3.677192843519428,3.677194251175835,3.6771956837412287,3.6771971270801314,3.6771985665042846,3.6771999879954507,3.6772013783963167,3.677202724620134,3.67720401368276,3.6772052338764745,3.677206374201949,3.677207423921293,3.6772083738180847,3.677209215486464,3.6772099406920544,3.67721054349452,3.6772110170499945,3.6772113571847855,3.6772115643332497,3.6772116342741246
3.6772324684562014,3.677232400028063,3.677232203028862,3.6772318790178935,3.67723143001194,3.6772308584623765,3.677230169730082,3.677229372245096,3.6772284731467946,3.6772274800036304,3.6772264022528076,3.6772252491348265,3.677224031879424,3.6772227632122876,3.677221455162154,3.6772201193117735,3.6772187681854756,3.6772174154800603,3.6772160749092366,3.6772147601504073,3.6772134842377646,3.6772122604097013,3.6772111011230844,3.6772100188887675,3.6772090250769836,3.677208130190321,3.6772073440470003,3.677206674707271,3.6772061300410868,3.677205716126486,3.6772054372325416,3.677205297090666,3.677205297027981,3.67720543677055,3.67720571530695,3.6772061293068927,3.677206673695882,3.6772073429196297,3.6772081295230215,3.677209024718646,3.677210018946508,3.677211101649349,3.677212261040241,3.6772134849435143,3.6772147607772987,3.6772160753888627,3.6772174154853317,3.677218767741593,3.6772201186515763,3.6772214549681035,3.6772227639879183,3.6772240328937635,3.6772252495288336,3.6772264028933597,3.6772274816578556,3.677228475152154,3.6772293753210157,3.677230173847975,3.677230862047856,3.6772314344332493,3.6772318845382834,3.677232207696548,3.6772324041695965,3.6772324709750532
3.6772511900064284,3.6772511252036413,3.677250938191573,3.677250629839326,3.6772502037652446,3.6772496618676365,3.677249008886356,3.6772482526355748,3.6772474016431254,3.677246461923147,3.6772454422389176,3.6772443528130125,3.677243203849104,3.677242006369346,3.677240772522535,3.6772395142038463,3.677238243530024,3.677236972858006,3.67723571507659,3.677234482820858,3.677233288391607,3.677232143889223,3.6772310607208496,3.6772300503996274,3.6772291232668053,3.677228289330455,3.6772275573476825,3.677226934830516,3.677226428821787,3.6772260444943576,3.677225785955028,3.6772256562984733,3.67722565660306,3.6772257867874254,3.677226045560286,3.677226430257849,3.6772269362712326,3.677227558390461,3.67722829023553,3.6772291239663586,3.677230050530922,3.677231060636431,3.6772321438469313,3.677233288634794,3.6772344830712727,3.6772357151077246,3.677236972778283,3.6772382433586324,3.6772395140342784,3.677240772398308,3.677242006544001,3.677243204082115,3.6772443531936676,3.6772454434867985,3.677246464107621,3.67724740446195,3.677248256674727,3.677249013038154,3.6772496657558205,3.677250208225619,3.6772506345795537,3.677250941959693,3.6772511279006226,3.677251191055548
3.677267762900003,3.677267701723759,3.677267524533278,3.6772672312553323,3.677266826632409,3.6772663120634945,3.677265692459497,3.677264973946467,3.677264165762948,3.677263275489949,3.677262309859884,3.6772612777696376,3.677260189895147,3.677259057038099,3.6772578904902105,3.6772567014872055,3.6772555019100297,3.6772543033694984,3.677253117984313,3.677251957314367,3.677250833039278,3.677249756487308,3.6772487386092068,3.6772477901655556,3.677246920532109,3.677246139085108,3.6772454534877674,3.6772448707046856,3.6772443971656537,3.6772440372523754,3.677243795181021,3.6772436737659553,3.6772436737477117,3.677243795583445,3.6772440378198508,3.677244397755385,3.677244871688031,3.6772454546187783,3.677246140370121,3.677246922094305,3.677247791547452,3.6772487397784723,3.677249757315823,3.677250833811809,3.677251958019233,3.677253118272585,3.6772543034373717,3.677255501767622,3.6772567012761628,3.677257890101592,3.6772590566984356,3.6772601895379853,3.6772612776463887,3.6772623106401894,3.6772632778301997,3.6772641696770374,3.6772649783937985,3.677265695631272,3.6772663154502605,3.6772668310325454,3.6772672351177937,3.677267527214524,3.677267703968588,3.6772677639010602
3.67728216295374,3.6772821049937314,3.6772819366428937,3.677281657139203,3.677281271942757,3.6772807820573057,3.677280192424291,3.677279508935596,3.6772787383495085,3.6772778896375264,3.6772769711302153,3.67727599072622,3.67727495749309,3.6772738815761246,3.677272773808463,3.677271644919423,3.6772705062481412,3.6772693691663116,3.677268245532715,3.677267146434956,3.677266082832886,3.6772650649679397,3.6772641030213107,3.6772632069328295,3.6772623855107125,3.6772616475982467,3.677261000347219,3.6772604503255524,3.677260003516643,3.6772596638582473,3.6772594353492187,3.67725932078185,3.6772593206072517,3.677259435290201,3.6772596638971526,3.677260003447626,3.677260450584996,3.6772610010304168,3.677261648729907,3.677262386832401,3.6772632080700847,3.6772641042726173,3.677265066371057,3.6772660846393723,3.67726714871936,3.67726824771856,3.677269370764322,3.677270506598703,3.6772716440684023,3.6772727722978957,3.677273879964776,3.677274955791324,3.6772759899063074,3.6772769725706214,3.6772778927384855,3.6772787414297285,3.6772795117954593,3.677280194933578,3.677280784965818,3.6772812764279483,3.6772816619113455,3.6772819397625938,3.6772821074481215,3.677282163919668
3.6772943723973555,3.6772943171224375,3.6772941563045767,3.6772938886230544,3.677293519718026,3.6772930515953535,3.677292487292616,3.6772918340490914,3.6772910979711764,3.6772902860704764,3.6772894066106843,3.677288468511008,3.6772874808051443,3.6772864530900073,3.677285395440266,3.6772843182517256,3.6772832320343602,3.6772821476267623,3.677281076153835,3.6772800283677998,3.6772790147658867,3.67727804502757,3.677277128907604,3.6772762756282695,3.677275493856867,3.6772747917599573,3.6772741761921592,3.677273653453201,3.6772732287931422,3.6772729061451694,3.677272689090914,3.6772725801094026,3.6772725800724295,3.6772726889172986,3.6772729059458635,3.677273228665405,3.6772736536459734,3.677274176850459,3.677274793117689,3.6772754956700373,3.6772762772297543,3.6772771302039775,3.677278046289496,3.6772790162620215,3.6772800300711586,3.6772810776375313,3.6772821486389846,3.677283232328005,3.6772843178449826,3.6772853948730764,3.6772864527514852,3.6772874804835642,3.6772884684301537,3.6772894075838036,3.677290287543996,3.6772910992855277,3.6772918358343505,3.6772924898100565,3.677293054696614,3.677293524239505,3.677293893845551,3.677294160102409,3.67729432071227,3.677294373821904
3.6773043778232473,3.6773043246667845,3.6773041701872207,3.6773039126878,3.677303556330998,3.67730310599625,3.677302563619403,3.6773019345624287,3.677301225788508,3.677300444710879,3.6772995986454626,3.6772986959553156,3.6772977456447475,3.677296757426391,3.6772957408361697,3.677294705854417,3.677293662141701,3.677292620106325,3.677291590361839,3.6772905836418204,3.6772896102005275,3.677288679323352,3.6772878003995375,3.677286981821983,3.6772862321751276,3.67728555903801,3.67728496890038,3.6772844681301455,3.677284061189412,3.6772837520559243,3.6772835443857774,3.677283439847746,3.677283439803701,3.677283544276862,3.677283751979996,3.677284060863544,3.6772844681336343,3.6772849695197034,3.677285560091226,3.677286233812219,3.677286983675917,3.6772878020541384,3.677288680964954,3.6772896119466303,3.6772905854271953,3.6772915917060103,3.677292620587458,3.6772936618847334,3.67729470542278,3.677295740948567,3.6772967579527824,3.6772977462851886,3.67729869665215,3.677299599697197,3.677300445939588,3.677301227676631,3.6773019362409833,3.677302565062742,3.6773031094419153,3.6773035614770726,3.6773039179542235,3.6773041744792456,3.6773043295400067,3.6773043804948418
3.6773121692939292,3.6773121175256103,3.6773119677825017,3.6773117190682307,3.677311373092909,3.6773109348712176,3.6773104088904773,3.6773097997582793,3.6773091131385662,3.677308356282954,3.6773075365763943,3.6773066618168913,3.677305740364667,3.677304781797124,3.677303795832274,3.6773027926866355,3.6773017818368445,3.677300773126265,3.6772997764168056,3.677298802051455,3.6772978600295154,3.677296959384115,3.6772961091923686,3.677295317340314,3.677294592172664,3.6772939411015315,3.677293370285523,3.6772928860943943,3.6772924927117003,3.6772921937058607,3.6772919929898666,3.6772918919860893,3.6772918917533604,3.6772919928872265,3.6772921939561405,3.6772924924170893,3.677292885832776,3.6772933704794957,3.677293941356129,3.6772945926612595,3.677295317973508,3.6772961100331774,3.677296960808162,3.677297861888587,3.6772988041680734,3.6772997785116037,3.6773007749303144,3.6773017832507455,3.6773027940035674,3.6773037975512666,3.677304783189572,3.6773057409107572,3.677306662270602,3.6773075377703415,3.6773083575001917,3.6773091153235304,3.677309802890971,3.677310412218942,3.6773109392728833,3.677311377237159,3.6773117232299755,3.6773119724454153,3.677312122594391,3.6773121717201516
3.677317739876648,3.6773176889374053,3.6773175419939528,3.6773172985509035,3.6773169615466674,3.67731653379786,3.6773160191536847,3.6773154227693854,3.6773147508196358,3.6773140104206594,3.6773132090428917,3.6773123543161796,3.6773114542789287,3.6773105178313155,3.6773095544987555,3.6773085743095937,3.6773075869194747,3.6773066018505407,3.6773056285698145,3.6773046770292472,3.677303757056986,3.6773028777941703,3.6773020478774003,3.6773012751087326,3.677300567314403,3.6772999317584456,3.677299374730684,3.6772989021040456,3.6772985182889006,3.6772982266845298,3.677298030611147,3.6772979320506036,3.677297931827102,3.677298030295823,3.6772982265112195,3.677298518085299,3.6772989020700413,3.677299374949147,3.677299932070974,3.6773005677133352,3.6773012754587473,3.6773020483365273,3.6773028787563056,3.67730375844531,3.677304678537316,3.6773056299972424,3.677306603277133,3.6773075883464106,3.677308575675133,3.6773095560822866,3.6773105195366864,3.677311455888642,3.677312356437538,3.677313212392258,3.6773140142702245,3.6773147547515332,3.6773154268154538,3.67731602316532,3.6773165379146167,3.6773169659117615,3.67731730350915,3.6773175476285487,3.677317694411968,3.677317742367575
3.677321084483366,3.6773210342031835,3.6773208902952206,3.6773206494021426,3.677320315305261,3.6773198929466777,3.6773193859440303,3.6773187979579363,3.6773181348812387,3.6773174041707626,3.677316613838892,3.6773157714313593,3.6773148847745625,3.6773139619682946,3.6773130123045807,3.6773120455660724,3.6773110718262,3.677310100600144,3.677309141206025,3.677308203267196,3.6773072962570814,3.6773064297181235,3.677305611871379,3.677304850625718,3.6773041534887927,3.677303527147256,3.677302978450183,3.6773025128239394,3.677302134565627,3.677301847751242,3.6773016547126556,3.6773015573336885,3.677301557091881,3.6773016541311048,3.6773018472498546,3.677302134668208,3.6773025134014845,3.6773029795044696,3.6773035282666906,3.677304154352317,3.677304851631153,3.6773056131053403,3.677306431273538,3.6773072979277615,3.6773082047211703,3.6773091425592974,3.6773101017857113,3.6773110728217357,3.6773120462965294,3.6773130125609,3.6773139620576445,3.6773148857415436,3.677315774249225,3.677316617756722,3.6773174091155214,3.677318140368068,3.6773188033268602,3.6773193922952876,3.6773198997083627,3.6773203226067452,3.677320655557686,3.67732089647996,3.677321040327215,3.6773210870183286
3.6773221996860506,3.677322148128706,3.677322004529591,3.6773217662137863,3.67732143414944,3.677321013398342,3.6773205091272714,3.677319924952193,3.677319265672349,3.6773185380462032,3.677317750482531,3.677316911162427,3.677316028449611,3.6773151102217287,3.677314165371169,3.6773132032241014,3.67731223392586,3.6773112671861523,3.6773103123099635,3.677309378820387,3.6773084758088506,3.6773076131276157,3.6773067990690604,3.677306041505824,3.6773053480688334,3.677304724863281,3.677304178835799,3.6773037156673456,3.6773033391694425,3.6773030538957876,3.677302862327648,3.6773027656407162,3.6773027652663592,3.6773028617525547,3.6773030536965514,3.6773033393193555,3.677303716052365,3.677304180128152,3.6773047265917644,3.677305349866835,3.6773060439004026,3.677306801804312,3.6773076161631986,3.677308478544188,3.6773093807809607,3.6773103141894983,3.677311268944957,3.67731223524666,3.677313204135125,3.6773141659910435,3.6773151106594013,3.6773160296704996,3.6773169147520637,3.677317754486545,3.67731854164778,3.677319269634668,3.6773199296546615,3.677320516670536,3.6773210215051586,3.677321442007665,3.6773217731227392,3.677322013747529,3.677322157688979,3.677322204072818
