-1.000000000000000000e+00,-1.000000000000000000e+00,-1.000000000000000000e+00,-1.000000000000000000e+00,-1.000000000000000000e+00,-1.000000000000000000e+00,-1.000000000000000000e+00,-1.000000000000000000e+00,-1.000000000000000000e+00,-1.000000000000000000e+00,-1.000000000000000000e+00,-1.000000000000000000e+00,-1.000000000000000000e+00,-1.000000000000000000e+00,-1.000000000000000000e+00,-1.000000000000000000e+00,-1.000000000000000000e+00,-1.000000000000000000e+00,-1.000000000000000000e+00,-1.000000000000000000e+00,-1.000000000000000000e+00,-1.000000000000000000e+00,-1.000000000000000000e+00,-1.000000000000000000e+00,-1.000000000000000000e+00,-1.000000000000000000e+00,-1.000000000000000000e+00,-1.000000000000000000e+00,-1.000000000000000000e+00,-1.000000000000000000e+00,-1.000000000000000000e+00,-1.000000000000000000e+00,-1.000000000000000000e+00,-1.000000000000000000e+00,-1.000000000000000000e+00,-1.000000000000000000e+00,-1.000000000000000000e+00,-1.000000000000000000e+00,-1.000000000000000000e+00,-1.000000000000000000e+00,-1.000000000000000000e+00,-1.000000000000000000e+00,-1.000000000000000000e+00,-1.000000000000000000e+00,-1.000000000000000000e+00,-1.000000000000000000e+00,-9.542535767401481017e-01,-9.542735765742758058e-01,-9.543322854000191313e-01,-9.544251349258705552e-01,-9.545419086794882935e-01,-9.546617862667493570e-01,-9.547440674244567216e-01,-9.547117171766756893e-01,-9.544234011988579347e-01,-9.536279656968074114e-01,-9.518937429748570711e-01,-9.485045266314953150e-01,-9.423161914384544646e-01,-9.315753357782643462e-01,-9.137175789257212521e-01,-8.851922750309766386e-01,-8.414051240691282629e-01,-7.769276027544720353e-01,-6.861751350657848691e-01,-5.647595663024581603e-01,-4.115951999932719874e-01,-2.314965693441023431e-01,-3.747538310699671804e-02,1.485016742760292274e-01,2.975394721677888654e-01,3.799573352885734501e-01,3.799573353666418907e-01,2.975394723903523886e-01,1.485016745962428608e-01,-3.747538275447792611e-02,-2.314965690086349115e-01,-4.115951997003887142e-01,-5.647595660522648497e-01,-6.861751348451522459e-01,-7.769276025596404400e-01,-8.414051239042081853e-01,-8.851922748886440484e-01,-9.137175787957371176e-01,-9.315753356307061583e-01,-9.423161912498214665e-01,-9.485045263913857161e-01,-9.518937426644874522e-01,-9.536279652783657967e-01,-9.544234006383448543e-01,-9.547117164579466131e-01,-9.547440665497802792e-01,-9.546617851880079275e-01,-9.545419074525740566e-01,-9.544251335957284477e-01,-9.543322840329760970e-01,-9.542735750777852077e-01,-9.542535754677710091e-01,-1.000000000000000000e+00,-1.000000000000000000e+00,-1.000000000000000000e+00,-1.000000000000000000e+00,-1.000000000000000000e+00,-1.000000000000000000e+00,-1.000000000000000000e+00,-1.000000000000000000e+00,-1.000000000000000000e+00,-1.000000000000000000e+00,-1.000000000000000000e+00,-1.000000000000000000e+00,-1.000000000000000000e+00,-1.000000000000000000e+00,-1.000000000000000000e+00,-1.000000000000000000e+00,-1.000000000000000000e+00,-1.000000000000000000e+00,-1.000000000000000000e+00,-1.000000000000000000e+00,-1.000000000000000000e+00,-1.000000000000000000e+00,-1.000000000000000000e+00,-1.000000000000000000e+00,-1.000000000000000000e+00,-1.000000000000000000e+00,-1.000000000000000000e+00,-1.000000000000000000e+00,-1.000000000000000000e+00,-1.000000000000000000e+00,-1.000000000000000000e+00,-1.000000000000000000e+00,-1.000000000000000000e+00,-1.000000000000000000e+00,-1.000000000000000000e+00,-1.000000000000000000e+00,-1.000000000000000000e+00,-1.000000000000000000e+00,-1.000000000000000000e+00,-1.000000000000000000e+00,-1.000000000000000000e+00,-1.000000000000000000e+00,-1.000000000000000000e+00,-1.000000000000000000e+00,-1.000000000000000000e+00,-1.000000000000000000e+00
-1.000000000000000000e+00,-1.000000000000000000e+00,-1.000000000000000000e+00,-1.000000000000000000e+00,-1.000000000000000000e+00,-1.000000000000000000e+00,-1.000000000000000000e+00,-1.000000000000000000e+00,-1.000000000000000000e+00,-1.000000000000000000e+00,-1.000000000000000000e+00,-1.000000000000000000e+00,-1.000000000000000000e+00,-1.000000000000000000e+00,-1.000000000000000000e+00,-1.000000000000000000e+00,-1.000000000000000000e+00,-1.000000000000000000e+00,-1.000000000000000000e+00,-1.000000000000000000e+00,-1.000000000000000000e+00,-1.000000000000000000e+00,-1.000000000000000000e+00,-1.000000000000000000e+00,-1.000000000000000000e+00,-1.000000000000000000e+00,-1.000000000000000000e+00,-1.000000000000000000e+00,-1.000000000000000000e+00,-1.000000000000000000e+00,-1.000000000000000000e+00,-1.000000000000000000e+00,-1.000000000000000000e+00,-1.000000000000000000e+00,-1.000000000000000000e+00,-1.000000000000000000e+00,-1.000000000000000000e+00,-1.000000000000000000e+00,-1.000000000000000000e+00,-1.000000000000000000e+00,-1.000000000000000000e+00,-1.000000000000000000e+00,-1.000000000000000000e+00,-1.000000000000000000e+00,-1.000000000000000000e+00,-1.000000000000000000e+00,-9.542558584739323502e-01,-9.542758583292885177e-01,-9.543345672136198665e-01,-9.544274168640536349e-01,-9.545441908668691466e-01,-9.546640689414730430e-01,-9.547463509962351713e-01,-9.547140024538067760e-01,-9.544256897086058622e-01,-9.536302602013586593e-01,-9.518960483691225605e-01,-9.485068513467648232e-01,-9.423185494883321578e-01,-9.315777496212608311e-01,-9.137200831801205458e-01,-8.851949208263010238e-01,-8.414079833328307334e-01,-7.769307710787456411e-01,-6.861787310023315101e-01,-5.647637242656674550e-01,-4.116000540150908105e-01,-2.315022265242798749e-01,-3.748188925121009873e-02,1.484943692470221954e-01,2.975315370346731658e-01,3.799490537753522634e-01,3.799490538466119283e-01,2.975315372402602687e-01,1.484943695441092171e-01,-3.748188892444059839e-02,-2.315022262094441619e-01,-4.116000537317542340e-01,-5.647637240179184115e-01,-6.861787307850437667e-01,-7.769307708899667597e-01,-8.414079831755074679e-01,-8.851949206872474774e-01,-9.137200830452336664e-01,-9.315777494670075543e-01,-9.423185492987393719e-01,-9.485068511116001577e-01,-9.518960480655545009e-01,-9.536302597880529364e-01,-9.544256891625536587e-01,-9.547140017611110974e-01,-9.547463501426894927e-01,-9.546640678787696732e-01,-9.545441896630957324e-01,-9.544274155398136950e-01,-9.543345658618005434e-01,-9.542758567351674603e-01,-9.542558569312499239e-01,-1.000000000000000000e+00,-1.000000000000000000e+00,-1.000000000000000000e+00,-1.000000000000000000e+00,-1.000000000000000000e+00,-1.000000000000000000e+00,-1.000000000000000000e+00,-1.000000000000000000e+00,-1.000000000000000000e+00,-1.000000000000000000e+00,-1.000000000000000000e+00,-1.000000000000000000e+00,-1.000000000000000000e+00,-1.000000000000000000e+00,-1.000000000000000000e+00,-1.000000000000000000e+00,-1.000000000000000000e+00,-1.000000000000000000e+00,-1.000000000000000000e+00,-1.000000000000000000e+00,-1.000000000000000000e+00,-1.000000000000000000e+00,-1.000000000000000000e+00,-1.000000000000000000e+00,-1.000000000000000000e+00,-1.000000000000000000e+00,-1.000000000000000000e+00,-1.000000000000000000e+00,-1.000000000000000000e+00,-1.000000000000000000e+00,-1.000000000000000000e+00,-1.000000000000000000e+00,-1.000000000000000000e+00,-1.000000000000000000e+00,-1.000000000000000000e+00,-1.000000000000000000e+00,-1.000000000000000000e+00,-1.000000000000000000e+00,-1.000000000000000000e+00,-1.000000000000000000e+00,-1.000000000000000000e+00,-1.000000000000000000e+00,-1.000000000000000000e+00,-1.000000000000000000e+00,-1.000000000000000000e+00,-1.000000000000000000e+00
-1.000000000000000000e+00,-1.000000000000000000e+00,-1.000000000000000000e+00,-1.000000000000000000e+00,-1.000000000000000000e+00,-1.000000000000000000e+00,-1.000000000000000000e+00,-1.000000000000000000e+00,-1.000000000000000000e+00,-1.000000000000000000e+00,-1.000000000000000000e+00,-1.000000000000000000e+00,-1.000000000000000000e+00,-1.000000000000000000e+00,-1.000000000000000000e+00,-1.000000000000000000e+00,-1.000000000000000000e+00,-1.000000000000000000e+00,-1.000000000000000000e+00,-1.000000000000000000e+00,-1.000000000000000000e+00,-1.000000000000000000e+00,-1.000000000000000000e+00,-1.000000000000000000e+00,-1.000000000000000000e+00,-1.000000000000000000e+00,-1.000000000000000000e+00,-1.000000000000000000e+00,-1.000000000000000000e+00,-1.000000000000000000e+00,-1.000000000000000000e+00,-1.000000000000000000e+00,-1.000000000000000000e+00,-1.000000000000000000e+00,-1.000000000000000000e+00,-1.000000000000000000e+00,-1.000000000000000000e+00,-1.000000000000000000e+00,-1.000000000000000000e+00,-1.000000000000000000e+00,-1.000000000000000000e+00,-1.000000000000000000e+00,-1.000000000000000000e+00,-1.000000000000000000e+00,-1.000000000000000000e+00,-1.000000000000000000e+00,-9.542627023071237335e-01,-9.542827022302566853e-01,-9.543414113190437087e-01,-9.544342613699432487e-01,-9.545510361123651366e-01,-9.546709156234609583e-01,-9.547532003882679419e-01,-9.547208569661084221e-01,-9.544325538950764187e-01,-9.536371423719184337e-01,-9.519029632280726627e-01,-9.485138241735963094e-01,-9.423256223112280727e-01,-9.315849898239629834e-01,-9.137275946374336932e-01,-8.852028569251104706e-01,-8.414165598335744400e-01,-7.769402747399049014e-01,-6.861895174766843297e-01,-5.647761968042257497e-01,-4.116146147141619416e-01,-2.315191966564000836e-01,-3.750140618889186150e-02,1.484724557702568060e-01,2.975077333475346641e-01,3.799242110025617958e-01,3.799242110498954883e-01,2.975077334884761449e-01,1.484724559819616818e-01,-3.750140594349271606e-02,-2.315191964029850169e-01,-4.116146144713865862e-01,-5.647761965860922384e-01,-6.861895172872474191e-01,-7.769402745731822657e-01,-8.414165596876577169e-01,-8.852028567869785203e-01,-9.137275944994041055e-01,-9.315849896749157644e-01,-9.423256221364824103e-01,-9.485138239522975523e-01,-9.519029629361556166e-01,-9.536371419750765410e-01,-9.544325533825908092e-01,-9.547208563171641904e-01,-9.547531995789333426e-01,-9.546709146229023224e-01,-9.545510349899111180e-01,-9.544342600738071614e-01,-9.543414100949675349e-01,-9.542827009010446115e-01,-9.542627009579172093e-01,-1.000000000000000000e+00,-1.000000000000000000e+00,-1.000000000000000000e+00,-1.000000000000000000e+00,-1.000000000000000000e+00,-1.000000000000000000e+00,-1.000000000000000000e+00,-1.000000000000000000e+00,-1.000000000000000000e+00,-1.000000000000000000e+00,-1.000000000000000000e+00,-1.000000000000000000e+00,-1.000000000000000000e+00,-1.000000000000000000e+00,-1.000000000000000000e+00,-1.000000000000000000e+00,-1.000000000000000000e+00,-1.000000000000000000e+00,-1.000000000000000000e+00,-1.000000000000000000e+00,-1.000000000000000000e+00,-1.000000000000000000e+00,-1.000000000000000000e+00,-1.000000000000000000e+00,-1.000000000000000000e+00,-1.000000000000000000e+00,-1.000000000000000000e+00,-1.000000000000000000e+00,-1.000000000000000000e+00,-1.000000000000000000e+00,-1.000000000000000000e+00,-1.000000000000000000e+00,-1.000000000000000000e+00,-1.000000000000000000e+00,-1.000000000000000000e+00,-1.000000000000000000e+00,-1.000000000000000000e+00,-1.000000000000000000e+00,-1.000000000000000000e+00,-1.000000000000000000e+00,-1.000000000000000000e+00,-1.000000000000000000e+00,-1.000000000000000000e+00,-1.000000000000000000e+00,-1.000000000000000000e+00,-1.000000000000000000e+00
-1.000000000000000000e+00,-1.000000000000000000e+00,-1.000000000000000000e+00,-1.000000000000000000e+00,-1.000000000000000000e+00,-1.000000000000000000e+00,-1.000000000000000000e+00,-1.000000000000000000e+00,-1.000000000000000000e+00,-1.000000000000000000e+00,-1.000000000000000000e+00,-1.000000000000000000e+00,-1.000000000000000000e+00,-1.000000000000000000e+00,-1.000000000000000000e+00,-1.000000000000000000e+00,-1.000000000000000000e+00,-1.000000000000000000e+00,-1.000000000000000000e+00,-1.000000000000000000e+00,-1.000000000000000000e+00,-1.000000000000000000e+00,-1.000000000000000000e+00,-1.000000000000000000e+00,-1.000000000000000000e+00,-1.000000000000000000e+00,-1.000000000000000000e+00,-1.000000000000000000e+00,-1.000000000000000000e+00,-1.000000000000000000e+00,-1.000000000000000000e+00,-1.000000000000000000e+00,-1.000000000000000000e+00,-1.000000000000000000e+00,-1.000000000000000000e+00,-1.000000000000000000e+00,-1.000000000000000000e+00,-1.000000000000000000e+00,-1.000000000000000000e+00,-1.000000000000000000e+00,-1.000000000000000000e+00,-1.000000000000000000e+00,-1.000000000000000000e+00,-1.000000000000000000e+00,-1.000000000000000000e+00,-1.000000000000000000e+00,-9.542741041832092375e-01,-9.542941042001291674e-01,-9.543528136167551690e-01,-9.544456643568857146e-01,-9.545624403591015383e-01,-9.546823222426457090e-01,-9.547646115417515178e-01,-9.547322766963081131e-01,-9.544439897612151391e-01,-9.536486082077245685e-01,-9.519144835606114796e-01,-9.485254411472194835e-01,-9.423374059657599888e-01,-9.315970524539580744e-01,-9.137401093797962170e-01,-8.852160794436568780e-01,-8.414308497276180576e-01,-7.769561099090553924e-01,-6.862074906231991900e-01,-5.647969799566388005e-01,-4.116388779876222204e-01,-2.315474754630209020e-01,-3.753392943434585849e-02,1.484359385698705847e-01,2.974680660577291302e-01,3.798828120706971845e-01,3.798828121130719548e-01,2.974680661775932489e-01,1.484359387412059750e-01,-3.753392924466980585e-02,-2.315474752802073599e-01,-4.116388778242859869e-01,-5.647969798079902626e-01,-6.862074904787121010e-01,-7.769561097597247334e-01,-8.414308495788414000e-01,-8.852160792995951155e-01,-9.137401092459669361e-01,-9.315970523237314671e-01,-9.423374058236795303e-01,-9.485254409707246648e-01,-9.519144833276598217e-01,-9.536486078827525192e-01,-9.544439893231190242e-01,-9.547322761257930335e-01,-9.547646108398857301e-01,-9.546823213913080419e-01,-9.545624394346524655e-01,-9.544456632003797125e-01,-9.543528124005664637e-01,-9.542941029347463688e-01,-9.542741029150296761e-01,-1.000000000000000000e+00,-1.000000000000000000e+00,-1.000000000000000000e+00,-1.000000000000000000e+00,-1.000000000000000000e+00,-1.000000000000000000e+00,-1.000000000000000000e+00,-1.000000000000000000e+00,-1.000000000000000000e+00,-1.000000000000000000e+00,-1.000000000000000000e+00,-1.000000000000000000e+00,-1.000000000000000000e+00,-1.000000000000000000e+00,-1.000000000000000000e+00,-1.000000000000000000e+00,-1.000000000000000000e+00,-1.000000000000000000e+00,-1.000000000000000000e+00,-1.000000000000000000e+00,-1.000000000000000000e+00,-1.000000000000000000e+00,-1.000000000000000000e+00,-1.000000000000000000e+00,-1.000000000000000000e+00,-1.000000000000000000e+00,-1.000000000000000000e+00,-1.000000000000000000e+00,-1.000000000000000000e+00,-1.000000000000000000e+00,-1.000000000000000000e+00,-1.000000000000000000e+00,-1.000000000000000000e+00,-1.000000000000000000e+00,-1.000000000000000000e+00,-1.000000000000000000e+00,-1.000000000000000000e+00,-1.000000000000000000e+00,-1.000000000000000000e+00,-1.000000000000000000e+00,-1.000000000000000000e+00,-1.000000000000000000e+00,-1.000000000000000000e+00,-1.000000000000000000e+00,-1.000000000000000000e+00,-1.000000000000000000e+00
-1.000000000000000000e+00,-1.000000000000000000e+00,-1.000000000000000000e+00,-1.000000000000000000e+00,-1.000000000000000000e+00,-1.000000000000000000e+00,-1.000000000000000000e+00,-1.000000000000000000e+00,-1.000000000000000000e+00,-1.000000000000000000e+00,-1.000000000000000000e+00,-1.000000000000000000e+00,-1.000000000000000000e+00,-1.000000000000000000e+00,-1.000000000000000000e+00,-1.000000000000000000e+00,-1.000000000000000000e+00,-1.000000000000000000e+00,-1.000000000000000000e+00,-1.000000000000000000e+00,-1.000000000000000000e+00,-1.000000000000000000e+00,-1.000000000000000000e+00,-1.000000000000000000e+00,-1.000000000000000000e+00,-1.000000000000000000e+00,-1.000000000000000000e+00,-1.000000000000000000e+00,-1.000000000000000000e+00,-1.000000000000000000e+00,-1.000000000000000000e+00,-1.000000000000000000e+00,-1.000000000000000000e+00,-1.000000000000000000e+00,-1.000000000000000000e+00,-1.000000000000000000e+00,-1.000000000000000000e+00,-1.000000000000000000e+00,-1.000000000000000000e+00,-1.000000000000000000e+00,-1.000000000000000000e+00,-1.000000000000000000e+00,-1.000000000000000000e+00,-1.000000000000000000e+00,-1.000000000000000000e+00,-1.000000000000000000e+00,-9.542900574461774532e-01,-9.543100576032677029e-01,-9.543687674740707338e-01,-9.544616191688658491e-01,-9.545783969707642980e-01,-9.546982821791463181e-01,-9.547805778008392474e-01,-9.547482549730024193e-01,-9.544599906659977373e-01,-9.536646510923154629e-01,-9.519306027509334411e-01,-9.485416956531705912e-01,-9.423538938622303407e-01,-9.316139309563391535e-01,-9.137576208690882940e-01,-8.852345818425547685e-01,-8.414508464736711879e-01,-7.769782700491580929e-01,-6.862326438917867311e-01,-5.648260670868930911e-01,-4.116728369858210224e-01,-2.315870557430038668e-01,-3.757945134215401328e-02,1.483848257530437920e-01,2.974125436560344227e-01,3.798248656620115682e-01,3.798248656766436415e-01,2.974125436998595884e-01,1.483848258252382646e-01,-3.757945124509143309e-02,-2.315870556257634272e-01,-4.116728368540757410e-01,-5.648260669414216784e-01,-6.862326437377427313e-01,-7.769782698931346765e-01,-8.414508463181475939e-01,-8.852345816848259386e-01,-9.137576207129088912e-01,-9.316139307986134321e-01,-9.423538936998888671e-01,-9.485416954706897830e-01,-9.519306025178936315e-01,-9.536646507739818812e-01,-9.544599902429362626e-01,-9.547482544333594223e-01,-9.547805771418367282e-01,-9.546982813160083126e-01,-9.545783960353544373e-01,-9.544616181759608686e-01,-9.543687664038423835e-01,-9.543100564471672653e-01,-9.542900562623313210e-01,-1.000000000000000000e+00,-1.000000000000000000e+00,-1.000000000000000000e+00,-1.000000000000000000e+00,-1.000000000000000000e+00,-1.000000000000000000e+00,-1.000000000000000000e+00,-1.000000000000000000e+00,-1.000000000000000000e+00,-1.000000000000000000e+00,-1.000000000000000000e+00,-1.000000000000000000e+00,-1.000000000000000000e+00,-1.000000000000000000e+00,-1.000000000000000000e+00,-1.000000000000000000e+00,-1.000000000000000000e+00,-1.000000000000000000e+00,-1.000000000000000000e+00,-1.000000000000000000e+00,-1.000000000000000000e+00,-1.000000000000000000e+00,-1.000000000000000000e+00,-1.000000000000000000e+00,-1.000000000000000000e+00,-1.000000000000000000e+00,-1.000000000000000000e+00,-1.000000000000000000e+00,-1.000000000000000000e+00,-1.000000000000000000e+00,-1.000000000000000000e+00,-1.000000000000000000e+00,-1.000000000000000000e+00,-1.000000000000000000e+00,-1.000000000000000000e+00,-1.000000000000000000e+00,-1.000000000000000000e+00,-1.000000000000000000e+00,-1.000000000000000000e+00,-1.000000000000000000e+00,-1.000000000000000000e+00,-1.000000000000000000e+00,-1.000000000000000000e+00,-1.000000000000000000e+00,-1.000000000000000000e+00,-1.000000000000000000e+00
-1.000000000000000000e+00,-1.000000000000000000e+00,-1.000000000000000000e+00,-1.000000000000000000e+00,-1.000000000000000000e+00,-1.000000000000000000e+00,-1.000000000000000000e+00,-1.000000000000000000e+00,-1.000000000000000000e+00,-1.000000000000000000e+00,-1.000000000000000000e+00,-1.000000000000000000e+00,-1.000000000000000000e+00,-1.000000000000000000e+00,-1.000000000000000000e+00,-1.000000000000000000e+00,-1.000000000000000000e+00,-1.000000000000000000e+00,-1.000000000000000000e+00,-1.000000000000000000e+00,-1.000000000000000000e+00,-1.000000000000000000e+00,-1.000000000000000000e+00,-1.000000000000000000e+00,-1.000000000000000000e+00,-1.000000000000000000e+00,-1.000000000000000000e+00,-1.000000000000000000e+00,-1.000000000000000000e+00,-1.000000000000000000e+00,-1.000000000000000000e+00,-1.000000000000000000e+00,-1.000000000000000000e+00,-1.000000000000000000e+00,-1.000000000000000000e+00,-1.000000000000000000e+00,-1.000000000000000000e+00,-1.000000000000000000e+00,-1.000000000000000000e+00,-1.000000000000000000e+00,-1.000000000000000000e+00,-1.000000000000000000e+00,-1.000000000000000000e+00,-1.000000000000000000e+00,-1.000000000000000000e+00,-1.000000000000000000e+00,-9.543105525973726300e-01,-9.543305529538472776e-01,-9.543892634345484405e-01,-9.544821163406369546e-01,-9.545988964659430920e-01,-9.547187859985146741e-01,-9.548010897703653743e-01,-9.547687823899264625e-01,-9.544805471953071718e-01,-9.536852616407697214e-01,-9.519513114592786929e-01,-9.485625783820039736e-01,-9.423750767106195969e-01,-9.316356160806072984e-01,-9.137801199198990476e-01,-8.852583550013088942e-01,-8.414765409801134854e-01,-7.770067460363196954e-01,-6.862649680610315439e-01,-5.648634488108925655e-01,-4.117164820722026830e-01,-2.316379274752197182e-01,-3.763796136471497800e-02,1.483191284753286876e-01,2.973411778648185066e-01,3.797503838567655166e-01,3.797503838631455242e-01,2.973411778846990483e-01,1.483191285086846722e-01,-3.763796132349939150e-02,-2.316379274256182841e-01,-4.117164820116179236e-01,-5.648634487334132093e-01,-6.862649679590460128e-01,-7.770067459097448337e-01,-8.414765408304880623e-01,-8.852583548358424759e-01,-9.137801197566224332e-01,-9.316356159218854849e-01,-9.423750765515922501e-01,-9.485625782030628894e-01,-9.519513112228340512e-01,-9.536852613263937517e-01,-9.544805467959228684e-01,-9.547687819014056831e-01,-9.548010892318865572e-01,-9.547187852940230979e-01,-9.545988955843923707e-01,-9.544821154365004112e-01,-9.543892624811147751e-01,-9.543305519521138036e-01,-9.543105515831890040e-01,-1.000000000000000000e+00,-1.000000000000000000e+00,-1.000000000000000000e+00,-1.000000000000000000e+00,-1.000000000000000000e+00,-1.000000000000000000e+00,-1.000000000000000000e+00,-1.000000000000000000e+00,-1.000000000000000000e+00,-1.000000000000000000e+00,-1.000000000000000000e+00,-1.000000000000000000e+00,-1.000000000000000000e+00,-1.000000000000000000e+00,-1.000000000000000000e+00,-1.000000000000000000e+00,-1.000000000000000000e+00,-1.000000000000000000e+00,-1.000000000000000000e+00,-1.000000000000000000e+00,-1.000000000000000000e+00,-1.000000000000000000e+00,-1.000000000000000000e+00,-1.000000000000000000e+00,-1.000000000000000000e+00,-1.000000000000000000e+00,-1.000000000000000000e+00,-1.000000000000000000e+00,-1.000000000000000000e+00,-1.000000000000000000e+00,-1.000000000000000000e+00,-1.000000000000000000e+00,-1.000000000000000000e+00,-1.000000000000000000e+00,-1.000000000000000000e+00,-1.000000000000000000e+00,-1.000000000000000000e+00,-1.000000000000000000e+00,-1.000000000000000000e+00,-1.000000000000000000e+00,-1.000000000000000000e+00,-1.000000000000000000e+00,-1.000000000000000000e+00,-1.000000000000000000e+00,-1.000000000000000000e+00,-1.000000000000000000e+00
-1.000000000000000000e+00,-1.000000000000000000e+00,-1.000000000000000000e+00,-1.000000000000000000e+00,-1.000000000000000000e+00,-1.000000000000000000e+00,-1.000000000000000000e+00,-1.000000000000000000e+00,-1.000000000000000000e+00,-1.000000000000000000e+00,-1.000000000000000000e+00,-1.000000000000000000e+00,-1.000000000000000000e+00,-1.000000000000000000e+00,-1.000000000000000000e+00,-1.000000000000000000e+00,-1.000000000000000000e+00,-1.000000000000000000e+00,-1.000000000000000000e+00,-1.000000000000000000e+00,-1.000000000000000000e+00,-1.000000000000000000e+00,-1.000000000000000000e+00,-1.000000000000000000e+00,-1.000000000000000000e+00,-1.000000000000000000e+00,-1.000000000000000000e+00,-1.000000000000000000e+00,-1.000000000000000000e+00,-1.000000000000000000e+00,-1.000000000000000000e+00,-1.000000000000000000e+00,-1.000000000000000000e+00,-1.000000000000000000e+00,-1.000000000000000000e+00,-1.000000000000000000e+00,-1.000000000000000000e+00,-1.000000000000000000e+00,-1.000000000000000000e+00,-1.000000000000000000e+00,-1.000000000000000000e+00,-1.000000000000000000e+00,-1.000000000000000000e+00,-1.000000000000000000e+00,-1.000000000000000000e+00,-1.000000000000000000e+00,-9.543355775107200678e-01,-9.543555781063238763e-01,-9.544142893670281014e-01,-9.545071437842920226e-01,-9.546239267412400809e-01,-9.547438215778761839e-01,-9.548261353651125161e-01,-9.547938469124375160e-01,-9.545056473328976665e-01,-9.537104278403999436e-01,-9.519765977000603785e-01,-9.485880774065544863e-01,-9.424009426417980784e-01,-9.316620959972501392e-01,-9.138075947372634733e-01,-8.852873871763914382e-01,-8.415079215724771133e-01,-7.770415262404601897e-01,-6.863044514449427869e-01,-5.649091132197847642e-01,-4.117698009213532906e-01,-2.317000777342538287e-01,-3.770944583716817622e-02,1.482388611768827857e-01,2.972539837750103331e-01,3.796593820962705923e-01,3.796593820892351090e-01,2.972539837565908449e-01,1.482388611529044109e-01,-3.770944586402635856e-02,-2.317000777512188137e-01,-4.117698009152634953e-01,-5.649091131808089417e-01,-6.863044513634464217e-01,-7.770415261265998241e-01,-8.415079214402744201e-01,-8.852873870356178232e-01,-9.138075945968451297e-01,-9.316620958510493100e-01,-9.424009424857634487e-01,-9.485880772410664186e-01,-9.519765975073281039e-01,-9.537104276046137752e-01,-9.545056470261492620e-01,-9.547938464700013173e-01,-9.548261348370674639e-01,-9.547438210160072991e-01,-9.546239260412685557e-01,-9.545071430263531997e-01,-9.544142885466184723e-01,-9.543555772734325648e-01,-9.543355766772680937e-01,-1.000000000000000000e+00,-1.000000000000000000e+00,-1.000000000000000000e+00,-1.000000000000000000e+00,-1.000000000000000000e+00,-1.000000000000000000e+00,-1.000000000000000000e+00,-1.000000000000000000e+00,-1.000000000000000000e+00,-1.000000000000000000e+00,-1.000000000000000000e+00,-1.000000000000000000e+00,-1.000000000000000000e+00,-1.000000000000000000e+00,-1.000000000000000000e+00,-1.000000000000000000e+00,-1.000000000000000000e+00,-1.000000000000000000e+00,-1.000000000000000000e+00,-1.000000000000000000e+00,-1.000000000000000000e+00,-1.000000000000000000e+00,-1.000000000000000000e+00,-1.000000000000000000e+00,-1.000000000000000000e+00,-1.000000000000000000e+00,-1.000000000000000000e+00,-1.000000000000000000e+00,-1.000000000000000000e+00,-1.000000000000000000e+00,-1.000000000000000000e+00,-1.000000000000000000e+00,-1.000000000000000000e+00,-1.000000000000000000e+00,-1.000000000000000000e+00,-1.000000000000000000e+00,-1.000000000000000000e+00,-1.000000000000000000e+00,-1.000000000000000000e+00,-1.000000000000000000e+00,-1.000000000000000000e+00,-1.000000000000000000e+00,-1.000000000000000000e+00,-1.000000000000000000e+00,-1.000000000000000000e+00,-1.000000000000000000e+00
-1.000000000000000000e+00,-1.000000000000000000e+00,-1.000000000000000000e+00,-1.000000000000000000e+00,-1.000000000000000000e+00,-1.000000000000000000e+00,-1.000000000000000000e+00,-1.000000000000000000e+00,-1.000000000000000000e+00,-1.000000000000000000e+00,-1.000000000000000000e+00,-1.000000000000000000e+00,-1.000000000000000000e+00,-1.000000000000000000e+00,-1.000000000000000000e+00,-1.000000000000000000e+00,-1.000000000000000000e+00,-1.000000000000000000e+00,-1.000000000000000000e+00,-1.000000000000000000e+00,-1.000000000000000000e+00,-1.000000000000000000e+00,-1.000000000000000000e+00,-1.000000000000000000e+00,-1.000000000000000000e+00,-1.000000000000000000e+00,-1.000000000000000000e+00,-1.000000000000000000e+00,-1.000000000000000000e+00,-1.000000000000000000e+00,-1.000000000000000000e+00,-1.000000000000000000e+00,-1.000000000000000000e+00,-1.000000000000000000e+00,-1.000000000000000000e+00,-1.000000000000000000e+00,-1.000000000000000000e+00,-1.000000000000000000e+00,-1.000000000000000000e+00,-1.000000000000000000e+00,-1.000000000000000000e+00,-1.000000000000000000e+00,-1.000000000000000000e+00,-1.000000000000000000e+00,-1.000000000000000000e+00,-1.000000000000000000e+00,-9.543651173841700697e-01,-9.543851182390894472e-01,-9.544438304107686344e-01,-9.545366866670821349e-01,-9.546534730238195321e-01,-9.547733741554981224e-01,-9.548556998128485684e-01,-9.548234337920120662e-01,-9.545352763824613840e-01,-9.537401350400517286e-01,-9.520064468451704398e-01,-9.486181781296743054e-01,-9.424314771236741439e-01,-9.316933562634091004e-01,-9.138400309602241478e-01,-8.853216640520490399e-01,-8.415449739357088177e-01,-7.770825963101770650e-01,-6.863510796036824679e-01,-5.649630456714418436e-01,-4.118327784921863577e-01,-2.317734908335793431e-01,-3.779388819504325703e-02,1.481440414227537250e-01,2.971509798521507761e-01,3.795518793720051853e-01,3.795518793640735300e-01,2.971509798306282146e-01,1.481440413958079461e-01,-3.779388821944673627e-02,-2.317734908448106923e-01,-4.118327784820615678e-01,-5.649630456341163676e-01,-6.863510795334548664e-01,-7.770825962193408376e-01,-8.415449738326380436e-01,-8.853216639390948384e-01,-9.138400308403690220e-01,-9.316933561337040759e-01,-9.424314769794956970e-01,-9.486181779684879078e-01,-9.520064466485161914e-01,-9.537401347954616027e-01,-9.545352761168516276e-01,-9.548234334672172086e-01,-9.548556993489261124e-01,-9.547733736384402814e-01,-9.546534724166580999e-01,-9.545366860372436202e-01,-9.544438297608499600e-01,-9.543851175971609369e-01,-9.543651167299777027e-01,-1.000000000000000000e+00,-1.000000000000000000e+00,-1.000000000000000000e+00,-1.000000000000000000e+00,-1.000000000000000000e+00,-1.000000000000000000e+00,-1.000000000000000000e+00,-1.000000000000000000e+00,-1.000000000000000000e+00,-1.000000000000000000e+00,-1.000000000000000000e+00,-1.000000000000000000e+00,-1.000000000000000000e+00,-1.000000000000000000e+00,-1.000000000000000000e+00,-1.000000000000000000e+00,-1.000000000000000000e+00,-1.000000000000000000e+00,-1.000000000000000000e+00,-1.000000000000000000e+00,-1.000000000000000000e+00,-1.000000000000000000e+00,-1.000000000000000000e+00,-1.000000000000000000e+00,-1.000000000000000000e+00,-1.000000000000000000e+00,-1.000000000000000000e+00,-1.000000000000000000e+00,-1.000000000000000000e+00,-1.000000000000000000e+00,-1.000000000000000000e+00,-1.000000000000000000e+00,-1.000000000000000000e+00,-1.000000000000000000e+00,-1.000000000000000000e+00,-1.000000000000000000e+00,-1.000000000000000000e+00,-1.000000000000000000e+00,-1.000000000000000000e+00,-1.000000000000000000e+00,-1.000000000000000000e+00,-1.000000000000000000e+00,-1.000000000000000000e+00,-1.000000000000000000e+00,-1.000000000000000000e+00,-1.000000000000000000e+00
-1.000000000000000000e+00,-1.000000000000000000e+00,-1.000000000000000000e+00,-1.000000000000000000e+00,-1.000000000000000000e+00,-1.000000000000000000e+00,-1.000000000000000000e+00,-1.000000000000000000e+00,-1.000000000000000000e+00,-1.000000000000000000e+00,-1.000000000000000000e+00,-1.000000000000000000e+00,-1.000000000000000000e+00,-1.000000000000000000e+00,-1.000000000000000000e+00,-1.000000000000000000e+00,-1.000000000000000000e+00,-1.000000000000000000e+00,-1.000000000000000000e+00,-1.000000000000000000e+00,-1.000000000000000000e+00,-1.000000000000000000e+00,-1.000000000000000000e+00,-1.000000000000000000e+00,-1.000000000000000000e+00,-1.000000000000000000e+00,-1.000000000000000000e+00,-1.000000000000000000e+00,-1.000000000000000000e+00,-1.000000000000000000e+00,-1.000000000000000000e+00,-1.000000000000000000e+00,-1.000000000000000000e+00,-1.000000000000000000e+00,-1.000000000000000000e+00,-1.000000000000000000e+00,-1.000000000000000000e+00,-1.000000000000000000e+00,-1.000000000000000000e+00,-1.000000000000000000e+00,-1.000000000000000000e+00,-1.000000000000000000e+00,-1.000000000000000000e+00,-1.000000000000000000e+00,-1.000000000000000000e+00,-1.000000000000000000e+00,-9.543991546670593795e-01,-9.544191558319156110e-01,-9.544778690414624789e-01,-9.545707274207702042e-01,-9.546875177549614122e-01,-9.548074262281586178e-01,-9.548897656466259765e-01,-9.548575255691184038e-01,-9.545694168947451708e-01,-9.537743658324323581e-01,-9.520408415441773409e-01,-9.486528632462611910e-01,-9.424666628890198128e-01,-9.317293796670105266e-01,-9.138774114705309204e-01,-8.853611686327302888e-01,-8.415876811740966579e-01,-7.771299393572435044e-01,-6.864048355070908602e-01,-5.650252288027537428e-01,-4.119053968597369275e-01,-2.318581480467946099e-01,-3.789126871671466557e-02,1.480346900060947046e-01,2.970321878273454175e-01,3.794278979451644052e-01,3.794278979389638096e-01,2.970321878060209198e-01,1.480346899670252903e-01,-3.789126877164827878e-02,-2.318581481101136266e-01,-4.119053969149151229e-01,-5.650252288265472655e-01,-6.864048354824521248e-01,-7.771299392907387027e-01,-8.415876810741662606e-01,-8.853611685114577412e-01,-9.138774113348249184e-01,-9.317293795155505709e-01,-9.424666627206881309e-01,-9.486528630656864136e-01,-9.520408413466759923e-01,-9.537743655748428528e-01,-9.545694165787977914e-01,-9.548575252519686529e-01,-9.548897652440617723e-01,-9.548074257578631485e-01,-9.546875172217389460e-01,-9.545707268973951942e-01,-9.544778685084615022e-01,-9.544191552932073108e-01,-9.543991541050892424e-01,-1.000000000000000000e+00,-1.000000000000000000e+00,-1.000000000000000000e+00,-1.000000000000000000e+00,-1.000000000000000000e+00,-1.000000000000000000e+00,-1.000000000000000000e+00,-1.000000000000000000e+00,-1.000000000000000000e+00,-1.000000000000000000e+00,-1.000000000000000000e+00,-1.000000000000000000e+00,-1.000000000000000000e+00,-1.000000000000000000e+00,-1.000000000000000000e+00,-1.000000000000000000e+00,-1.000000000000000000e+00,-1.000000000000000000e+00,-1.000000000000000000e+00,-1.000000000000000000e+00,-1.000000000000000000e+00,-1.000000000000000000e+00,-1.000000000000000000e+00,-1.000000000000000000e+00,-1.000000000000000000e+00,-1.000000000000000000e+00,-1.000000000000000000e+00,-1.000000000000000000e+00,-1.000000000000000000e+00,-1.000000000000000000e+00,-1.000000000000000000e+00,-1.000000000000000000e+00,-1.000000000000000000e+00,-1.000000000000000000e+00,-1.000000000000000000e+00,-1.000000000000000000e+00,-1.000000000000000000e+00,-1.000000000000000000e+00,-1.000000000000000000e+00,-1.000000000000000000e+00,-1.000000000000000000e+00,-1.000000000000000000e+00,-1.000000000000000000e+00,-1.000000000000000000e+00,-1.000000000000000000e+00,-1.000000000000000000e+00
-1.000000000000000000e+00,-1.000000000000000000e+00,-1.000000000000000000e+00,-1.000000000000000000e+00,-1.000000000000000000e+00,-1.000000000000000000e+00,-1.000000000000000000e+00,-1.000000000000000000e+00,-1.000000000000000000e+00,-1.000000000000000000e+00,-1.000000000000000000e+00,-1.000000000000000000e+00,-1.000000000000000000e+00,-1.000000000000000000e+00,-1.000000000000000000e+00,-1.000000000000000000e+00,-1.000000000000000000e+00,-1.000000000000000000e+00,-1.000000000000000000e+00,-1.000000000000000000e+00,-1.000000000000000000e+00,-1.000000000000000000e+00,-1.000000000000000000e+00,-1.000000000000000000e+00,-1.000000000000000000e+00,-1.000000000000000000e+00,-1.000000000000000000e+00,-1.000000000000000000e+00,-1.000000000000000000e+00,-1.000000000000000000e+00,-1.000000000000000000e+00,-1.000000000000000000e+00,-1.000000000000000000e+00,-1.000000000000000000e+00,-1.000000000000000000e+00,-1.000000000000000000e+00,-1.000000000000000000e+00,-1.000000000000000000e+00,-1.000000000000000000e+00,-1.000000000000000000e+00,-1.000000000000000000e+00,-1.000000000000000000e+00,-1.000000000000000000e+00,-1.000000000000000000e+00,-1.000000000000000000e+00,-1.000000000000000000e+00,-9.544376689401785629e-01,-9.544576704884867313e-01,-9.545163849240008158e-01,-9.546092457318979818e-01,-9.547260405930482197e-01,-9.548459574469654321e-01,-9.549283125572340936e-01,-9.548961019958401852e-01,-9.546080486655901254e-01,-9.538131000460418063e-01,-9.520797616787981532e-01,-9.486921127214429372e-01,-9.425064800020982458e-01,-9.317701463632152015e-01,-9.139197164941984530e-01,-8.854058812070393358e-01,-8.416360236423219288e-01,-7.771835357796258448e-01,-6.864656994982869520e-01,-5.650956427058521081e-01,-4.119876355734681805e-01,-2.319540280342085037e-01,-3.800156487128214522e-02,1.479108307793703947e-01,2.968976327172445639e-01,3.792874634927765332e-01,3.792874634845830872e-01,2.968976326933978616e-01,1.479108307425451851e-01,-3.800156491278483539e-02,-2.319540280719554204e-01,-4.119876355962147629e-01,-5.650956427001411209e-01,-6.864656994595415007e-01,-7.771835357207701467e-01,-8.416360235725043326e-01,-8.854058811347639280e-01,-9.139197164120979044e-01,-9.317701462518725997e-01,-9.425064798503963726e-01,-9.486921125277032463e-01,-9.520797614749998417e-01,-9.538130998309813924e-01,-9.546080483723262677e-01,-9.548961016572558025e-01,-9.549283121738909585e-01,-9.548459570272432861e-01,-9.547260401342740899e-01,-9.546092452893762959e-01,-9.545163844699198208e-01,-9.544576700452030993e-01,-9.544376684875115480e-01,-1.000000000000000000e+00,-1.000000000000000000e+00,-1.000000000000000000e+00,-1.000000000000000000e+00,-1.000000000000000000e+00,-1.000000000000000000e+00,-1.000000000000000000e+00,-1.000000000000000000e+00,-1.000000000000000000e+00,-1.000000000000000000e+00,-1.000000000000000000e+00,-1.000000000000000000e+00,-1.000000000000000000e+00,-1.000000000000000000e+00,-1.000000000000000000e+00,-1.000000000000000000e+00,-1.000000000000000000e+00,-1.000000000000000000e+00,-1.000000000000000000e+00,-1.000000000000000000e+00,-1.000000000000000000e+00,-1.000000000000000000e+00,-1.000000000000000000e+00,-1.000000000000000000e+00,-1.000000000000000000e+00,-1.000000000000000000e+00,-1.000000000000000000e+00,-1.000000000000000000e+00,-1.000000000000000000e+00,-1.000000000000000000e+00,-1.000000000000000000e+00,-1.000000000000000000e+00,-1.000000000000000000e+00,-1.000000000000000000e+00,-1.000000000000000000e+00,-1.000000000000000000e+00,-1.000000000000000000e+00,-1.000000000000000000e+00,-1.000000000000000000e+00,-1.000000000000000000e+00,-1.000000000000000000e+00,-1.000000000000000000e+00,-1.000000000000000000e+00,-1.000000000000000000e+00,-1.000000000000000000e+00,-1.000000000000000000e+00
-1.000000000000000000e+00,-1.000000000000000000e+00,-1.000000000000000000e+00,-1.000000000000000000e+00,-1.000000000000000000e+00,-1.000000000000000000e+00,-1.000000000000000000e+00,-1.000000000000000000e+00,-1.000000000000000000e+00,-1.000000000000000000e+00,-1.000000000000000000e+00,-1.000000000000000000e+00,-1.000000000000000000e+00,-1.000000000000000000e+00,-1.000000000000000000e+00,-1.000000000000000000e+00,-1.000000000000000000e+00,-1.000000000000000000e+00,-1.000000000000000000e+00,-1.000000000000000000e+00,-1.000000000000000000e+00,-1.000000000000000000e+00,-1.000000000000000000e+00,-1.000000000000000000e+00,-1.000000000000000000e+00,-1.000000000000000000e+00,-1.000000000000000000e+00,-1.000000000000000000e+00,-1.000000000000000000e+00,-1.000000000000000000e+00,-1.000000000000000000e+00,-1.000000000000000000e+00,-1.000000000000000000e+00,-1.000000000000000000e+00,-1.000000000000000000e+00,-1.000000000000000000e+00,-1.000000000000000000e+00,-1.000000000000000000e+00,-1.000000000000000000e+00,-1.000000000000000000e+00,-1.000000000000000000e+00,-1.000000000000000000e+00,-1.000000000000000000e+00,-1.000000000000000000e+00,-1.000000000000000000e+00,-1.000000000000000000e+00,-9.544806370808603946e-01,-9.545006390526644680e-01,-9.545593548943822615e-01,-9.546522184959890245e-01,-9.547690184952539738e-01,-9.548889447938541108e-01,-9.549713175322086522e-01,-9.549391400921342088e-01,-9.546511487810249719e-01,-9.538563148376835166e-01,-9.521231844663878841e-01,-9.487359038336263817e-01,-9.425509058280762131e-01,-9.318156338469124611e-01,-9.139669236837869581e-01,-8.854557795703388301e-01,-8.416899792174955541e-01,-7.772433634357283072e-01,-6.865336492666220813e-01,-5.651742646873003650e-01,-4.120794712822655192e-01,-2.320611064717179595e-01,-3.812475107360446813e-02,1.477724907262552012e-01,2.967473427520419538e-01,3.791306049676794743e-01,3.791306049636899989e-01,2.967473427375180162e-01,1.477724906947479599e-01,-3.812475112260016452e-02,-2.320611065349296176e-01,-4.120794713481364946e-01,-5.651742647361204241e-01,-6.865336492820834913e-01,-7.772433634162488891e-01,-8.416899791634879779e-01,-8.854557794878827881e-01,-9.139669235775367273e-01,-9.318156337181143778e-01,-9.425509056872442004e-01,-9.487359036573584925e-01,-9.521231842428237169e-01,-9.538563146083366417e-01,-9.546511485231711225e-01,-9.549391397926267899e-01,-9.549713172029999919e-01,-9.548889444409851546e-01,-9.547690181065513482e-01,-9.546522181312148136e-01,-9.545593545323797224e-01,-9.545006387202211728e-01,-9.544806367412763670e-01,-1.000000000000000000e+00,-1.000000000000000000e+00,-1.000000000000000000e+00,-1.000000000000000000e+00,-1.000000000000000000e+00,-1.000000000000000000e+00,-1.000000000000000000e+00,-1.000000000000000000e+00,-1.000000000000000000e+00,-1.000000000000000000e+00,-1.000000000000000000e+00,-1.000000000000000000e+00,-1.000000000000000000e+00,-1.000000000000000000e+00,-1.000000000000000000e+00,-1.000000000000000000e+00,-1.000000000000000000e+00,-1.000000000000000000e+00,-1.000000000000000000e+00,-1.000000000000000000e+00,-1.000000000000000000e+00,-1.000000000000000000e+00,-1.000000000000000000e+00,-1.000000000000000000e+00,-1.000000000000000000e+00,-1.000000000000000000e+00,-1.000000000000000000e+00,-1.000000000000000000e+00,-1.000000000000000000e+00,-1.000000000000000000e+00,-1.000000000000000000e+00,-1.000000000000000000e+00,-1.000000000000000000e+00,-1.000000000000000000e+00,-1.000000000000000000e+00,-1.000000000000000000e+00,-1.000000000000000000e+00,-1.000000000000000000e+00,-1.000000000000000000e+00,-1.000000000000000000e+00,-1.000000000000000000e+00,-1.000000000000000000e+00,-1.000000000000000000e+00,-1.000000000000000000e+00,-1.000000000000000000e+00,-1.000000000000000000e+00
-1.000000000000000000e+00,-1.000000000000000000e+00,-1.000000000000000000e+00,-1.000000000000000000e+00,-1.000000000000000000e+00,-1.000000000000000000e+00,-1.000000000000000000e+00,-1.000000000000000000e+00,-1.000000000000000000e+00,-1.000000000000000000e+00,-1.000000000000000000e+00,-1.000000000000000000e+00,-1.000000000000000000e+00,-1.000000000000000000e+00,-1.000000000000000000e+00,-1.000000000000000000e+00,-1.000000000000000000e+00,-1.000000000000000000e+00,-1.000000000000000000e+00,-1.000000000000000000e+00,-1.000000000000000000e+00,-1.000000000000000000e+00,-1.000000000000000000e+00,-1.000000000000000000e+00,-1.000000000000000000e+00,-1.000000000000000000e+00,-1.000000000000000000e+00,-1.000000000000000000e+00,-1.000000000000000000e+00,-1.000000000000000000e+00,-1.000000000000000000e+00,-1.000000000000000000e+00,-1.000000000000000000e+00,-1.000000000000000000e+00,-1.000000000000000000e+00,-1.000000000000000000e+00,-1.000000000000000000e+00,-1.000000000000000000e+00,-1.000000000000000000e+00,-1.000000000000000000e+00,-1.000000000000000000e+00,-1.000000000000000000e+00,-1.000000000000000000e+00,-1.000000000000000000e+00,-1.000000000000000000e+00,-1.000000000000000000e+00,-9.545280332753020014e-01,-9.545480357183792064e-01,-9.546067531272504070e-01,-9.546996198651431786e-01,-9.548164256336012512e-01,-9.549363624987270427e-01,-9.550187548538003890e-01,-9.549866141692099353e-01,-9.546986915828330478e-01,-9.539039846029928604e-01,-9.521710843795891943e-01,-9.487842111401407763e-01,-9.425999149997607018e-01,-9.318658168217224258e-01,-9.140190078321341893e-01,-8.855108386361149053e-01,-8.417495229421541048e-01,-7.773093974470161038e-01,-6.866086598725422707e-01,-5.652610694920155998e-01,-4.121808780596492028e-01,-2.321793563620783152e-01,-3.826079891243516773e-02,1.476196998216388057e-01,2.965813492810460694e-01,3.789573544911017944e-01,3.789573544802276039e-01,2.965813492467161971e-01,1.476196997639513953e-01,-3.826079898445033933e-02,-2.321793564379843744e-01,-4.121808781246026898e-01,-5.652610695298579957e-01,-6.866086598772767058e-01,-7.773093974282712093e-01,-8.417495229108705734e-01,-8.855108385939991500e-01,-9.140190077698567839e-01,-9.318658167137436887e-01,-9.425999148533598104e-01,-9.487842109638485733e-01,-9.521710841524260172e-01,-9.539039843442715938e-01,-9.546986913092887495e-01,-9.549866138721629927e-01,-9.550187545268259415e-01,-9.549363621570491345e-01,-9.548164252703117416e-01,-9.546996195400930807e-01,-9.546067528082889941e-01,-9.545480354261879352e-01,-9.545280329720857715e-01,-1.000000000000000000e+00,-1.000000000000000000e+00,-1.000000000000000000e+00,-1.000000000000000000e+00,-1.000000000000000000e+00,-1.000000000000000000e+00,-1.000000000000000000e+00,-1.000000000000000000e+00,-1.000000000000000000e+00,-1.000000000000000000e+00,-1.000000000000000000e+00,-1.000000000000000000e+00,-1.000000000000000000e+00,-1.000000000000000000e+00,-1.000000000000000000e+00,-1.000000000000000000e+00,-1.000000000000000000e+00,-1.000000000000000000e+00,-1.000000000000000000e+00,-1.000000000000000000e+00,-1.000000000000000000e+00,-1.000000000000000000e+00,-1.000000000000000000e+00,-1.000000000000000000e+00,-1.000000000000000000e+00,-1.000000000000000000e+00,-1.000000000000000000e+00,-1.000000000000000000e+00,-1.000000000000000000e+00,-1.000000000000000000e+00,-1.000000000000000000e+00,-1.000000000000000000e+00,-1.000000000000000000e+00,-1.000000000000000000e+00,-1.000000000000000000e+00,-1.000000000000000000e+00,-1.000000000000000000e+00,-1.000000000000000000e+00,-1.000000000000000000e+00,-1.000000000000000000e+00,-1.000000000000000000e+00,-1.000000000000000000e+00,-1.000000000000000000e+00,-1.000000000000000000e+00,-1.000000000000000000e+00,-1.000000000000000000e+00
-1.000000000000000000e+00,-1.000000000000000000e+00,-1.000000000000000000e+00,-1.000000000000000000e+00,-1.000000000000000000e+00,-1.000000000000000000e+00,-1.000000000000000000e+00,-1.000000000000000000e+00,-1.000000000000000000e+00,-1.000000000000000000e+00,-1.000000000000000000e+00,-1.000000000000000000e+00,-1.000000000000000000e+00,-1.000000000000000000e+00,-1.000000000000000000e+00,-1.000000000000000000e+00,-1.000000000000000000e+00,-1.000000000000000000e+00,-1.000000000000000000e+00,-1.000000000000000000e+00,-1.000000000000000000e+00,-1.000000000000000000e+00,-1.000000000000000000e+00,-1.000000000000000000e+00,-1.000000000000000000e+00,-1.000000000000000000e+00,-1.000000000000000000e+00,-1.000000000000000000e+00,-1.000000000000000000e+00,-1.000000000000000000e+00,-1.000000000000000000e+00,-1.000000000000000000e+00,-1.000000000000000000e+00,-1.000000000000000000e+00,-1.000000000000000000e+00,-1.000000000000000000e+00,-1.000000000000000000e+00,-1.000000000000000000e+00,-1.000000000000000000e+00,-1.000000000000000000e+00,-1.000000000000000000e+00,-1.000000000000000000e+00,-1.000000000000000000e+00,-1.000000000000000000e+00,-1.000000000000000000e+00,-1.000000000000000000e+00,-9.545798287287513562e-01,-9.545998317206254580e-01,-9.546585509088199029e-01,-9.547514211541940909e-01,-9.548682333166255143e-01,-9.549881818653681576e-01,-9.550705958552409003e-01,-9.550384956121806823e-01,-9.547506485123056219e-01,-9.539560808407950843e-01,-9.522234329877335979e-01,-9.488370063156077450e-01,-9.426534793403210655e-01,-9.319206672884389198e-01,-9.140759411215068075e-01,-8.855710307500869183e-01,-8.418146272809841069e-01,-7.773816103083674989e-01,-6.866907036883778126e-01,-5.653560291257478942e-01,-4.122918271980422489e-01,-2.323087478712845266e-01,-3.840967704821263151e-02,1.474524911015349105e-01,2.963996868667275741e-01,3.787677475156245865e-01,3.787677475099713309e-01,2.963996868453850908e-01,1.474524910608723260e-01,-3.840967710609177743e-02,-2.323087479456064086e-01,-4.122918272810104368e-01,-5.653560292010113564e-01,-6.866907037408400694e-01,-7.773816103272037648e-01,-8.418146272617716974e-01,-8.855710306929646114e-01,-9.140759410406767982e-01,-9.319206671762756411e-01,-9.426534791910260447e-01,-9.488370061394222343e-01,-9.522234327776467611e-01,-9.539560805983932079e-01,-9.547506482457005506e-01,-9.550384953375964381e-01,-9.550705955529783520e-01,-9.549881815494142279e-01,-9.548682329657464107e-01,-9.547514208183586204e-01,-9.546585505707242403e-01,-9.545998314161593390e-01,-9.545798284261004518e-01,-1.000000000000000000e+00,-1.000000000000000000e+00,-1.000000000000000000e+00,-1.000000000000000000e+00,-1.000000000000000000e+00,-1.000000000000000000e+00,-1.000000000000000000e+00,-1.000000000000000000e+00,-1.000000000000000000e+00,-1.000000000000000000e+00,-1.000000000000000000e+00,-1.000000000000000000e+00,-1.000000000000000000e+00,-1.000000000000000000e+00,-1.000000000000000000e+00,-1.000000000000000000e+00,-1.000000000000000000e+00,-1.000000000000000000e+00,-1.000000000000000000e+00,-1.000000000000000000e+00,-1.000000000000000000e+00,-1.000000000000000000e+00,-1.000000000000000000e+00,-1.000000000000000000e+00,-1.000000000000000000e+00,-1.000000000000000000e+00,-1.000000000000000000e+00,-1.000000000000000000e+00,-1.000000000000000000e+00,-1.000000000000000000e+00,-1.000000000000000000e+00,-1.000000000000000000e+00,-1.000000000000000000e+00,-1.000000000000000000e+00,-1.000000000000000000e+00,-1.000000000000000000e+00,-1.000000000000000000e+00,-1.000000000000000000e+00,-1.000000000000000000e+00,-1.000000000000000000e+00,-1.000000000000000000e+00,-1.000000000000000000e+00,-1.000000000000000000e+00,-1.000000000000000000e+00,-1.000000000000000000e+00,-1.000000000000000000e+00
-1.000000000000000000e+00,-1.000000000000000000e+00,-1.000000000000000000e+00,-1.000000000000000000e+00,-1.000000000000000000e+00,-1.000000000000000000e+00,-1.000000000000000000e+00,-1.000000000000000000e+00,-1.000000000000000000e+00,-1.000000000000000000e+00,-1.000000000000000000e+00,-1.000000000000000000e+00,-1.000000000000000000e+00,-1.000000000000000000e+00,-1.000000000000000000e+00,-1.000000000000000000e+00,-1.000000000000000000e+00,-1.000000000000000000e+00,-1.000000000000000000e+00,-1.000000000000000000e+00,-1.000000000000000000e+00,-1.000000000000000000e+00,-1.000000000000000000e+00,-1.000000000000000000e+00,-1.000000000000000000e+00,-1.000000000000000000e+00,-1.000000000000000000e+00,-1.000000000000000000e+00,-1.000000000000000000e+00,-1.000000000000000000e+00,-1.000000000000000000e+00,-1.000000000000000000e+00,-1.000000000000000000e+00,-1.000000000000000000e+00,-1.000000000000000000e+00,-1.000000000000000000e+00,-1.000000000000000000e+00,-1.000000000000000000e+00,-1.000000000000000000e+00,-1.000000000000000000e+00,-1.000000000000000000e+00,-1.000000000000000000e+00,-1.000000000000000000e+00,-1.000000000000000000e+00,-1.000000000000000000e+00,-1.000000000000000000e+00,-9.546359917757538671e-01,-9.546559953689066624e-01,-9.547147165348967013e-01,-9.548075907014506036e-01,-9.549244099577458567e-01,-9.550443713705256688e-01,-9.551268090633590058e-01,-9.550947530002836805e-01,-9.548069882157167454e-01,-9.540125722817620613e-01,-9.522801991108679198e-01,-9.488942582659563030e-01,-9.427115678471389426e-01,-9.319801543613411843e-01,-9.141376928187514572e-01,-8.856363253582415496e-01,-8.418852618534227172e-01,-7.774599717391147413e-01,-6.867797503614044841e-01,-5.654591128766964792e-01,-4.124122872334630152e-01,-2.324492483346698446e-01,-3.857135122055499465e-02,1.472709006028432022e-01,2.962023931179535996e-01,3.785618225337796794e-01,3.785618225127720393e-01,2.962023930552208917e-01,1.472709005068781885e-01,-3.857135133269018468e-02,-2.324492484468925202e-01,-4.124122873311832915e-01,-5.654591129469019872e-01,-6.867797504037540524e-01,-7.774599717588879244e-01,-8.418852618536034615e-01,-8.856363253250829626e-01,-9.141376927470951097e-01,-9.319801542488447277e-01,-9.427115676974120451e-01,-9.488942580901285062e-01,-9.522801989000656553e-01,-9.540125720510018725e-01,-9.548069879581586594e-01,-9.550947527378809143e-01,-9.551268087681161756e-01,-9.550443710595936109e-01,-9.549244096112751157e-01,-9.548075903694819289e-01,-9.547147162148130750e-01,-9.546559950778342740e-01,-9.546359914820414794e-01,-1.000000000000000000e+00,-1.000000000000000000e+00,-1.000000000000000000e+00,-1.000000000000000000e+00,-1.000000000000000000e+00,-1.000000000000000000e+00,-1.000000000000000000e+00,-1.000000000000000000e+00,-1.000000000000000000e+00,-1.000000000000000000e+00,-1.000000000000000000e+00,-1.000000000000000000e+00,-1.000000000000000000e+00,-1.000000000000000000e+00,-1.000000000000000000e+00,-1.000000000000000000e+00,-1.000000000000000000e+00,-1.000000000000000000e+00,-1.000000000000000000e+00,-1.000000000000000000e+00,-1.000000000000000000e+00,-1.000000000000000000e+00,-1.000000000000000000e+00,-1.000000000000000000e+00,-1.000000000000000000e+00,-1.000000000000000000e+00,-1.000000000000000000e+00,-1.000000000000000000e+00,-1.000000000000000000e+00,-1.000000000000000000e+00,-1.000000000000000000e+00,-1.000000000000000000e+00,-1.000000000000000000e+00,-1.000000000000000000e+00,-1.000000000000000000e+00,-1.000000000000000000e+00,-1.000000000000000000e+00,-1.000000000000000000e+00,-1.000000000000000000e+00,-1.000000000000000000e+00,-1.000000000000000000e+00,-1.000000000000000000e+00,-1.000000000000000000e+00,-1.000000000000000000e+00,-1.000000000000000000e+00,-1.000000000000000000e+00
-1.000000000000000000e+00,-1.000000000000000000e+00,-1.000000000000000000e+00,-1.000000000000000000e+00,-1.000000000000000000e+00,-1.000000000000000000e+00,-1.000000000000000000e+00,-1.000000000000000000e+00,-1.000000000000000000e+00,-1.000000000000000000e+00,-1.000000000000000000e+00,-1.000000000000000000e+00,-1.000000000000000000e+00,-1.000000000000000000e+00,-1.000000000000000000e+00,-1.000000000000000000e+00,-1.000000000000000000e+00,-1.000000000000000000e+00,-1.000000000000000000e+00,-1.000000000000000000e+00,-1.000000000000000000e+00,-1.000000000000000000e+00,-1.000000000000000000e+00,-1.000000000000000000e+00,-1.000000000000000000e+00,-1.000000000000000000e+00,-1.000000000000000000e+00,-1.000000000000000000e+00,-1.000000000000000000e+00,-1.000000000000000000e+00,-1.000000000000000000e+00,-1.000000000000000000e+00,-1.000000000000000000e+00,-1.000000000000000000e+00,-1.000000000000000000e+00,-1.000000000000000000e+00,-1.000000000000000000e+00,-1.000000000000000000e+00,-1.000000000000000000e+00,-1.000000000000000000e+00,-1.000000000000000000e+00,-1.000000000000000000e+00,-1.000000000000000000e+00,-1.000000000000000000e+00,-1.000000000000000000e+00,-1.000000000000000000e+00,-9.546964879121698777e-01,-9.547164921777893110e-01,-9.547752155273582231e-01,-9.548680940071860856e-01,-9.549849210524474774e-01,-9.551048965350745767e-01,-9.551873600454067192e-01,-9.551553519523441338e-01,-9.548676763594993178e-01,-9.540734246462666546e-01,-9.523413485485396901e-01,-9.489559329048283809e-01,-9.427741465799995835e-01,-9.320442442730711985e-01,-9.142042293511183360e-01,-8.857066890905962442e-01,-8.419613934750592721e-01,-7.775444486721666548e-01,-6.868757667853344628e-01,-5.655702873194062841e-01,-4.125422240113343353e-01,-2.326008223761505400e-01,-3.874578437295350675e-02,1.470749673044358108e-01,2.959895087561013050e-01,3.783396212923149093e-01,3.783396212781324763e-01,2.959895087133059821e-01,1.470749672351894244e-01,-3.874578446263232667e-02,-2.326008224800513169e-01,-4.125422241223487552e-01,-5.655702874183107243e-01,-6.868757668532712302e-01,-7.775444486973355218e-01,-8.419613934618332962e-01,-8.857066890456551933e-01,-9.142042292804127834e-01,-9.320442441698003622e-01,-9.427741464303811547e-01,-9.489559327313031867e-01,-9.523413483341249819e-01,-9.540734244113990847e-01,-9.548676760970712385e-01,-9.551553516790149967e-01,-9.551873597366314916e-01,-9.551048962087614891e-01,-9.549849206917313538e-01,-9.548680936483324722e-01,-9.547752151753454708e-01,-9.547164918390965704e-01,-9.546964875680941098e-01,-1.000000000000000000e+00,-1.000000000000000000e+00,-1.000000000000000000e+00,-1.000000000000000000e+00,-1.000000000000000000e+00,-1.000000000000000000e+00,-1.000000000000000000e+00,-1.000000000000000000e+00,-1.000000000000000000e+00,-1.000000000000000000e+00,-1.000000000000000000e+00,-1.000000000000000000e+00,-1.000000000000000000e+00,-1.000000000000000000e+00,-1.000000000000000000e+00,-1.000000000000000000e+00,-1.000000000000000000e+00,-1.000000000000000000e+00,-1.000000000000000000e+00,-1.000000000000000000e+00,-1.000000000000000000e+00,-1.000000000000000000e+00,-1.000000000000000000e+00,-1.000000000000000000e+00,-1.000000000000000000e+00,-1.000000000000000000e+00,-1.000000000000000000e+00,-1.000000000000000000e+00,-1.000000000000000000e+00,-1.000000000000000000e+00,-1.000000000000000000e+00,-1.000000000000000000e+00,-1.000000000000000000e+00,-1.000000000000000000e+00,-1.000000000000000000e+00,-1.000000000000000000e+00,-1.000000000000000000e+00,-1.000000000000000000e+00,-1.000000000000000000e+00,-1.000000000000000000e+00,-1.000000000000000000e+00,-1.000000000000000000e+00,-1.000000000000000000e+00,-1.000000000000000000e+00,-1.000000000000000000e+00,-1.000000000000000000e+00
-1.000000000000000000e+00,-1.000000000000000000e+00,-1.000000000000000000e+00,-1.000000000000000000e+00,-1.000000000000000000e+00,-1.000000000000000000e+00,-1.000000000000000000e+00,-1.000000000000000000e+00,-1.000000000000000000e+00,-1.000000000000000000e+00,-1.000000000000000000e+00,-1.000000000000000000e+00,-1.000000000000000000e+00,-1.000000000000000000e+00,-1.000000000000000000e+00,-1.000000000000000000e+00,-1.000000000000000000e+00,-1.000000000000000000e+00,-1.000000000000000000e+00,-1.000000000000000000e+00,-1.000000000000000000e+00,-1.000000000000000000e+00,-1.000000000000000000e+00,-1.000000000000000000e+00,-1.000000000000000000e+00,-1.000000000000000000e+00,-1.000000000000000000e+00,-1.000000000000000000e+00,-1.000000000000000000e+00,-1.000000000000000000e+00,-1.000000000000000000e+00,-1.000000000000000000e+00,-1.000000000000000000e+00,-1.000000000000000000e+00,-1.000000000000000000e+00,-1.000000000000000000e+00,-1.000000000000000000e+00,-1.000000000000000000e+00,-1.000000000000000000e+00,-1.000000000000000000e+00,-1.000000000000000000e+00,-1.000000000000000000e+00,-1.000000000000000000e+00,-1.000000000000000000e+00,-1.000000000000000000e+00,-1.000000000000000000e+00,-9.547612794045317042e-01,-9.547812844229964790e-01,-9.548400101975008658e-01,-9.549328934263660029e-01,-9.550497289874115836e-01,-9.551697197662207817e-01,-9.552522112342226590e-01,-9.552202549495720785e-01,-9.549326754998180844e-01,-9.541386005810459370e-01,-9.524068440467987617e-01,-9.490219930915027025e-01,-9.428411785375004905e-01,-9.321129001973615935e-01,-9.142755141085022741e-01,-8.857820855821746386e-01,-8.420429860165576930e-01,-7.776350051337438396e-01,-6.869787169592727061e-01,-5.656895161168380426e-01,-4.126816004236866231e-01,-2.327634316117119795e-01,-3.893293639016826013e-02,1.468647332791832572e-01,2.957610776000687558e-01,3.781011885875158463e-01,3.781011885554683705e-01,2.957610775106493950e-01,1.468647331511228060e-01,-3.893293652978746522e-02,-2.327634317397248020e-01,-4.126816005302481605e-01,-5.656895161972460562e-01,-6.869787170162127143e-01,-7.776350051646365724e-01,-8.420429860109664988e-01,-8.857820855279813221e-01,-9.142755140154749105e-01,-9.321129000974835987e-01,-9.428411784039503196e-01,-9.490219929417726963e-01,-9.524068438638640943e-01,-9.541386003678166139e-01,-9.549326752601050572e-01,-9.552202546879553502e-01,-9.552522109308967391e-01,-9.551697194279603620e-01,-9.550497286087791249e-01,-9.549328930366882684e-01,-9.548400098168531303e-01,-9.547812840503998588e-01,-9.547612790269648375e-01,-1.000000000000000000e+00,-1.000000000000000000e+00,-1.000000000000000000e+00,-1.000000000000000000e+00,-1.000000000000000000e+00,-1.000000000000000000e+00,-1.000000000000000000e+00,-1.000000000000000000e+00,-1.000000000000000000e+00,-1.000000000000000000e+00,-1.000000000000000000e+00,-1.000000000000000000e+00,-1.000000000000000000e+00,-1.000000000000000000e+00,-1.000000000000000000e+00,-1.000000000000000000e+00,-1.000000000000000000e+00,-1.000000000000000000e+00,-1.000000000000000000e+00,-1.000000000000000000e+00,-1.000000000000000000e+00,-1.000000000000000000e+00,-1.000000000000000000e+00,-1.000000000000000000e+00,-1.000000000000000000e+00,-1.000000000000000000e+00,-1.000000000000000000e+00,-1.000000000000000000e+00,-1.000000000000000000e+00,-1.000000000000000000e+00,-1.000000000000000000e+00,-1.000000000000000000e+00,-1.000000000000000000e+00,-1.000000000000000000e+00,-1.000000000000000000e+00,-1.000000000000000000e+00,-1.000000000000000000e+00,-1.000000000000000000e+00,-1.000000000000000000e+00,-1.000000000000000000e+00,-1.000000000000000000e+00,-1.000000000000000000e+00,-1.000000000000000000e+00,-1.000000000000000000e+00,-1.000000000000000000e+00,-1.000000000000000000e+00
-1.000000000000000000e+00,-1.000000000000000000e+00,-1.000000000000000000e+00,-1.000000000000000000e+00,-1.000000000000000000e+00,-1.000000000000000000e+00,-1.000000000000000000e+00,-1.000000000000000000e+00,-1.000000000000000000e+00,-1.000000000000000000e+00,-1.000000000000000000e+00,-1.000000000000000000e+00,-1.000000000000000000e+00,-1.000000000000000000e+00,-1.000000000000000000e+00,-1.000000000000000000e+00,-1.000000000000000000e+00,-1.000000000000000000e+00,-1.000000000000000000e+00,-1.000000000000000000e+00,-1.000000000000000000e+00,-1.000000000000000000e+00,-1.000000000000000000e+00,-1.000000000000000000e+00,-1.000000000000000000e+00,-1.000000000000000000e+00,-1.000000000000000000e+00,-1.000000000000000000e+00,-1.000000000000000000e+00,-1.000000000000000000e+00,-1.000000000000000000e+00,-1.000000000000000000e+00,-1.000000000000000000e+00,-1.000000000000000000e+00,-1.000000000000000000e+00,-1.000000000000000000e+00,-1.000000000000000000e+00,-1.000000000000000000e+00,-1.000000000000000000e+00,-1.000000000000000000e+00,-1.000000000000000000e+00,-1.000000000000000000e+00,-1.000000000000000000e+00,-1.000000000000000000e+00,-1.000000000000000000e+00,-1.000000000000000000e+00,-9.548303254300596343e-01,-9.548503312641155594e-01,-9.549090596839562295e-01,-9.550019480983744646e-01,-9.551187929366524720e-01,-9.552388002977408865e-01,-9.553213219281659896e-01,-9.552894213446818661e-01,-9.550019450408219202e-01,-9.542080595523372288e-01,-9.524766451555449764e-01,-9.490923984858405937e-01,-9.429126235216127583e-01,-9.321860821139761333e-01,-9.143515072863377391e-01,-8.858624752782208178e-01,-8.421300001849724159e-01,-7.777316020470924629e-01,-6.870885618713564735e-01,-5.658167600272294706e-01,-4.128303765484558907e-01,-2.329370348823646131e-01,-3.913276434898371736e-02,1.466402435119589232e-01,2.955171465326362767e-01,3.778465724290882566e-01,3.778465724131487846e-01,2.955171464837529349e-01,1.466402434297793267e-01,-3.913276445754265698e-02,-2.329370350051458427e-01,-4.128303766636216565e-01,-5.658167601071234509e-01,-6.870885619036042335e-01,-7.777316020426443544e-01,-8.421300001709133287e-01,-8.858624752539747682e-01,-9.143515072094500207e-01,-9.321860820189163954e-01,-9.429126233954926439e-01,-9.490923983319144996e-01,-9.524766449783754751e-01,-9.542080593342125994e-01,-9.550019447988145060e-01,-9.552894210683211540e-01,-9.553213216119990081e-01,-9.552387999422307097e-01,-9.551187925557813596e-01,-9.550019477087224873e-01,-9.549090593076150491e-01,-9.548503308846210125e-01,-9.548303250385651308e-01,-1.000000000000000000e+00,-1.000000000000000000e+00,-1.000000000000000000e+00,-1.000000000000000000e+00,-1.000000000000000000e+00,-1.000000000000000000e+00,-1.000000000000000000e+00,-1.000000000000000000e+00,-1.000000000000000000e+00,-1.000000000000000000e+00,-1.000000000000000000e+00,-1.000000000000000000e+00,-1.000000000000000000e+00,-1.000000000000000000e+00,-1.000000000000000000e+00,-1.000000000000000000e+00,-1.000000000000000000e+00,-1.000000000000000000e+00,-1.000000000000000000e+00,-1.000000000000000000e+00,-1.000000000000000000e+00,-1.000000000000000000e+00,-1.000000000000000000e+00,-1.000000000000000000e+00,-1.000000000000000000e+00,-1.000000000000000000e+00,-1.000000000000000000e+00,-1.000000000000000000e+00,-1.000000000000000000e+00,-1.000000000000000000e+00,-1.000000000000000000e+00,-1.000000000000000000e+00,-1.000000000000000000e+00,-1.000000000000000000e+00,-1.000000000000000000e+00,-1.000000000000000000e+00,-1.000000000000000000e+00,-1.000000000000000000e+00,-1.000000000000000000e+00,-1.000000000000000000e+00,-1.000000000000000000e+00,-1.000000000000000000e+00,-1.000000000000000000e+00,-1.000000000000000000e+00,-1.000000000000000000e+00,-1.000000000000000000e+00
-1.000000000000000000e+00,-1.000000000000000000e+00,-1.000000000000000000e+00,-1.000000000000000000e+00,-1.000000000000000000e+00,-1.000000000000000000e+00,-1.000000000000000000e+00,-1.000000000000000000e+00,-1.000000000000000000e+00,-1.000000000000000000e+00,-1.000000000000000000e+00,-1.000000000000000000e+00,-1.000000000000000000e+00,-1.000000000000000000e+00,-1.000000000000000000e+00,-1.000000000000000000e+00,-1.000000000000000000e+00,-1.000000000000000000e+00,-1.000000000000000000e+00,-1.000000000000000000e+00,-1.000000000000000000e+00,-1.000000000000000000e+00,-1.000000000000000000e+00,-1.000000000000000000e+00,-1.000000000000000000e+00,-1.000000000000000000e+00,-1.000000000000000000e+00,-1.000000000000000000e+00,-1.000000000000000000e+00,-1.000000000000000000e+00,-1.000000000000000000e+00,-1.000000000000000000e+00,-1.000000000000000000e+00,-1.000000000000000000e+00,-1.000000000000000000e+00,-1.000000000000000000e+00,-1.000000000000000000e+00,-1.000000000000000000e+00,-1.000000000000000000e+00,-1.000000000000000000e+00,-1.000000000000000000e+00,-1.000000000000000000e+00,-1.000000000000000000e+00,-1.000000000000000000e+00,-1.000000000000000000e+00,-1.000000000000000000e+00,-9.549035817652903324e-01,-9.549235885046257755e-01,-9.549823198283158288e-01,-9.550752138747924391e-01,-9.551920687304091828e-01,-9.553120939288286539e-01,-9.553946479151292914e-01,-9.553628069415881496e-01,-9.550754408274418905e-01,-9.542817574665283242e-01,-9.525507078679523731e-01,-9.491671052003699538e-01,-9.429884378082814544e-01,-9.322637465174625770e-01,-9.144321656555943756e-01,-8.859478152696408371e-01,-8.422223933953468800e-01,-7.778341970864572907e-01,-6.872052592780036884e-01,-5.659519765685412374e-01,-4.129885092000634694e-01,-2.331215877394254843e-01,-3.934522201831114341e-02,1.464015462885599472e-01,2.952577656916590687e-01,3.775758239883493239e-01,3.775758239647999392e-01,2.952577656258492667e-01,1.464015461947183461e-01,-3.934522211999269548e-02,-2.331215878389621965e-01,-4.129885092914656886e-01,-5.659519766456595491e-01,-6.872052593235054019e-01,-7.778341970717573828e-01,-8.422223933295893694e-01,-8.859478152125793704e-01,-9.144321655770645263e-01,-9.322637464228982207e-01,-9.429884377053213695e-01,-9.491671050640442253e-01,-9.525507077185089155e-01,-9.542817572683937044e-01,-9.550754406075101510e-01,-9.553628066729832335e-01,-9.553946476027492807e-01,-9.553120935564836103e-01,-9.551920683198590334e-01,-9.550752134306798036e-01,-9.549823193901665341e-01,-9.549235880646519403e-01,-9.549035813177573218e-01,-1.000000000000000000e+00,-1.000000000000000000e+00,-1.000000000000000000e+00,-1.000000000000000000e+00,-1.000000000000000000e+00,-1.000000000000000000e+00,-1.000000000000000000e+00,-1.000000000000000000e+00,-1.000000000000000000e+00,-1.000000000000000000e+00,-1.000000000000000000e+00,-1.000000000000000000e+00,-1.000000000000000000e+00,-1.000000000000000000e+00,-1.000000000000000000e+00,-1.000000000000000000e+00,-1.000000000000000000e+00,-1.000000000000000000e+00,-1.000000000000000000e+00,-1.000000000000000000e+00,-1.000000000000000000e+00,-1.000000000000000000e+00,-1.000000000000000000e+00,-1.000000000000000000e+00,-1.000000000000000000e+00,-1.000000000000000000e+00,-1.000000000000000000e+00,-1.000000000000000000e+00,-1.000000000000000000e+00,-1.000000000000000000e+00,-1.000000000000000000e+00,-1.000000000000000000e+00,-1.000000000000000000e+00,-1.000000000000000000e+00,-1.000000000000000000e+00,-1.000000000000000000e+00,-1.000000000000000000e+00,-1.000000000000000000e+00,-1.000000000000000000e+00,-1.000000000000000000e+00,-1.000000000000000000e+00,-1.000000000000000000e+00,-1.000000000000000000e+00,-1.000000000000000000e+00,-1.000000000000000000e+00,-1.000000000000000000e+00
-1.000000000000000000e+00,-1.000000000000000000e+00,-1.000000000000000000e+00,-1.000000000000000000e+00,-1.000000000000000000e+00,-1.000000000000000000e+00,-1.000000000000000000e+00,-1.000000000000000000e+00,-1.000000000000000000e+00,-1.000000000000000000e+00,-1.000000000000000000e+00,-1.000000000000000000e+00,-1.000000000000000000e+00,-1.000000000000000000e+00,-1.000000000000000000e+00,-1.000000000000000000e+00,-1.000000000000000000e+00,-1.000000000000000000e+00,-1.000000000000000000e+00,-1.000000000000000000e+00,-1.000000000000000000e+00,-1.000000000000000000e+00,-1.000000000000000000e+00,-1.000000000000000000e+00,-1.000000000000000000e+00,-1.000000000000000000e+00,-1.000000000000000000e+00,-1.000000000000000000e+00,-1.000000000000000000e+00,-1.000000000000000000e+00,-1.000000000000000000e+00,-1.000000000000000000e+00,-1.000000000000000000e+00,-1.000000000000000000e+00,-1.000000000000000000e+00,-1.000000000000000000e+00,-1.000000000000000000e+00,-1.000000000000000000e+00,-1.000000000000000000e+00,-1.000000000000000000e+00,-1.000000000000000000e+00,-1.000000000000000000e+00,-1.000000000000000000e+00,-1.000000000000000000e+00,-1.000000000000000000e+00,-1.000000000000000000e+00,-9.549810003854879437e-01,-9.550010080936577328e-01,-9.550597425493364545e-01,-9.551526426848169216e-01,-9.552695083406012033e-01,-9.553895526764559776e-01,-9.554721412466093966e-01,-9.554403638172829227e-01,-9.551531149663176068e-01,-9.543596464730462747e-01,-9.526289844004023344e-01,-9.492460655524326274e-01,-9.430685738578126198e-01,-9.323458460617769505e-01,-9.145174421243058571e-01,-8.860380587828893262e-01,-8.423201192344929034e-01,-7.779427441830457646e-01,-6.873287633284744791e-01,-5.660951198175063759e-01,-4.131559519126628555e-01,-2.333170425717788765e-01,-3.957026004177988110e-02,1.461486930774500426e-01,2.949829885288841602e-01,3.772889979016971207e-01,3.772889978966114111e-01,2.949829885083106173e-01,1.461486930311048926e-01,-3.957026010960817963e-02,-2.333170426419067800e-01,-4.131559519556472493e-01,-5.660951198250864236e-01,-6.873287633262950003e-01,-7.779427441841432200e-01,-8.423201191936287024e-01,-8.860380587272876918e-01,-9.145174420629598178e-01,-9.323458459688127586e-01,-9.430685737634741939e-01,-9.492460654219662120e-01,-9.526289842635425886e-01,-9.543596462853264351e-01,-9.551531147592704496e-01,-9.554403635528286864e-01,-9.554721409387209041e-01,-9.553895523020889957e-01,-9.552695079383795029e-01,-9.551526422559153406e-01,-9.550597421376699758e-01,-9.550010076808430615e-01,-9.549809999621063916e-01,-1.000000000000000000e+00,-1.000000000000000000e+00,-1.000000000000000000e+00,-1.000000000000000000e+00,-1.000000000000000000e+00,-1.000000000000000000e+00,-1.000000000000000000e+00,-1.000000000000000000e+00,-1.000000000000000000e+00,-1.000000000000000000e+00,-1.000000000000000000e+00,-1.000000000000000000e+00,-1.000000000000000000e+00,-1.000000000000000000e+00,-1.000000000000000000e+00,-1.000000000000000000e+00,-1.000000000000000000e+00,-1.000000000000000000e+00,-1.000000000000000000e+00,-1.000000000000000000e+00,-1.000000000000000000e+00,-1.000000000000000000e+00,-1.000000000000000000e+00,-1.000000000000000000e+00,-1.000000000000000000e+00,-1.000000000000000000e+00,-1.000000000000000000e+00,-1.000000000000000000e+00,-1.000000000000000000e+00,-1.000000000000000000e+00,-1.000000000000000000e+00,-1.000000000000000000e+00,-1.000000000000000000e+00,-1.000000000000000000e+00,-1.000000000000000000e+00,-1.000000000000000000e+00,-1.000000000000000000e+00,-1.000000000000000000e+00,-1.000000000000000000e+00,-1.000000000000000000e+00,-1.000000000000000000e+00,-1.000000000000000000e+00,-1.000000000000000000e+00,-1.000000000000000000e+00,-1.000000000000000000e+00,-1.000000000000000000e+00
-1.000000000000000000e+00,-1.000000000000000000e+00,-1.000000000000000000e+00,-1.000000000000000000e+00,-1.000000000000000000e+00,-1.000000000000000000e+00,-1.000000000000000000e+00,-1.000000000000000000e+00,-1.000000000000000000e+00,-1.000000000000000000e+00,-1.000000000000000000e+00,-1.000000000000000000e+00,-1.000000000000000000e+00,-1.000000000000000000e+00,-1.000000000000000000e+00,-1.000000000000000000e+00,-1.000000000000000000e+00,-1.000000000000000000e+00,-1.000000000000000000e+00,-1.000000000000000000e+00,-1.000000000000000000e+00,-1.000000000000000000e+00,-1.000000000000000000e+00,-1.000000000000000000e+00,-1.000000000000000000e+00,-1.000000000000000000e+00,-1.000000000000000000e+00,-1.000000000000000000e+00,-1.000000000000000000e+00,-1.000000000000000000e+00,-1.000000000000000000e+00,-1.000000000000000000e+00,-1.000000000000000000e+00,-1.000000000000000000e+00,-1.000000000000000000e+00,-1.000000000000000000e+00,-1.000000000000000000e+00,-1.000000000000000000e+00,-1.000000000000000000e+00,-1.000000000000000000e+00,-1.000000000000000000e+00,-1.000000000000000000e+00,-1.000000000000000000e+00,-1.000000000000000000e+00,-1.000000000000000000e+00,-1.000000000000000000e+00,-9.550625293780635738e-01,-9.550825381336246478e-01,-9.551412759504884775e-01,-9.552341825842207701e-01,-9.553510597508775293e-01,-9.554711244521154612e-01,-9.555537497751220855e-01,-9.555220397785886277e-01,-9.552349152357323403e-01,-9.544416743435807371e-01,-9.527114225494928146e-01,-9.493292274130267216e-01,-9.431529796870479210e-01,-9.324323289978524443e-01,-9.146072852689393073e-01,-8.861331548019087956e-01,-8.424231271373924246e-01,-7.780571931896849147e-01,-6.874590241436516758e-01,-5.662461398540544755e-01,-4.133326542455401098e-01,-2.335233478240735794e-01,-3.980782517496062045e-02,1.458817391457163382e-01,2.946928721722223976e-01,3.769861523479314247e-01,3.769861523530959602e-01,2.946928721861812317e-01,1.458817391563536070e-01,-3.980782518335534981e-02,-2.335233478625312609e-01,-4.133326543011419663e-01,-5.662461398772599130e-01,-6.874590241005068547e-01,-7.780571931398548857e-01,-8.424231270829055651e-01,-8.861331547219869487e-01,-9.146072852051558844e-01,-9.324323289082877553e-01,-9.431529796034880953e-01,-9.493292273001188164e-01,-9.527114224286772348e-01,-9.544416741678573013e-01,-9.552349150372314579e-01,-9.555220395189647498e-01,-9.555537494716684899e-01,-9.554711240724381716e-01,-9.553510593360693415e-01,-9.552341821269255684e-01,-9.551412754967490981e-01,-9.550825376773397490e-01,-9.550625289132911311e-01,-1.000000000000000000e+00,-1.000000000000000000e+00,-1.000000000000000000e+00,-1.000000000000000000e+00,-1.000000000000000000e+00,-1.000000000000000000e+00,-1.000000000000000000e+00,-1.000000000000000000e+00,-1.000000000000000000e+00,-1.000000000000000000e+00,-1.000000000000000000e+00,-1.000000000000000000e+00,-1.000000000000000000e+00,-1.000000000000000000e+00,-1.000000000000000000e+00,-1.000000000000000000e+00,-1.000000000000000000e+00,-1.000000000000000000e+00,-1.000000000000000000e+00,-1.000000000000000000e+00,-1.000000000000000000e+00,-1.000000000000000000e+00,-1.000000000000000000e+00,-1.000000000000000000e+00,-1.000000000000000000e+00,-1.000000000000000000e+00,-1.000000000000000000e+00,-1.000000000000000000e+00,-1.000000000000000000e+00,-1.000000000000000000e+00,-1.000000000000000000e+00,-1.000000000000000000e+00,-1.000000000000000000e+00,-1.000000000000000000e+00,-1.000000000000000000e+00,-1.000000000000000000e+00,-1.000000000000000000e+00,-1.000000000000000000e+00,-1.000000000000000000e+00,-1.000000000000000000e+00,-1.000000000000000000e+00,-1.000000000000000000e+00,-1.000000000000000000e+00,-1.000000000000000000e+00,-1.000000000000000000e+00,-1.000000000000000000e+00
-1.000000000000000000e+00,-1.000000000000000000e+00,-1.000000000000000000e+00,-1.000000000000000000e+00,-1.000000000000000000e+00,-1.000000000000000000e+00,-1.000000000000000000e+00,-1.000000000000000000e+00,-1.000000000000000000e+00,-1.000000000000000000e+00,-1.000000000000000000e+00,-1.000000000000000000e+00,-1.000000000000000000e+00,-1.000000000000000000e+00,-1.000000000000000000e+00,-1.000000000000000000e+00,-1.000000000000000000e+00,-1.000000000000000000e+00,-1.000000000000000000e+00,-1.000000000000000000e+00,-1.000000000000000000e+00,-1.000000000000000000e+00,-1.000000000000000000e+00,-1.000000000000000000e+00,-1.000000000000000000e+00,-1.000000000000000000e+00,-1.000000000000000000e+00,-1.000000000000000000e+00,-1.000000000000000000e+00,-1.000000000000000000e+00,-1.000000000000000000e+00,-1.000000000000000000e+00,-1.000000000000000000e+00,-1.000000000000000000e+00,-1.000000000000000000e+00,-1.000000000000000000e+00,-1.000000000000000000e+00,-1.000000000000000000e+00,-1.000000000000000000e+00,-1.000000000000000000e+00,-1.000000000000000000e+00,-1.000000000000000000e+00,-1.000000000000000000e+00,-1.000000000000000000e+00,-1.000000000000000000e+00,-1.000000000000000000e+00,-9.551481119564378952e-01,-9.551681218138513563e-01,-9.552268631803982890e-01,-9.553197766852111750e-01,-9.554366660257352928e-01,-9.555567522523279456e-01,-9.556394164155280757e-01,-9.556077776559218639e-01,-9.553207843931059706e-01,-9.545277837906538387e-01,-9.527979650228147745e-01,-9.494165335342603651e-01,-9.432415981555606344e-01,-9.325231383771428462e-01,-9.147016384347559370e-01,-8.862330470768690072e-01,-8.425313613584867189e-01,-7.781774889038269860e-01,-6.875959869836311134e-01,-5.664049821426834219e-01,-4.135185613949523553e-01,-2.337404477797279112e-01,-4.005786011518785994e-02,1.456007438366844209e-01,2.943874779333834901e-01,3.766673497990162822e-01,3.766673497962100825e-01,2.943874779298427669e-01,1.456007438412236787e-01,-4.005786008777700857e-02,-2.337404477211936227e-01,-4.135185613396977766e-01,-5.664049821237522320e-01,-6.875959869432041183e-01,-7.781774888398642620e-01,-8.425313613176697025e-01,-8.862330470103758628e-01,-9.147016383830303132e-01,-9.325231383055627710e-01,-9.432415980857690174e-01,-9.494165334447173255e-01,-9.527979649227703574e-01,-9.545277836396488524e-01,-9.553207842126151261e-01,-9.556077774093703070e-01,-9.556394161207685256e-01,-9.555567518793883774e-01,-9.554366656232841093e-01,-9.553197762514066271e-01,-9.552268627570664750e-01,-9.551681213971188189e-01,-9.551481115302244973e-01,-1.000000000000000000e+00,-1.000000000000000000e+00,-1.000000000000000000e+00,-1.000000000000000000e+00,-1.000000000000000000e+00,-1.000000000000000000e+00,-1.000000000000000000e+00,-1.000000000000000000e+00,-1.000000000000000000e+00,-1.000000000000000000e+00,-1.000000000000000000e+00,-1.000000000000000000e+00,-1.000000000000000000e+00,-1.000000000000000000e+00,-1.000000000000000000e+00,-1.000000000000000000e+00,-1.000000000000000000e+00,-1.000000000000000000e+00,-1.000000000000000000e+00,-1.000000000000000000e+00,-1.000000000000000000e+00,-1.000000000000000000e+00,-1.000000000000000000e+00,-1.000000000000000000e+00,-1.000000000000000000e+00,-1.000000000000000000e+00,-1.000000000000000000e+00,-1.000000000000000000e+00,-1.000000000000000000e+00,-1.000000000000000000e+00,-1.000000000000000000e+00,-1.000000000000000000e+00,-1.000000000000000000e+00,-1.000000000000000000e+00,-1.000000000000000000e+00,-1.000000000000000000e+00,-1.000000000000000000e+00,-1.000000000000000000e+00,-1.000000000000000000e+00,-1.000000000000000000e+00,-1.000000000000000000e+00,-1.000000000000000000e+00,-1.000000000000000000e+00,-1.000000000000000000e+00,-1.000000000000000000e+00,-1.000000000000000000e+00
-1.000000000000000000e+00,-1.000000000000000000e+00,-1.000000000000000000e+00,-1.000000000000000000e+00,-1.000000000000000000e+00,-1.000000000000000000e+00,-1.000000000000000000e+00,-1.000000000000000000e+00,-1.000000000000000000e+00,-1.000000000000000000e+00,-1.000000000000000000e+00,-1.000000000000000000e+00,-1.000000000000000000e+00,-1.000000000000000000e+00,-1.000000000000000000e+00,-1.000000000000000000e+00,-1.000000000000000000e+00,-1.000000000000000000e+00,-1.000000000000000000e+00,-1.000000000000000000e+00,-1.000000000000000000e+00,-1.000000000000000000e+00,-1.000000000000000000e+00,-1.000000000000000000e+00,-1.000000000000000000e+00,-1.000000000000000000e+00,-1.000000000000000000e+00,-1.000000000000000000e+00,-1.000000000000000000e+00,-1.000000000000000000e+00,-1.000000000000000000e+00,-1.000000000000000000e+00,-1.000000000000000000e+00,-1.000000000000000000e+00,-1.000000000000000000e+00,-1.000000000000000000e+00,-1.000000000000000000e+00,-1.000000000000000000e+00,-1.000000000000000000e+00,-1.000000000000000000e+00,-1.000000000000000000e+00,-1.000000000000000000e+00,-1.000000000000000000e+00,-1.000000000000000000e+00,-1.000000000000000000e+00,-1.000000000000000000e+00,-9.552376860747822107e-01,-9.552576970632029596e-01,-9.553164420869975082e-01,-9.554093626997534061e-01,-9.555262647073469173e-01,-9.556463734305384872e-01,-9.557290783226949360e-01,-9.556975144052589632e-01,-9.554106592013034138e-01,-9.546179114052427694e-01,-9.528885482863367340e-01,-9.495079203360212716e-01,-9.433343657459750675e-01,-9.326182108830874951e-01,-9.148004386630061990e-01,-8.863376731564353017e-01,-8.426447600698204754e-01,-7.783035701602186718e-01,-6.877395912547885626e-01,-5.665715863980465006e-01,-4.137136129282118491e-01,-2.339682812521240995e-01,-4.032030229798655441e-02,1.453057715175587461e-01,2.940668719391641428e-01,3.763326574393115465e-01,3.763326574736163277e-01,2.940668720230614763e-01,1.453057716037464697e-01,-4.032030224955940323e-02,-2.339682812163769166e-01,-4.137136128570999549e-01,-5.665715863289996213e-01,-6.877395911994013122e-01,-7.783035700693783365e-01,-8.426447600034586705e-01,-8.863376730851592056e-01,-9.148004386077638328e-01,-9.326182108301040996e-01,-9.433343656913287800e-01,-9.495079202659586493e-01,-9.528885481901615551e-01,-9.546179112575154946e-01,-9.554106590163542467e-01,-9.556975141608792246e-01,-9.557290780370557570e-01,-9.556463730745328178e-01,-9.555262643222953711e-01,-9.554093622867348978e-01,-9.553164416743558096e-01,-9.552576966585171192e-01,-9.552376856583310039e-01,-1.000000000000000000e+00,-1.000000000000000000e+00,-1.000000000000000000e+00,-1.000000000000000000e+00,-1.000000000000000000e+00,-1.000000000000000000e+00,-1.000000000000000000e+00,-1.000000000000000000e+00,-1.000000000000000000e+00,-1.000000000000000000e+00,-1.000000000000000000e+00,-1.000000000000000000e+00,-1.000000000000000000e+00,-1.000000000000000000e+00,-1.000000000000000000e+00,-1.000000000000000000e+00,-1.000000000000000000e+00,-1.000000000000000000e+00,-1.000000000000000000e+00,-1.000000000000000000e+00,-1.000000000000000000e+00,-1.000000000000000000e+00,-1.000000000000000000e+00,-1.000000000000000000e+00,-1.000000000000000000e+00,-1.000000000000000000e+00,-1.000000000000000000e+00,-1.000000000000000000e+00,-1.000000000000000000e+00,-1.000000000000000000e+00,-1.000000000000000000e+00,-1.000000000000000000e+00,-1.000000000000000000e+00,-1.000000000000000000e+00,-1.000000000000000000e+00,-1.000000000000000000e+00,-1.000000000000000000e+00,-1.000000000000000000e+00,-1.000000000000000000e+00,-1.000000000000000000e+00,-1.000000000000000000e+00,-1.000000000000000000e+00,-1.000000000000000000e+00,-1.000000000000000000e+00,-1.000000000000000000e+00,-1.000000000000000000e+00
-1.000000000000000000e+00,-1.000000000000000000e+00,-1.000000000000000000e+00,-1.000000000000000000e+00,-1.000000000000000000e+00,-1.000000000000000000e+00,-1.000000000000000000e+00,-1.000000000000000000e+00,-1.000000000000000000e+00,-1.000000000000000000e+00,-1.000000000000000000e+00,-1.000000000000000000e+00,-1.000000000000000000e+00,-1.000000000000000000e+00,-1.000000000000000000e+00,-1.000000000000000000e+00,-1.000000000000000000e+00,-1.000000000000000000e+00,-1.000000000000000000e+00,-1.000000000000000000e+00,-1.000000000000000000e+00,-1.000000000000000000e+00,-1.000000000000000000e+00,-1.000000000000000000e+00,-1.000000000000000000e+00,-1.000000000000000000e+00,-1.000000000000000000e+00,-1.000000000000000000e+00,-1.000000000000000000e+00,-1.000000000000000000e+00,-1.000000000000000000e+00,-1.000000000000000000e+00,-1.000000000000000000e+00,-1.000000000000000000e+00,-1.000000000000000000e+00,-1.000000000000000000e+00,-1.000000000000000000e+00,-1.000000000000000000e+00,-1.000000000000000000e+00,-1.000000000000000000e+00,-1.000000000000000000e+00,-1.000000000000000000e+00,-1.000000000000000000e+00,-1.000000000000000000e+00,-1.000000000000000000e+00,-1.000000000000000000e+00,-9.553311829463417837e-01,-9.553511950575451772e-01,-9.554099437289456098e-01,-9.555028714906574905e-01,-9.556197863856052965e-01,-9.557399182426182804e-01,-9.558226653775766524e-01,-9.557911795271363253e-01,-9.555044688071296921e-01,-9.547119860329256191e-01,-9.529831009558302757e-01,-9.496033162976446063e-01,-9.434312109183637940e-01,-9.327174751007917264e-01,-9.149036148454965378e-01,-8.864469624451023488e-01,-8.427632533895548228e-01,-7.784353679367125300e-01,-6.878897688073437600e-01,-5.667458851434870049e-01,-4.139177415870377574e-01,-2.342067805211298648e-01,-4.059508279265378050e-02,1.449968928685005931e-01,2.937311266126410025e-01,3.759821486630940957e-01,3.759821486647600963e-01,2.937311266350530747e-01,1.449968929429463760e-01,-4.059508268736122805e-02,-2.342067804362063521e-01,-4.139177414974579694e-01,-5.667458850258771941e-01,-6.878897687223426427e-01,-7.784353678443961533e-01,-8.427632533192024322e-01,-8.864469623950563815e-01,-9.149036148040272654e-01,-9.327174750748710164e-01,-9.434312108831105492e-01,-9.496033162546543283e-01,-9.529831008788093305e-01,-9.547119859102120021e-01,-9.555044686401178433e-01,-9.557911793031895753e-01,-9.558226651062196044e-01,-9.557399178986585309e-01,-9.556197860067725536e-01,-9.555028710941041448e-01,-9.554099433298802735e-01,-9.553511946746171546e-01,-9.553311825507975197e-01,-1.000000000000000000e+00,-1.000000000000000000e+00,-1.000000000000000000e+00,-1.000000000000000000e+00,-1.000000000000000000e+00,-1.000000000000000000e+00,-1.000000000000000000e+00,-1.000000000000000000e+00,-1.000000000000000000e+00,-1.000000000000000000e+00,-1.000000000000000000e+00,-1.000000000000000000e+00,-1.000000000000000000e+00,-1.000000000000000000e+00,-1.000000000000000000e+00,-1.000000000000000000e+00,-1.000000000000000000e+00,-1.000000000000000000e+00,-1.000000000000000000e+00,-1.000000000000000000e+00,-1.000000000000000000e+00,-1.000000000000000000e+00,-1.000000000000000000e+00,-1.000000000000000000e+00,-1.000000000000000000e+00,-1.000000000000000000e+00,-1.000000000000000000e+00,-1.000000000000000000e+00,-1.000000000000000000e+00,-1.000000000000000000e+00,-1.000000000000000000e+00,-1.000000000000000000e+00,-1.000000000000000000e+00,-1.000000000000000000e+00,-1.000000000000000000e+00,-1.000000000000000000e+00,-1.000000000000000000e+00,-1.000000000000000000e+00,-1.000000000000000000e+00,-1.000000000000000000e+00,-1.000000000000000000e+00,-1.000000000000000000e+00,-1.000000000000000000e+00,-1.000000000000000000e+00,-1.000000000000000000e+00,-1.000000000000000000e+00
-1.000000000000000000e+00,-1.000000000000000000e+00,-1.000000000000000000e+00,-1.000000000000000000e+00,-1.000000000000000000e+00,-1.000000000000000000e+00,-1.000000000000000000e+00,-1.000000000000000000e+00,-1.000000000000000000e+00,-1.000000000000000000e+00,-1.000000000000000000e+00,-1.000000000000000000e+00,-1.000000000000000000e+00,-1.000000000000000000e+00,-1.000000000000000000e+00,-1.000000000000000000e+00,-1.000000000000000000e+00,-1.000000000000000000e+00,-1.000000000000000000e+00,-1.000000000000000000e+00,-1.000000000000000000e+00,-1.000000000000000000e+00,-1.000000000000000000e+00,-1.000000000000000000e+00,-1.000000000000000000e+00,-1.000000000000000000e+00,-1.000000000000000000e+00,-1.000000000000000000e+00,-1.000000000000000000e+00,-1.000000000000000000e+00,-1.000000000000000000e+00,-1.000000000000000000e+00,-1.000000000000000000e+00,-1.000000000000000000e+00,-1.000000000000000000e+00,-1.000000000000000000e+00,-1.000000000000000000e+00,-1.000000000000000000e+00,-1.000000000000000000e+00,-1.000000000000000000e+00,-1.000000000000000000e+00,-1.000000000000000000e+00,-1.000000000000000000e+00,-1.000000000000000000e+00,-1.000000000000000000e+00,-1.000000000000000000e+00,-9.554285255754301209e-01,-9.554485387168553112e-01,-9.555072907925290515e-01,-9.556002253872424301e-01,-9.557171529319086201e-01,-9.558373080295926583e-01,-9.559200983331325174e-01,-9.558886931498529194e-01,-9.556021327081671846e-01,-9.548099265798304369e-01,-9.530815414349412817e-01,-9.497026394633620860e-01,-9.435320515572667155e-01,-9.328208489958186300e-01,-9.150110852988482257e-01,-8.865608338886266093e-01,-8.428867611407160343e-01,-7.785728031065575205e-01,-6.880464416059721700e-01,-5.669278012819412016e-01,-4.141308708313404807e-01,-2.344558690088440756e-01,-4.088212427711368502e-02,1.446741865586256282e-01,2.933803221594579735e-01,3.756159047039646648e-01,3.756159047288900599e-01,2.933803222180744186e-01,1.446741866454361869e-01,-4.088212414424186036e-02,-2.344558688698091808e-01,-4.141308707377848730e-01,-5.669278011742973078e-01,-6.880464415092727437e-01,-7.785728030185126158e-01,-8.428867610584893644e-01,-8.865608338456288928e-01,-9.150110852669206540e-01,-9.328208489928229152e-01,-9.435320515366719674e-01,-9.497026394337079180e-01,-9.530815413560450589e-01,-9.548099264551471732e-01,-9.556021325353647455e-01,-9.558886929335795868e-01,-9.559200980770423683e-01,-9.558373077145925212e-01,-9.557171525839793791e-01,-9.556002250311418367e-01,-9.555072904257009281e-01,-9.554485383693269718e-01,-9.554285252149621321e-01,-1.000000000000000000e+00,-1.000000000000000000e+00,-1.000000000000000000e+00,-1.000000000000000000e+00,-1.000000000000000000e+00,-1.000000000000000000e+00,-1.000000000000000000e+00,-1.000000000000000000e+00,-1.000000000000000000e+00,-1.000000000000000000e+00,-1.000000000000000000e+00,-1.000000000000000000e+00,-1.000000000000000000e+00,-1.000000000000000000e+00,-1.000000000000000000e+00,-1.000000000000000000e+00,-1.000000000000000000e+00,-1.000000000000000000e+00,-1.000000000000000000e+00,-1.000000000000000000e+00,-1.000000000000000000e+00,-1.000000000000000000e+00,-1.000000000000000000e+00,-1.000000000000000000e+00,-1.000000000000000000e+00,-1.000000000000000000e+00,-1.000000000000000000e+00,-1.000000000000000000e+00,-1.000000000000000000e+00,-1.000000000000000000e+00,-1.000000000000000000e+00,-1.000000000000000000e+00,-1.000000000000000000e+00,-1.000000000000000000e+00,-1.000000000000000000e+00,-1.000000000000000000e+00,-1.000000000000000000e+00,-1.000000000000000000e+00,-1.000000000000000000e+00,-1.000000000000000000e+00,-1.000000000000000000e+00,-1.000000000000000000e+00,-1.000000000000000000e+00,-1.000000000000000000e+00,-1.000000000000000000e+00,-1.000000000000000000e+00
-1.000000000000000000e+00,-1.000000000000000000e+00,-1.000000000000000000e+00,-1.000000000000000000e+00,-1.000000000000000000e+00,-1.000000000000000000e+00,-1.000000000000000000e+00,-1.000000000000000000e+00,-1.000000000000000000e+00,-1.000000000000000000e+00,-1.000000000000000000e+00,-1.000000000000000000e+00,-1.000000000000000000e+00,-1.000000000000000000e+00,-1.000000000000000000e+00,-1.000000000000000000e+00,-1.000000000000000000e+00,-1.000000000000000000e+00,-1.000000000000000000e+00,-1.000000000000000000e+00,-1.000000000000000000e+00,-1.000000000000000000e+00,-1.000000000000000000e+00,-1.000000000000000000e+00,-1.000000000000000000e+00,-1.000000000000000000e+00,-1.000000000000000000e+00,-1.000000000000000000e+00,-1.000000000000000000e+00,-1.000000000000000000e+00,-1.000000000000000000e+00,-1.000000000000000000e+00,-1.000000000000000000e+00,-1.000000000000000000e+00,-1.000000000000000000e+00,-1.000000000000000000e+00,-1.000000000000000000e+00,-1.000000000000000000e+00,-1.000000000000000000e+00,-1.000000000000000000e+00,-1.000000000000000000e+00,-1.000000000000000000e+00,-1.000000000000000000e+00,-1.000000000000000000e+00,-1.000000000000000000e+00,-1.000000000000000000e+00,-9.555296263877116614e-01,-9.555496403604956113e-01,-9.556083952612833832e-01,-9.557013358048340734e-01,-9.558182749773794784e-01,-9.559384524731034949e-01,-9.560212858197096875e-01,-9.559899628204755473e-01,-9.557035573985629417e-01,-9.549116385777173255e-01,-9.531837744379105803e-01,-9.498057939201547395e-01,-9.436367913658156859e-01,-9.329282361867348161e-01,-9.151227539092674501e-01,-8.866791920365399982e-01,-8.430151889370390839e-01,-7.787157826819348649e-01,-6.882095182365404185e-01,-5.671172448861946380e-01,-4.143529118137914136e-01,-2.347154582618558027e-01,-4.118133789628430907e-02,1.443377424659908481e-01,2.930145496149347828e-01,3.752340172329293733e-01,3.752340172792056894e-01,2.930145497197886861e-01,1.443377425516558787e-01,-4.118133783188526742e-02,-2.347154581549616426e-01,-4.143529117131601325e-01,-5.671172447793820792e-01,-6.882095181165766018e-01,-7.787157825937673916e-01,-8.430151888569074048e-01,-8.866791920063097354e-01,-9.151227538908650594e-01,-9.329282361984209127e-01,-9.436367913560733678e-01,-9.498057939053240473e-01,-9.531837743735450674e-01,-9.549116384783282729e-01,-9.557035572515912847e-01,-9.559899626371305414e-01,-9.560212855902459061e-01,-9.559384521801097545e-01,-9.558182746337247071e-01,-9.557013354438231856e-01,-9.556083948746453283e-01,-9.555496399953935516e-01,-9.555296260112533524e-01,-1.000000000000000000e+00,-1.000000000000000000e+00,-1.000000000000000000e+00,-1.000000000000000000e+00,-1.000000000000000000e+00,-1.000000000000000000e+00,-1.000000000000000000e+00,-1.000000000000000000e+00,-1.000000000000000000e+00,-1.000000000000000000e+00,-1.000000000000000000e+00,-1.000000000000000000e+00,-1.000000000000000000e+00,-1.000000000000000000e+00,-1.000000000000000000e+00,-1.000000000000000000e+00,-1.000000000000000000e+00,-1.000000000000000000e+00,-1.000000000000000000e+00,-1.000000000000000000e+00,-1.000000000000000000e+00,-1.000000000000000000e+00,-1.000000000000000000e+00,-1.000000000000000000e+00,-1.000000000000000000e+00,-1.000000000000000000e+00,-1.000000000000000000e+00,-1.000000000000000000e+00,-1.000000000000000000e+00,-1.000000000000000000e+00,-1.000000000000000000e+00,-1.000000000000000000e+00,-1.000000000000000000e+00,-1.000000000000000000e+00,-1.000000000000000000e+00,-1.000000000000000000e+00,-1.000000000000000000e+00,-1.000000000000000000e+00,-1.000000000000000000e+00,-1.000000000000000000e+00,-1.000000000000000000e+00,-1.000000000000000000e+00,-1.000000000000000000e+00,-1.000000000000000000e+00,-1.000000000000000000e+00,-1.000000000000000000e+00
-1.000000000000000000e+00,-1.000000000000000000e+00,-1.000000000000000000e+00,-1.000000000000000000e+00,-1.000000000000000000e+00,-1.000000000000000000e+00,-1.000000000000000000e+00,-1.000000000000000000e+00,-1.000000000000000000e+00,-1.000000000000000000e+00,-1.000000000000000000e+00,-1.000000000000000000e+00,-1.000000000000000000e+00,-1.000000000000000000e+00,-1.000000000000000000e+00,-1.000000000000000000e+00,-1.000000000000000000e+00,-1.000000000000000000e+00,-1.000000000000000000e+00,-1.000000000000000000e+00,-1.000000000000000000e+00,-1.000000000000000000e+00,-1.000000000000000000e+00,-1.000000000000000000e+00,-1.000000000000000000e+00,-1.000000000000000000e+00,-1.000000000000000000e+00,-1.000000000000000000e+00,-1.000000000000000000e+00,-1.000000000000000000e+00,-1.000000000000000000e+00,-1.000000000000000000e+00,-1.000000000000000000e+00,-1.000000000000000000e+00,-1.000000000000000000e+00,-1.000000000000000000e+00,-1.000000000000000000e+00,-1.000000000000000000e+00,-1.000000000000000000e+00,-1.000000000000000000e+00,-1.000000000000000000e+00,-1.000000000000000000e+00,-1.000000000000000000e+00,-1.000000000000000000e+00,-1.000000000000000000e+00,-1.000000000000000000e+00,-9.556343837927939733e-01,-9.556543981867594573e-01,-9.557131547349896339e-01,-9.558060994215664685e-01,-9.559230480009541786e-01,-9.560432456239904564e-01,-9.561261202859505648e-01,-9.560948792843635413e-01,-9.558086319046015245e-01,-9.550170094162269141e-01,-9.532896859129863509e-01,-9.499126644772121209e-01,-9.437453144103377101e-01,-9.330395204713661794e-01,-9.152385047289675057e-01,-8.868019217352890449e-01,-8.431484229397493424e-01,-7.788641945841107139e-01,-6.883788886809998342e-01,-5.673141080690149440e-01,-4.145837585286391569e-01,-2.349854435486330440e-01,-4.149261930570569135e-02,1.439876654540481749e-01,2.926339148462604456e-01,3.748365927891796900e-01,3.748365927830008548e-01,2.926339148868410955e-01,1.439876655636094238e-01,-4.149261919764701823e-02,-2.349854434201736897e-01,-4.145837584028500000e-01,-5.673141079820509525e-01,-6.883788885862919260e-01,-7.788641945260199595e-01,-8.431484228867907049e-01,-8.868019217236841056e-01,-9.152385047272750818e-01,-9.330395204933681352e-01,-9.437453144116771941e-01,-9.499126644720080614e-01,-9.532896858551904717e-01,-9.550170093252616788e-01,-9.558086317586084180e-01,-9.560948791064167729e-01,-9.561261200637571900e-01,-9.560432453483075355e-01,-9.559230476804404519e-01,-9.558060990945292934e-01,-9.557131543828297771e-01,-9.556543978537044293e-01,-9.556343834441957119e-01,-1.000000000000000000e+00,-1.000000000000000000e+00,-1.000000000000000000e+00,-1.000000000000000000e+00,-1.000000000000000000e+00,-1.000000000000000000e+00,-1.000000000000000000e+00,-1.000000000000000000e+00,-1.000000000000000000e+00,-1.000000000000000000e+00,-1.000000000000000000e+00,-1.000000000000000000e+00,-1.000000000000000000e+00,-1.000000000000000000e+00,-1.000000000000000000e+00,-1.000000000000000000e+00,-1.000000000000000000e+00,-1.000000000000000000e+00,-1.000000000000000000e+00,-1.000000000000000000e+00,-1.000000000000000000e+00,-1.000000000000000000e+00,-1.000000000000000000e+00,-1.000000000000000000e+00,-1.000000000000000000e+00,-1.000000000000000000e+00,-1.000000000000000000e+00,-1.000000000000000000e+00,-1.000000000000000000e+00,-1.000000000000000000e+00,-1.000000000000000000e+00,-1.000000000000000000e+00,-1.000000000000000000e+00,-1.000000000000000000e+00,-1.000000000000000000e+00,-1.000000000000000000e+00,-1.000000000000000000e+00,-1.000000000000000000e+00,-1.000000000000000000e+00,-1.000000000000000000e+00,-1.000000000000000000e+00,-1.000000000000000000e+00,-1.000000000000000000e+00,-1.000000000000000000e+00,-1.000000000000000000e+00,-1.000000000000000000e+00
-1.000000000000000000e+00,-1.000000000000000000e+00,-1.000000000000000000e+00,-1.000000000000000000e+00,-1.000000000000000000e+00,-1.000000000000000000e+00,-1.000000000000000000e+00,-1.000000000000000000e+00,-1.000000000000000000e+00,-1.000000000000000000e+00,-1.000000000000000000e+00,-1.000000000000000000e+00,-1.000000000000000000e+00,-1.000000000000000000e+00,-1.000000000000000000e+00,-1.000000000000000000e+00,-1.000000000000000000e+00,-1.000000000000000000e+00,-1.000000000000000000e+00,-1.000000000000000000e+00,-1.000000000000000000e+00,-1.000000000000000000e+00,-1.000000000000000000e+00,-1.000000000000000000e+00,-1.000000000000000000e+00,-1.000000000000000000e+00,-1.000000000000000000e+00,-1.000000000000000000e+00,-1.000000000000000000e+00,-1.000000000000000000e+00,-1.000000000000000000e+00,-1.000000000000000000e+00,-1.000000000000000000e+00,-1.000000000000000000e+00,-1.000000000000000000e+00,-1.000000000000000000e+00,-1.000000000000000000e+00,-1.000000000000000000e+00,-1.000000000000000000e+00,-1.000000000000000000e+00,-1.000000000000000000e+00,-1.000000000000000000e+00,-1.000000000000000000e+00,-1.000000000000000000e+00,-1.000000000000000000e+00,-1.000000000000000000e+00,-9.557426776395850920e-01,-9.557626917569798097e-01,-9.558214478865479924e-01,-9.559143934302427592e-01,-9.560313471982716527e-01,-9.561515602788681623e-01,-9.562344718636313079e-01,-9.562033098910689422e-01,-9.559172208263551074e-01,-9.551259011154635825e-01,-9.533991356005481199e-01,-9.500231090236463949e-01,-9.438574772740353502e-01,-9.331545577840305583e-01,-9.153581937953201297e-01,-8.869288799339926088e-01,-8.432863218129666993e-01,-7.790178998925600951e-01,-6.885544169073970489e-01,-5.675182578240048903e-01,-4.148232807397322919e-01,-2.352656967927400089e-01,-4.181584175462849107e-02,1.436240818123151186e-01,2.922385443222277335e-01,3.744237581536753456e-01,3.744237581571330242e-01,2.922385443590693743e-01,1.436240819059046991e-01,-4.181584167814433872e-02,-2.352656967507693597e-01,-4.148232806773912706e-01,-5.675182577729536160e-01,-6.885544168285568922e-01,-7.790178998320775872e-01,-8.432863217649758658e-01,-8.869288799225208964e-01,-9.153581937987479433e-01,-9.331545578021606113e-01,-9.438574772773528077e-01,-9.500231090222828190e-01,-9.533991355559841008e-01,-9.551259010479095091e-01,-9.559172207039698943e-01,-9.562033097414989191e-01,-9.562344716646974385e-01,-9.561515600161732964e-01,-9.560313468721112207e-01,-9.559143930792247668e-01,-9.558214474960514684e-01,-9.557626913815376879e-01,-9.557426772528860859e-01,-1.000000000000000000e+00,-1.000000000000000000e+00,-1.000000000000000000e+00,-1.000000000000000000e+00,-1.000000000000000000e+00,-1.000000000000000000e+00,-1.000000000000000000e+00,-1.000000000000000000e+00,-1.000000000000000000e+00,-1.000000000000000000e+00,-1.000000000000000000e+00,-1.000000000000000000e+00,-1.000000000000000000e+00,-1.000000000000000000e+00,-1.000000000000000000e+00,-1.000000000000000000e+00,-1.000000000000000000e+00,-1.000000000000000000e+00,-1.000000000000000000e+00,-1.000000000000000000e+00,-1.000000000000000000e+00,-1.000000000000000000e+00,-1.000000000000000000e+00,-1.000000000000000000e+00,-1.000000000000000000e+00,-1.000000000000000000e+00,-1.000000000000000000e+00,-1.000000000000000000e+00,-1.000000000000000000e+00,-1.000000000000000000e+00,-1.000000000000000000e+00,-1.000000000000000000e+00,-1.000000000000000000e+00,-1.000000000000000000e+00,-1.000000000000000000e+00,-1.000000000000000000e+00,-1.000000000000000000e+00,-1.000000000000000000e+00,-1.000000000000000000e+00,-1.000000000000000000e+00,-1.000000000000000000e+00,-1.000000000000000000e+00,-1.000000000000000000e+00,-1.000000000000000000e+00,-1.000000000000000000e+00,-1.000000000000000000e+00
-1.000000000000000000e+00,-1.000000000000000000e+00,-1.000000000000000000e+00,-1.000000000000000000e+00,-1.000000000000000000e+00,-1.000000000000000000e+00,-1.000000000000000000e+00,-1.000000000000000000e+00,-1.000000000000000000e+00,-1.000000000000000000e+00,-1.000000000000000000e+00,-1.000000000000000000e+00,-1.000000000000000000e+00,-1.000000000000000000e+00,-1.000000000000000000e+00,-1.000000000000000000e+00,-1.000000000000000000e+00,-1.000000000000000000e+00,-1.000000000000000000e+00,-1.000000000000000000e+00,-1.000000000000000000e+00,-1.000000000000000000e+00,-1.000000000000000000e+00,-1.000000000000000000e+00,-1.000000000000000000e+00,-1.000000000000000000e+00,-1.000000000000000000e+00,-1.000000000000000000e+00,-1.000000000000000000e+00,-1.000000000000000000e+00,-1.000000000000000000e+00,-1.000000000000000000e+00,-1.000000000000000000e+00,-1.000000000000000000e+00,-1.000000000000000000e+00,-1.000000000000000000e+00,-1.000000000000000000e+00,-1.000000000000000000e+00,-1.000000000000000000e+00,-1.000000000000000000e+00,-1.000000000000000000e+00,-1.000000000000000000e+00,-1.000000000000000000e+00,-1.000000000000000000e+00,-1.000000000000000000e+00,-1.000000000000000000e+00,-9.558543621925063016e-01,-9.558743748311487876e-01,-9.559331270176791850e-01,-9.560260678245000587e-01,-9.561430195126374709e-01,-9.562632397235130144e-01,-9.563461797398027375e-01,-9.563150894799410384e-01,-9.560291546301842303e-01,-9.552381399824576569e-01,-9.535119460959275983e-01,-9.501369471153394697e-01,-9.439730973365706435e-01,-9.332731643377205621e-01,-9.154816372601062291e-01,-8.870598838688918963e-01,-8.434287050006656905e-01,-7.791767212868442316e-01,-6.887359296479518278e-01,-5.677295253855302315e-01,-4.150713141014533702e-01,-2.355560573794308610e-01,-4.215084720365247506e-02,1.432471482410424546e-01,2.918285942473297645e-01,3.739956692708543695e-01,3.739956693166472945e-01,2.918285943043021913e-01,1.432471482757002867e-01,-4.215084715047867636e-02,-2.355560573313413286e-01,-4.150713140229066456e-01,-5.677295253248544338e-01,-6.887359296023980448e-01,-7.791767212673852416e-01,-8.434287050019357856e-01,-8.870598838854415469e-01,-9.154816372861338536e-01,-9.332731643657020681e-01,-9.439730973587349139e-01,-9.501369471336791328e-01,-9.535119460763116228e-01,-9.552381399338922829e-01,-9.560291545118466683e-01,-9.563150893228209437e-01,-9.563461795256321674e-01,-9.562632394503134403e-01,-9.561430191908564247e-01,-9.560260674943716896e-01,-9.559331266609422117e-01,-9.558743744810576093e-01,-9.558543618249869533e-01,-1.000000000000000000e+00,-1.000000000000000000e+00,-1.000000000000000000e+00,-1.000000000000000000e+00,-1.000000000000000000e+00,-1.000000000000000000e+00,-1.000000000000000000e+00,-1.000000000000000000e+00,-1.000000000000000000e+00,-1.000000000000000000e+00,-1.000000000000000000e+00,-1.000000000000000000e+00,-1.000000000000000000e+00,-1.000000000000000000e+00,-1.000000000000000000e+00,-1.000000000000000000e+00,-1.000000000000000000e+00,-1.000000000000000000e+00,-1.000000000000000000e+00,-1.000000000000000000e+00,-1.000000000000000000e+00,-1.000000000000000000e+00,-1.000000000000000000e+00,-1.000000000000000000e+00,-1.000000000000000000e+00,-1.000000000000000000e+00,-1.000000000000000000e+00,-1.000000000000000000e+00,-1.000000000000000000e+00,-1.000000000000000000e+00,-1.000000000000000000e+00,-1.000000000000000000e+00,-1.000000000000000000e+00,-1.000000000000000000e+00,-1.000000000000000000e+00,-1.000000000000000000e+00,-1.000000000000000000e+00,-1.000000000000000000e+00,-1.000000000000000000e+00,-1.000000000000000000e+00,-1.000000000000000000e+00,-1.000000000000000000e+00,-1.000000000000000000e+00,-1.000000000000000000e+00,-1.000000000000000000e+00,-1.000000000000000000e+00
-1.000000000000000000e+00,-1.000000000000000000e+00,-1.000000000000000000e+00,-1.000000000000000000e+00,-1.000000000000000000e+00,-1.000000000000000000e+00,-1.000000000000000000e+00,-1.000000000000000000e+00,-1.000000000000000000e+00,-1.000000000000000000e+00,-1.000000000000000000e+00,-1.000000000000000000e+00,-1.000000000000000000e+00,-1.000000000000000000e+00,-1.000000000000000000e+00,-1.000000000000000000e+00,-1.000000000000000000e+00,-1.000000000000000000e+00,-1.000000000000000000e+00,-1.000000000000000000e+00,-1.000000000000000000e+00,-1.000000000000000000e+00,-1.000000000000000000e+00,-1.000000000000000000e+00,-1.000000000000000000e+00,-1.000000000000000000e+00,-1.000000000000000000e+00,-1.000000000000000000e+00,-1.000000000000000000e+00,-1.000000000000000000e+00,-1.000000000000000000e+00,-1.000000000000000000e+00,-1.000000000000000000e+00,-1.000000000000000000e+00,-1.000000000000000000e+00,-1.000000000000000000e+00,-1.000000000000000000e+00,-1.000000000000000000e+00,-1.000000000000000000e+00,-1.000000000000000000e+00,-1.000000000000000000e+00,-1.000000000000000000e+00,-1.000000000000000000e+00,-1.000000000000000000e+00,-1.000000000000000000e+00,-1.000000000000000000e+00,-9.559692569345152879e-01,-9.559892661535325242e-01,-9.560480086413271072e-01,-9.561409354611367650e-01,-9.562578729029376223e-01,-9.563780860333159772e-01,-9.564610394359270851e-01,-9.564300066880078166e-01,-9.561442150866990008e-01,-9.553535012885338018e-01,-9.536278868657671604e-01,-9.502539434136971774e-01,-9.440919357276013058e-01,-9.333950992341631947e-01,-9.156085938655404988e-01,-8.871946936648109627e-01,-8.435753356943744841e-01,-7.793404265030174916e-01,-6.889232003099654555e-01,-5.679476904911269219e-01,-4.153276447918333725e-01,-2.358563174224957981e-01,-4.249743255766513794e-02,1.428570646700804136e-01,2.914042629721218525e-01,3.735525237908159379e-01,3.735525238089294486e-01,2.914042629800754902e-01,1.428570646575255676e-01,-4.249743252794824233e-02,-2.358563174124010953e-01,-4.153276447993509146e-01,-5.679476905023959077e-01,-6.889232003187781839e-01,-7.793404264968317730e-01,-8.435753356989035279e-01,-8.871946936746673007e-01,-9.156085938947825520e-01,-9.333950992604491681e-01,-9.440919357528829714e-01,-9.502539434283555631e-01,-9.536278868482390703e-01,-9.553535012442261332e-01,-9.561442149792016565e-01,-9.564300065445809906e-01,-9.564610392314326637e-01,-9.563780857588529694e-01,-9.562578725642886246e-01,-9.561409350979606092e-01,-9.560480082549417391e-01,-9.559892657745561184e-01,-9.559692565500138572e-01,-1.000000000000000000e+00,-1.000000000000000000e+00,-1.000000000000000000e+00,-1.000000000000000000e+00,-1.000000000000000000e+00,-1.000000000000000000e+00,-1.000000000000000000e+00,-1.000000000000000000e+00,-1.000000000000000000e+00,-1.000000000000000000e+00,-1.000000000000000000e+00,-1.000000000000000000e+00,-1.000000000000000000e+00,-1.000000000000000000e+00,-1.000000000000000000e+00,-1.000000000000000000e+00,-1.000000000000000000e+00,-1.000000000000000000e+00,-1.000000000000000000e+00,-1.000000000000000000e+00,-1.000000000000000000e+00,-1.000000000000000000e+00,-1.000000000000000000e+00,-1.000000000000000000e+00,-1.000000000000000000e+00,-1.000000000000000000e+00,-1.000000000000000000e+00,-1.000000000000000000e+00,-1.000000000000000000e+00,-1.000000000000000000e+00,-1.000000000000000000e+00,-1.000000000000000000e+00,-1.000000000000000000e+00,-1.000000000000000000e+00,-1.000000000000000000e+00,-1.000000000000000000e+00,-1.000000000000000000e+00,-1.000000000000000000e+00,-1.000000000000000000e+00,-1.000000000000000000e+00,-1.000000000000000000e+00,-1.000000000000000000e+00,-1.000000000000000000e+00,-1.000000000000000000e+00,-1.000000000000000000e+00,-1.000000000000000000e+00
-1.000000000000000000e+00,-1.000000000000000000e+00,-1.000000000000000000e+00,-1.000000000000000000e+00,-1.000000000000000000e+00,-1.000000000000000000e+00,-1.000000000000000000e+00,-1.000000000000000000e+00,-1.000000000000000000e+00,-1.000000000000000000e+00,-1.000000000000000000e+00,-1.000000000000000000e+00,-1.000000000000000000e+00,-1.000000000000000000e+00,-1.000000000000000000e+00,-1.000000000000000000e+00,-1.000000000000000000e+00,-1.000000000000000000e+00,-1.000000000000000000e+00,-1.000000000000000000e+00,-1.000000000000000000e+00,-1.000000000000000000e+00,-1.000000000000000000e+00,-1.000000000000000000e+00,-1.000000000000000000e+00,-1.000000000000000000e+00,-1.000000000000000000e+00,-1.000000000000000000e+00,-1.000000000000000000e+00,-1.000000000000000000e+00,-1.000000000000000000e+00,-1.000000000000000000e+00,-1.000000000000000000e+00,-1.000000000000000000e+00,-1.000000000000000000e+00,-1.000000000000000000e+00,-1.000000000000000000e+00,-1.000000000000000000e+00,-1.000000000000000000e+00,-1.000000000000000000e+00,-1.000000000000000000e+00,-1.000000000000000000e+00,-1.000000000000000000e+00,-1.000000000000000000e+00,-1.000000000000000000e+00,-1.000000000000000000e+00,-9.560871326998690023e-01,-9.561071353783824334e-01,-9.561658589062140834e-01,-9.562587568405619409e-01,-9.563756603436492920e-01,-9.564958431275776274e-01,-9.565787847220796891e-01,-9.565477845474099627e-01,-9.562621144484915181e-01,-9.554716870329879042e-01,-9.537466507336340715e-01,-9.503737831418278548e-01,-9.442136720580849296e-01,-9.335200387710349546e-01,-9.157387390871623012e-01,-8.873329865439508746e-01,-8.437258953792257099e-01,-7.795087035812469090e-01,-6.891159253260922268e-01,-5.681724590821332077e-01,-4.155919884616570137e-01,-2.361662015712058249e-01,-4.285533004353569986e-02,1.424540931893050200e-01,2.909658090619617887e-01,3.730945786879837911e-01,3.730945786730153202e-01,2.909658090699966948e-01,1.424540932092284162e-01,-4.285533003990737999e-02,-2.361662015991925490e-01,-4.155919885008981796e-01,-5.681724590941645836e-01,-6.891159253459149259e-01,-7.795087036003094383e-01,-8.437258954241217968e-01,-8.873329865877963574e-01,-9.157387391458380321e-01,-9.335200388167346208e-01,-9.442136721085672146e-01,-9.503737831783135581e-01,-9.537466507416942907e-01,-9.554716870009642982e-01,-9.562621143404455015e-01,-9.565477843874334862e-01,-9.565787844948735463e-01,-9.564958428362355658e-01,-9.563756600053086032e-01,-9.562587564898773485e-01,-9.561658585481470629e-01,-9.561071350094345611e-01,-9.560871323227707608e-01,-1.000000000000000000e+00,-1.000000000000000000e+00,-1.000000000000000000e+00,-1.000000000000000000e+00,-1.000000000000000000e+00,-1.000000000000000000e+00,-1.000000000000000000e+00,-1.000000000000000000e+00,-1.000000000000000000e+00,-1.000000000000000000e+00,-1.000000000000000000e+00,-1.000000000000000000e+00,-1.000000000000000000e+00,-1.000000000000000000e+00,-1.000000000000000000e+00,-1.000000000000000000e+00,-1.000000000000000000e+00,-1.000000000000000000e+00,-1.000000000000000000e+00,-1.000000000000000000e+00,-1.000000000000000000e+00,-1.000000000000000000e+00,-1.000000000000000000e+00,-1.000000000000000000e+00,-1.000000000000000000e+00,-1.000000000000000000e+00,-1.000000000000000000e+00,-1.000000000000000000e+00,-1.000000000000000000e+00,-1.000000000000000000e+00,-1.000000000000000000e+00,-1.000000000000000000e+00,-1.000000000000000000e+00,-1.000000000000000000e+00,-1.000000000000000000e+00,-1.000000000000000000e+00,-1.000000000000000000e+00,-1.000000000000000000e+00,-1.000000000000000000e+00,-1.000000000000000000e+00,-1.000000000000000000e+00,-1.000000000000000000e+00,-1.000000000000000000e+00,-1.000000000000000000e+00,-1.000000000000000000e+00,-1.000000000000000000e+00
-1.000000000000000000e+00,-1.000000000000000000e+00,-1.000000000000000000e+00,-1.000000000000000000e+00,-1.000000000000000000e+00,-1.000000000000000000e+00,-1.000000000000000000e+00,-1.000000000000000000e+00,-1.000000000000000000e+00,-1.000000000000000000e+00,-1.000000000000000000e+00,-1.000000000000000000e+00,-1.000000000000000000e+00,-1.000000000000000000e+00,-1.000000000000000000e+00,-1.000000000000000000e+00,-1.000000000000000000e+00,-1.000000000000000000e+00,-1.000000000000000000e+00,-1.000000000000000000e+00,-1.000000000000000000e+00,-1.000000000000000000e+00,-1.000000000000000000e+00,-1.000000000000000000e+00,-1.000000000000000000e+00,-1.000000000000000000e+00,-1.000000000000000000e+00,-1.000000000000000000e+00,-1.000000000000000000e+00,-1.000000000000000000e+00,-1.000000000000000000e+00,-1.000000000000000000e+00,-1.000000000000000000e+00,-1.000000000000000000e+00,-1.000000000000000000e+00,-1.000000000000000000e+00,-1.000000000000000000e+00,-1.000000000000000000e+00,-1.000000000000000000e+00,-1.000000000000000000e+00,-1.000000000000000000e+00,-1.000000000000000000e+00,-1.000000000000000000e+00,-1.000000000000000000e+00,-1.000000000000000000e+00,-1.000000000000000000e+00,-9.562076930630479810e-01,-9.562276843262490500e-01,-9.562863742639061693e-01,-9.563792196075280305e-01,-9.564960576614887078e-01,-9.566161726070050442e-01,-9.566990612941490557e-01,-9.566680519840566888e-01,-9.563824648598368006e-01,-9.555922934186095175e-01,-9.538678196182778235e-01,-9.504960363399368450e-01,-9.443378675347942064e-01,-9.336475388637739403e-01,-9.158716273956293286e-01,-8.874743194464860263e-01,-8.438799471953395415e-01,-7.796811251684186983e-01,-6.893136895251826823e-01,-5.684034299959102032e-01,-4.158639586592777215e-01,-2.364853374112032558e-01,-4.322417927576593932e-02,1.420385849757468399e-01,2.905135775369231954e-01,3.726221758503385217e-01,3.726221758291237141e-01,2.905135775434029011e-01,1.420385849727467953e-01,-4.322417933668132317e-02,-2.364853374617936765e-01,-4.158639587168595497e-01,-5.684034300509430704e-01,-6.893136896019544935e-01,-7.796811252299108430e-01,-8.438799472593550011e-01,-8.874743194994746398e-01,-9.158716274655929190e-01,-9.336475389186406071e-01,-9.443378675886424656e-01,-9.504960363591261618e-01,-9.538678196056810110e-01,-9.555922933635280225e-01,-9.563824647415722913e-01,-9.566680518218596552e-01,-9.566990610665390138e-01,-9.566161723044840359e-01,-9.564960573031363600e-01,-9.563792192231193035e-01,-9.562863738849249895e-01,-9.562276839345892343e-01,-9.562076926713560798e-01,-1.000000000000000000e+00,-1.000000000000000000e+00,-1.000000000000000000e+00,-1.000000000000000000e+00,-1.000000000000000000e+00,-1.000000000000000000e+00,-1.000000000000000000e+00,-1.000000000000000000e+00,-1.000000000000000000e+00,-1.000000000000000000e+00,-1.000000000000000000e+00,-1.000000000000000000e+00,-1.000000000000000000e+00,-1.000000000000000000e+00,-1.000000000000000000e+00,-1.000000000000000000e+00,-1.000000000000000000e+00,-1.000000000000000000e+00,-1.000000000000000000e+00,-1.000000000000000000e+00,-1.000000000000000000e+00,-1.000000000000000000e+00,-1.000000000000000000e+00,-1.000000000000000000e+00,-1.000000000000000000e+00,-1.000000000000000000e+00,-1.000000000000000000e+00,-1.000000000000000000e+00,-1.000000000000000000e+00,-1.000000000000000000e+00,-1.000000000000000000e+00,-1.000000000000000000e+00,-1.000000000000000000e+00,-1.000000000000000000e+00,-1.000000000000000000e+00,-1.000000000000000000e+00,-1.000000000000000000e+00,-1.000000000000000000e+00,-1.000000000000000000e+00,-1.000000000000000000e+00,-1.000000000000000000e+00,-1.000000000000000000e+00,-1.000000000000000000e+00,-1.000000000000000000e+00,-1.000000000000000000e+00,-1.000000000000000000e+00
-1.000000000000000000e+00,-1.000000000000000000e+00,-1.000000000000000000e+00,-1.000000000000000000e+00,-1.000000000000000000e+00,-1.000000000000000000e+00,-1.000000000000000000e+00,-1.000000000000000000e+00,-1.000000000000000000e+00,-1.000000000000000000e+00,-1.000000000000000000e+00,-1.000000000000000000e+00,-1.000000000000000000e+00,-1.000000000000000000e+00,-1.000000000000000000e+00,-1.000000000000000000e+00,-1.000000000000000000e+00,-1.000000000000000000e+00,-1.000000000000000000e+00,-1.000000000000000000e+00,-1.000000000000000000e+00,-1.000000000000000000e+00,-1.000000000000000000e+00,-1.000000000000000000e+00,-1.000000000000000000e+00,-1.000000000000000000e+00,-1.000000000000000000e+00,-1.000000000000000000e+00,-1.000000000000000000e+00,-1.000000000000000000e+00,-1.000000000000000000e+00,-1.000000000000000000e+00,-1.000000000000000000e+00,-1.000000000000000000e+00,-1.000000000000000000e+00,-1.000000000000000000e+00,-1.000000000000000000e+00,-1.000000000000000000e+00,-1.000000000000000000e+00,-1.000000000000000000e+00,-1.000000000000000000e+00,-1.000000000000000000e+00,-1.000000000000000000e+00,-1.000000000000000000e+00,-1.000000000000000000e+00,-1.000000000000000000e+00,-9.563305473661407596e-01,-9.563505197094142041e-01,-9.564091532220561076e-01,-9.565019087817535626e-01,-9.566186317114089288e-01,-9.567386193715300413e-01,-9.568213894058865687e-01,-9.567903031644752199e-01,-9.565047343091098719e-01,-9.557147635393532514e-01,-9.539908143204424151e-01,-9.506201052948016761e-01,-9.444639106731067546e-01,-9.337769797007368089e-01,-9.160066365211427808e-01,-8.876180736313911135e-01,-8.440368816875599700e-01,-7.798570962105590976e-01,-6.895159162984331180e-01,-5.686400477082982352e-01,-4.161430220124263668e-01,-2.368132131156854836e-01,-4.360348753815157519e-02,1.416110177184592978e-01,2.900480359292516574e-01,3.721357775568530091e-01,3.721357775548410629e-01,2.900480359306862876e-01,1.416110176981506541e-01,-4.360348759349208514e-02,-2.368132131650767525e-01,-4.161430221128565865e-01,-5.686400478181928841e-01,-6.895159163998477725e-01,-7.798570962856520294e-01,-8.440368817661971779e-01,-8.876180737088652517e-01,-9.160066366098892354e-01,-9.337769797659613014e-01,-9.444639107331564976e-01,-9.506201053153793268e-01,-9.539908143146322850e-01,-9.557147634826611560e-01,-9.565047341826489191e-01,-9.567903029838585871e-01,-9.568213891612956656e-01,-9.567386190569125981e-01,-9.566186313579126965e-01,-9.565019084009148687e-01,-9.564091528558927857e-01,-9.563505193199518528e-01,-9.563305469787679591e-01,-1.000000000000000000e+00,-1.000000000000000000e+00,-1.000000000000000000e+00,-1.000000000000000000e+00,-1.000000000000000000e+00,-1.000000000000000000e+00,-1.000000000000000000e+00,-1.000000000000000000e+00,-1.000000000000000000e+00,-1.000000000000000000e+00,-1.000000000000000000e+00,-1.000000000000000000e+00,-1.000000000000000000e+00,-1.000000000000000000e+00,-1.000000000000000000e+00,-1.000000000000000000e+00,-1.000000000000000000e+00,-1.000000000000000000e+00,-1.000000000000000000e+00,-1.000000000000000000e+00,-1.000000000000000000e+00,-1.000000000000000000e+00,-1.000000000000000000e+00,-1.000000000000000000e+00,-1.000000000000000000e+00,-1.000000000000000000e+00,-1.000000000000000000e+00,-1.000000000000000000e+00,-1.000000000000000000e+00,-1.000000000000000000e+00,-1.000000000000000000e+00,-1.000000000000000000e+00,-1.000000000000000000e+00,-1.000000000000000000e+00,-1.000000000000000000e+00,-1.000000000000000000e+00,-1.000000000000000000e+00,-1.000000000000000000e+00,-1.000000000000000000e+00,-1.000000000000000000e+00,-1.000000000000000000e+00,-1.000000000000000000e+00,-1.000000000000000000e+00,-1.000000000000000000e+00,-1.000000000000000000e+00,-1.000000000000000000e+00
-1.000000000000000000e+00,-1.000000000000000000e+00,-1.000000000000000000e+00,-1.000000000000000000e+00,-1.000000000000000000e+00,-1.000000000000000000e+00,-1.000000000000000000e+00,-1.000000000000000000e+00,-1.000000000000000000e+00,-1.000000000000000000e+00,-1.000000000000000000e+00,-1.000000000000000000e+00,-1.000000000000000000e+00,-1.000000000000000000e+00,-1.000000000000000000e+00,-1.000000000000000000e+00,-1.000000000000000000e+00,-1.000000000000000000e+00,-1.000000000000000000e+00,-1.000000000000000000e+00,-1.000000000000000000e+00,-1.000000000000000000e+00,-1.000000000000000000e+00,-1.000000000000000000e+00,-1.000000000000000000e+00,-1.000000000000000000e+00,-1.000000000000000000e+00,-1.000000000000000000e+00,-1.000000000000000000e+00,-1.000000000000000000e+00,-1.000000000000000000e+00,-1.000000000000000000e+00,-1.000000000000000000e+00,-1.000000000000000000e+00,-1.000000000000000000e+00,-1.000000000000000000e+00,-1.000000000000000000e+00,-1.000000000000000000e+00,-1.000000000000000000e+00,-1.000000000000000000e+00,-1.000000000000000000e+00,-1.000000000000000000e+00,-1.000000000000000000e+00,-1.000000000000000000e+00,-1.000000000000000000e+00,-1.000000000000000000e+00,-9.564551739610935854e-01,-9.564751161518029177e-01,-9.565336580617549433e-01,-9.566262659577877692e-01,-9.567427959977233831e-01,-9.568625628732916333e-01,-9.569451102733843584e-01,-9.569138388588649402e-01,-9.566281829901928102e-01,-9.558383189794092960e-01,-9.541148218025427008e-01,-9.507451481754146672e-01,-9.445909382264734422e-01,-9.339074851251867315e-01,-9.161428865195415661e-01,-8.877633745494213358e-01,-8.441958384092290713e-01,-7.800357781082034592e-01,-6.897217951700574945e-01,-5.688815341037025686e-01,-4.164284344760035284e-01,-2.371491177979210274e-01,-4.399257374835674472e-02,1.411720483770004808e-01,2.895698245225162282e-01,3.716360154886968470e-01,3.716360155042199853e-01,2.895698245156859141e-01,1.411720483598304376e-01,-4.399257377842047401e-02,-2.371491178633992059e-01,-4.164284345837379053e-01,-5.688815341978860074e-01,-6.897217952615211090e-01,-7.800357782083356950e-01,-8.441958385171014490e-01,-8.877633746525657177e-01,-9.161428866210774569e-01,-9.339074852010167405e-01,-9.445909382886977790e-01,-9.507451481842107421e-01,-9.541148217748097737e-01,-9.558383188926297125e-01,-9.566281828404773480e-01,-9.569138386594890910e-01,-9.569451100210222272e-01,-9.568625625511115729e-01,-9.567427956432695835e-01,-9.566262655681218030e-01,-9.565336576883664010e-01,-9.564751157461912623e-01,-9.564551735517804465e-01,-1.000000000000000000e+00,-1.000000000000000000e+00,-1.000000000000000000e+00,-1.000000000000000000e+00,-1.000000000000000000e+00,-1.000000000000000000e+00,-1.000000000000000000e+00,-1.000000000000000000e+00,-1.000000000000000000e+00,-1.000000000000000000e+00,-1.000000000000000000e+00,-1.000000000000000000e+00,-1.000000000000000000e+00,-1.000000000000000000e+00,-1.000000000000000000e+00,-1.000000000000000000e+00,-1.000000000000000000e+00,-1.000000000000000000e+00,-1.000000000000000000e+00,-1.000000000000000000e+00,-1.000000000000000000e+00,-1.000000000000000000e+00,-1.000000000000000000e+00,-1.000000000000000000e+00,-1.000000000000000000e+00,-1.000000000000000000e+00,-1.000000000000000000e+00,-1.000000000000000000e+00,-1.000000000000000000e+00,-1.000000000000000000e+00,-1.000000000000000000e+00,-1.000000000000000000e+00,-1.000000000000000000e+00,-1.000000000000000000e+00,-1.000000000000000000e+00,-1.000000000000000000e+00,-1.000000000000000000e+00,-1.000000000000000000e+00,-1.000000000000000000e+00,-1.000000000000000000e+00,-1.000000000000000000e+00,-1.000000000000000000e+00,-1.000000000000000000e+00,-1.000000000000000000e+00,-1.000000000000000000e+00,-1.000000000000000000e+00
-1.000000000000000000e+00,-1.000000000000000000e+00,-1.000000000000000000e+00,-1.000000000000000000e+00,-1.000000000000000000e+00,-1.000000000000000000e+00,-1.000000000000000000e+00,-1.000000000000000000e+00,-1.000000000000000000e+00,-1.000000000000000000e+00,-1.000000000000000000e+00,-1.000000000000000000e+00,-1.000000000000000000e+00,-1.000000000000000000e+00,-1.000000000000000000e+00,-1.000000000000000000e+00,-1.000000000000000000e+00,-1.000000000000000000e+00,-1.000000000000000000e+00,-1.000000000000000000e+00,-1.000000000000000000e+00,-1.000000000000000000e+00,-1.000000000000000000e+00,-1.000000000000000000e+00,-1.000000000000000000e+00,-1.000000000000000000e+00,-1.000000000000000000e+00,-1.000000000000000000e+00,-1.000000000000000000e+00,-1.000000000000000000e+00,-1.000000000000000000e+00,-1.000000000000000000e+00,-1.000000000000000000e+00,-1.000000000000000000e+00,-1.000000000000000000e+00,-1.000000000000000000e+00,-1.000000000000000000e+00,-1.000000000000000000e+00,-1.000000000000000000e+00,-1.000000000000000000e+00,-1.000000000000000000e+00,-1.000000000000000000e+00,-1.000000000000000000e+00,-1.000000000000000000e+00,-1.000000000000000000e+00,-1.000000000000000000e+00,-9.565808685558487845e-01,-9.566007644434468826e-01,-9.566591614444150959e-01,-9.567515326057095537e-01,-9.568677490753866310e-01,-9.569871492456684114e-01,-9.570693108849415154e-01,-9.570376833149200069e-01,-9.567517721314611201e-01,-9.559618610151905393e-01,-9.542386896530894447e-01,-9.508699679927551385e-01,-9.447177200855697565e-01,-9.340378050787496722e-01,-9.162791215381000942e-01,-8.879089748555204498e-01,-8.443555920495593448e-01,-7.802159794499536893e-01,-6.899301781277598078e-01,-5.691267911547092107e-01,-4.167191510729273407e-01,-2.374920585374619142e-01,-4.439049206928502578e-02,1.407225841606405403e-01,2.890798232606335283e-01,3.711237554430799612e-01,3.711237554572848207e-01,2.890798232411180280e-01,1.407225841334858174e-01,-4.439049212123236110e-02,-2.374920586470371520e-01,-4.167191511925972813e-01,-5.691267912802491225e-01,-6.899301782710143272e-01,-7.802159795917222862e-01,-8.443555921707270873e-01,-8.879089749702056000e-01,-9.162791216453803900e-01,-9.340378051563663631e-01,-9.447177201349882258e-01,-9.508699679876122524e-01,-9.542386896164746224e-01,-9.559618609249542764e-01,-9.567517719836653445e-01,-9.570376831083662328e-01,-9.570693106241864312e-01,-9.569871489071959392e-01,-9.568677487062718923e-01,-9.567515322067120520e-01,-9.566591610790433631e-01,-9.566007640633427123e-01,-9.565808681820558990e-01,-1.000000000000000000e+00,-1.000000000000000000e+00,-1.000000000000000000e+00,-1.000000000000000000e+00,-1.000000000000000000e+00,-1.000000000000000000e+00,-1.000000000000000000e+00,-1.000000000000000000e+00,-1.000000000000000000e+00,-1.000000000000000000e+00,-1.000000000000000000e+00,-1.000000000000000000e+00,-1.000000000000000000e+00,-1.000000000000000000e+00,-1.000000000000000000e+00,-1.000000000000000000e+00,-1.000000000000000000e+00,-1.000000000000000000e+00,-1.000000000000000000e+00,-1.000000000000000000e+00,-1.000000000000000000e+00,-1.000000000000000000e+00,-1.000000000000000000e+00,-1.000000000000000000e+00,-1.000000000000000000e+00,-1.000000000000000000e+00,-1.000000000000000000e+00,-1.000000000000000000e+00,-1.000000000000000000e+00,-1.000000000000000000e+00,-1.000000000000000000e+00,-1.000000000000000000e+00,-1.000000000000000000e+00,-1.000000000000000000e+00,-1.000000000000000000e+00,-1.000000000000000000e+00,-1.000000000000000000e+00,-1.000000000000000000e+00,-1.000000000000000000e+00,-1.000000000000000000e+00,-1.000000000000000000e+00,-1.000000000000000000e+00,-1.000000000000000000e+00,-1.000000000000000000e+00,-1.000000000000000000e+00,-1.000000000000000000e+00
-1.000000000000000000e+00,-1.000000000000000000e+00,-1.000000000000000000e+00,-1.000000000000000000e+00,-1.000000000000000000e+00,-1.000000000000000000e+00,-1.000000000000000000e+00,-1.000000000000000000e+00,-1.000000000000000000e+00,-1.000000000000000000e+00,-1.000000000000000000e+00,-1.000000000000000000e+00,-1.000000000000000000e+00,-1.000000000000000000e+00,-1.000000000000000000e+00,-1.000000000000000000e+00,-1.000000000000000000e+00,-1.000000000000000000e+00,-1.000000000000000000e+00,-1.000000000000000000e+00,-1.000000000000000000e+00,-1.000000000000000000e+00,-1.000000000000000000e+00,-1.000000000000000000e+00,-1.000000000000000000e+00,-1.000000000000000000e+00,-1.000000000000000000e+00,-1.000000000000000000e+00,-1.000000000000000000e+00,-1.000000000000000000e+00,-1.000000000000000000e+00,-1.000000000000000000e+00,-1.000000000000000000e+00,-1.000000000000000000e+00,-1.000000000000000000e+00,-1.000000000000000000e+00,-1.000000000000000000e+00,-1.000000000000000000e+00,-1.000000000000000000e+00,-1.000000000000000000e+00,-1.000000000000000000e+00,-1.000000000000000000e+00,-1.000000000000000000e+00,-1.000000000000000000e+00,-1.000000000000000000e+00,-1.000000000000000000e+00,-9.567066736426733664e-01,-9.567265016090842344e-01,-9.567846745874684089e-01,-9.568766733660148960e-01,-9.569923902427971418e-01,-9.571111973034127640e-01,-9.571927189187228180e-01,-9.571604673453284473e-01,-9.568740350922098070e-01,-9.560838301433877140e-01,-9.543607751113257764e-01,-9.509928528845574824e-01,-9.448424932135860432e-01,-9.341661459759749153e-01,-9.164135395123085281e-01,-8.880530862114508484e-01,-8.445143890263410169e-01,-7.803959999602725350e-01,-6.901394330374479580e-01,-5.693742650493034407e-01,-4.170137012734441706e-01,-2.378406472289311679e-01,-4.479592972599932832e-02,1.402638754279577071e-01,2.885792378691147686e-01,3.706001797954188159e-01,3.706001798006139936e-01,2.885792378602685115e-01,1.402638754140901334e-01,-4.479592976344415334e-02,-2.378406473028863433e-01,-4.170137013500834211e-01,-5.693742651635005370e-01,-6.901394331618082578e-01,-7.803960000833027877e-01,-8.445143891495036081e-01,-8.880530863441304934e-01,-9.164135396254264876e-01,-9.341661460606902612e-01,-9.448424932723954450e-01,-9.509928528986943963e-01,-9.543607750824438796e-01,-9.560838300386103050e-01,-9.568740349150912650e-01,-9.571604671061679781e-01,-9.571927186519586517e-01,-9.571111969921991536e-01,-9.569923899247728682e-01,-9.568766730253575048e-01,-9.567846742657550863e-01,-9.567265012564325488e-01,-9.567066732914242255e-01,-1.000000000000000000e+00,-1.000000000000000000e+00,-1.000000000000000000e+00,-1.000000000000000000e+00,-1.000000000000000000e+00,-1.000000000000000000e+00,-1.000000000000000000e+00,-1.000000000000000000e+00,-1.000000000000000000e+00,-1.000000000000000000e+00,-1.000000000000000000e+00,-1.000000000000000000e+00,-1.000000000000000000e+00,-1.000000000000000000e+00,-1.000000000000000000e+00,-1.000000000000000000e+00,-1.000000000000000000e+00,-1.000000000000000000e+00,-1.000000000000000000e+00,-1.000000000000000000e+00,-1.000000000000000000e+00,-1.000000000000000000e+00,-1.000000000000000000e+00,-1.000000000000000000e+00,-1.000000000000000000e+00,-1.000000000000000000e+00,-1.000000000000000000e+00,-1.000000000000000000e+00,-1.000000000000000000e+00,-1.000000000000000000e+00,-1.000000000000000000e+00,-1.000000000000000000e+00,-1.000000000000000000e+00,-1.000000000000000000e+00,-1.000000000000000000e+00,-1.000000000000000000e+00,-1.000000000000000000e+00,-1.000000000000000000e+00,-1.000000000000000000e+00,-1.000000000000000000e+00,-1.000000000000000000e+00,-1.000000000000000000e+00,-1.000000000000000000e+00,-1.000000000000000000e+00,-1.000000000000000000e+00,-1.000000000000000000e+00
-1.000000000000000000e+00,-1.000000000000000000e+00,-1.000000000000000000e+00,-1.000000000000000000e+00,-1.000000000000000000e+00,-1.000000000000000000e+00,-1.000000000000000000e+00,-1.000000000000000000e+00,-1.000000000000000000e+00,-1.000000000000000000e+00,-1.000000000000000000e+00,-1.000000000000000000e+00,-1.000000000000000000e+00,-1.000000000000000000e+00,-1.000000000000000000e+00,-1.000000000000000000e+00,-1.000000000000000000e+00,-1.000000000000000000e+00,-1.000000000000000000e+00,-1.000000000000000000e+00,-1.000000000000000000e+00,-1.000000000000000000e+00,-1.000000000000000000e+00,-1.000000000000000000e+00,-1.000000000000000000e+00,-1.000000000000000000e+00,-1.000000000000000000e+00,-1.000000000000000000e+00,-1.000000000000000000e+00,-1.000000000000000000e+00,-1.000000000000000000e+00,-1.000000000000000000e+00,-1.000000000000000000e+00,-1.000000000000000000e+00,-1.000000000000000000e+00,-1.000000000000000000e+00,-1.000000000000000000e+00,-1.000000000000000000e+00,-1.000000000000000000e+00,-1.000000000000000000e+00,-1.000000000000000000e+00,-1.000000000000000000e+00,-1.000000000000000000e+00,-1.000000000000000000e+00,-1.000000000000000000e+00,-1.000000000000000000e+00,-9.568312813206043543e-01,-9.568510166072413670e-01,-9.569088520281063825e-01,-9.570002749690434962e-01,-9.571152078609244107e-01,-9.572330723756018456e-01,-9.573135593729883430e-01,-9.572802663035897552e-01,-9.569928965033679402e-01,-9.562020073830638234e-01,-9.544787305051746218e-01,-9.511113484479845059e-01,-9.449627243079258276e-01,-9.342899277675161818e-01,-9.165435482102992637e-01,-8.881931390042916430e-01,-8.446697151758895128e-01,-7.805734098845807933e-01,-6.903472380347152049e-01,-5.696217582902537435e-01,-4.173100202959748595e-01,-2.381929513295314438e-01,-4.520707640259791216e-02,1.397976299808914025e-01,2.880697020109821427e-01,3.700668831066045161e-01,3.700668830971687306e-01,2.880697019999283182e-01,1.397976299440022441e-01,-4.520707646611910047e-02,-2.381929514222455024e-01,-4.173100204111929168e-01,-5.696217584361054076e-01,-6.903472381706168282e-01,-7.805734100345317339e-01,-8.446697153291784499e-01,-8.881931391552584376e-01,-9.165435483370216740e-01,-9.342899278763354687e-01,-9.449627243749031402e-01,-9.511113484530431261e-01,-9.544787304553428164e-01,-9.562020072699405349e-01,-9.569928963417798640e-01,-9.572802660896690963e-01,-9.573135591191139770e-01,-9.572330720562037820e-01,-9.571152075136295512e-01,-9.570002746088409618e-01,-9.569088517114342496e-01,-9.568510162906918026e-01,-9.568312810114245615e-01,-1.000000000000000000e+00,-1.000000000000000000e+00,-1.000000000000000000e+00,-1.000000000000000000e+00,-1.000000000000000000e+00,-1.000000000000000000e+00,-1.000000000000000000e+00,-1.000000000000000000e+00,-1.000000000000000000e+00,-1.000000000000000000e+00,-1.000000000000000000e+00,-1.000000000000000000e+00,-1.000000000000000000e+00,-1.000000000000000000e+00,-1.000000000000000000e+00,-1.000000000000000000e+00,-1.000000000000000000e+00,-1.000000000000000000e+00,-1.000000000000000000e+00,-1.000000000000000000e+00,-1.000000000000000000e+00,-1.000000000000000000e+00,-1.000000000000000000e+00,-1.000000000000000000e+00,-1.000000000000000000e+00,-1.000000000000000000e+00,-1.000000000000000000e+00,-1.000000000000000000e+00,-1.000000000000000000e+00,-1.000000000000000000e+00,-1.000000000000000000e+00,-1.000000000000000000e+00,-1.000000000000000000e+00,-1.000000000000000000e+00,-1.000000000000000000e+00,-1.000000000000000000e+00,-1.000000000000000000e+00,-1.000000000000000000e+00,-1.000000000000000000e+00,-1.000000000000000000e+00,-1.000000000000000000e+00,-1.000000000000000000e+00,-1.000000000000000000e+00,-1.000000000000000000e+00,-1.000000000000000000e+00,-1.000000000000000000e+00
-1.000000000000000000e+00,-1.000000000000000000e+00,-1.000000000000000000e+00,-1.000000000000000000e+00,-1.000000000000000000e+00,-1.000000000000000000e+00,-1.000000000000000000e+00,-1.000000000000000000e+00,-1.000000000000000000e+00,-1.000000000000000000e+00,-1.000000000000000000e+00,-1.000000000000000000e+00,-1.000000000000000000e+00,-1.000000000000000000e+00,-1.000000000000000000e+00,-1.000000000000000000e+00,-1.000000000000000000e+00,-1.000000000000000000e+00,-1.000000000000000000e+00,-1.000000000000000000e+00,-1.000000000000000000e+00,-1.000000000000000000e+00,-1.000000000000000000e+00,-1.000000000000000000e+00,-1.000000000000000000e+00,-1.000000000000000000e+00,-1.000000000000000000e+00,-1.000000000000000000e+00,-1.000000000000000000e+00,-1.000000000000000000e+00,-1.000000000000000000e+00,-1.000000000000000000e+00,-1.000000000000000000e+00,-1.000000000000000000e+00,-1.000000000000000000e+00,-1.000000000000000000e+00,-1.000000000000000000e+00,-1.000000000000000000e+00,-1.000000000000000000e+00,-1.000000000000000000e+00,-1.000000000000000000e+00,-1.000000000000000000e+00,-1.000000000000000000e+00,-1.000000000000000000e+00,-1.000000000000000000e+00,-1.000000000000000000e+00,-9.569528998089583682e-01,-9.569725252456063869e-01,-9.570298684554532365e-01,-9.571204163300868206e-01,-9.572341346497662551e-01,-9.573505205696888343e-01,-9.574293635569190997e-01,-9.573943813458061225e-01,-9.571054249957904325e-01,-9.563132393796331954e-01,-9.545892034387374325e-01,-9.512219374164515573e-01,-9.450747746954625272e-01,-9.344054406002940683e-01,-9.166654206700425300e-01,-8.883254438499581518e-01,-8.448179704851603855e-01,-7.807447442971986451e-01,-6.905503005922252191e-01,-5.698661777490086067e-01,-4.176052292234176955e-01,-2.385463071882435449e-01,-4.562146965256352882e-02,1.393261393061155928e-01,2.875533820911024829e-01,3.695259653341684825e-01,3.695259653197420224e-01,2.875533820820070918e-01,1.393261392615618988e-01,-4.562146971121183725e-02,-2.385463072738246426e-01,-4.176052293383576419e-01,-5.698661778764365637e-01,-6.905503007246831526e-01,-7.807447444557089611e-01,-8.448179706333721617e-01,-8.883254439984210604e-01,-9.166654208009658023e-01,-9.344054407100652604e-01,-9.450747747552030731e-01,-9.512219374279564654e-01,-9.545892034009336724e-01,-9.563132392667742510e-01,-9.571054248102595086e-01,-9.573943811050320551e-01,-9.574293632997441517e-01,-9.573505203045368228e-01,-9.572341343980583783e-01,-9.571204160920142590e-01,-9.570298682578666227e-01,-9.569725250473255507e-01,-9.569528996117214747e-01,-1.000000000000000000e+00,-1.000000000000000000e+00,-1.000000000000000000e+00,-1.000000000000000000e+00,-1.000000000000000000e+00,-1.000000000000000000e+00,-1.000000000000000000e+00,-1.000000000000000000e+00,-1.000000000000000000e+00,-1.000000000000000000e+00,-1.000000000000000000e+00,-1.000000000000000000e+00,-1.000000000000000000e+00,-1.000000000000000000e+00,-1.000000000000000000e+00,-1.000000000000000000e+00,-1.000000000000000000e+00,-1.000000000000000000e+00,-1.000000000000000000e+00,-1.000000000000000000e+00,-1.000000000000000000e+00,-1.000000000000000000e+00,-1.000000000000000000e+00,-1.000000000000000000e+00,-1.000000000000000000e+00,-1.000000000000000000e+00,-1.000000000000000000e+00,-1.000000000000000000e+00,-1.000000000000000000e+00,-1.000000000000000000e+00,-1.000000000000000000e+00,-1.000000000000000000e+00,-1.000000000000000000e+00,-1.000000000000000000e+00,-1.000000000000000000e+00,-1.000000000000000000e+00,-1.000000000000000000e+00,-1.000000000000000000e+00,-1.000000000000000000e+00,-1.000000000000000000e+00,-1.000000000000000000e+00,-1.000000000000000000e+00,-1.000000000000000000e+00,-1.000000000000000000e+00,-1.000000000000000000e+00,-1.000000000000000000e+00
-1.000000000000000000e+00,-1.000000000000000000e+00,-1.000000000000000000e+00,-1.000000000000000000e+00,-1.000000000000000000e+00,-1.000000000000000000e+00,-1.000000000000000000e+00,-1.000000000000000000e+00,-1.000000000000000000e+00,-1.000000000000000000e+00,-1.000000000000000000e+00,-1.000000000000000000e+00,-1.000000000000000000e+00,-1.000000000000000000e+00,-1.000000000000000000e+00,-1.000000000000000000e+00,-1.000000000000000000e+00,-1.000000000000000000e+00,-1.000000000000000000e+00,-1.000000000000000000e+00,-1.000000000000000000e+00,-1.000000000000000000e+00,-1.000000000000000000e+00,-1.000000000000000000e+00,-1.000000000000000000e+00,-1.000000000000000000e+00,-1.000000000000000000e+00,-1.000000000000000000e+00,-1.000000000000000000e+00,-1.000000000000000000e+00,-1.000000000000000000e+00,-1.000000000000000000e+00,-1.000000000000000000e+00,-1.000000000000000000e+00,-1.000000000000000000e+00,-1.000000000000000000e+00,-1.000000000000000000e+00,-1.000000000000000000e+00,-1.000000000000000000e+00,-1.000000000000000000e+00,-1.000000000000000000e+00,-1.000000000000000000e+00,-1.000000000000000000e+00,-1.000000000000000000e+00,-1.000000000000000000e+00,-1.000000000000000000e+00,-9.570690681007919531e-01,-9.570886071467411549e-01,-9.571452670646395378e-01,-9.572345124080926526e-01,-9.573463719964362406e-01,-9.574604619528085392e-01,-9.575367235619890449e-01,-9.574990512543132271e-01,-9.572075015411828369e-01,-9.564130650569865333e-01,-9.546874258724885598e-01,-9.513195974860549908e-01,-9.451734353525141907e-01,-9.345073672630448414e-01,-9.167738163401786267e-01,-8.884447228960129506e-01,-8.449540216676721949e-01,-7.809050873459842945e-01,-6.907439825218775198e-01,-5.701032077867193015e-01,-4.178953618520716562e-01,-2.388971037327389801e-01,-4.603583463823890387e-02,1.388523885851109529e-01,2.870330487336074654e-01,3.689800822611957187e-01,3.689800822516240419e-01,2.870330487239833861e-01,1.388523885409487235e-01,-4.603583469335759126e-02,-2.388971038230415234e-01,-4.178953619651543105e-01,-5.701032079033589994e-01,-6.907439826543591010e-01,-7.809050874897930372e-01,-8.449540218063668062e-01,-8.884447230539127549e-01,-9.167738164798523437e-01,-9.345073673820667448e-01,-9.451734354300324048e-01,-9.513195975138042382e-01,-9.546874258294114624e-01,-9.564130649350800484e-01,-9.572075013639799179e-01,-9.574990510556836698e-01,-9.575367233556103530e-01,-9.574604617352613367e-01,-9.573463717643035942e-01,-9.572345121801930645e-01,-9.571452668670078490e-01,-9.570886069663134821e-01,-9.570690679276568913e-01,-1.000000000000000000e+00,-1.000000000000000000e+00,-1.000000000000000000e+00,-1.000000000000000000e+00,-1.000000000000000000e+00,-1.000000000000000000e+00,-1.000000000000000000e+00,-1.000000000000000000e+00,-1.000000000000000000e+00,-1.000000000000000000e+00,-1.000000000000000000e+00,-1.000000000000000000e+00,-1.000000000000000000e+00,-1.000000000000000000e+00,-1.000000000000000000e+00,-1.000000000000000000e+00,-1.000000000000000000e+00,-1.000000000000000000e+00,-1.000000000000000000e+00,-1.000000000000000000e+00,-1.000000000000000000e+00,-1.000000000000000000e+00,-1.000000000000000000e+00,-1.000000000000000000e+00,-1.000000000000000000e+00,-1.000000000000000000e+00,-1.000000000000000000e+00,-1.000000000000000000e+00,-1.000000000000000000e+00,-1.000000000000000000e+00,-1.000000000000000000e+00,-1.000000000000000000e+00,-1.000000000000000000e+00,-1.000000000000000000e+00,-1.000000000000000000e+00,-1.000000000000000000e+00,-1.000000000000000000e+00,-1.000000000000000000e+00,-1.000000000000000000e+00,-1.000000000000000000e+00,-1.000000000000000000e+00,-1.000000000000000000e+00,-1.000000000000000000e+00,-1.000000000000000000e+00,-1.000000000000000000e+00,-1.000000000000000000e+00
-1.000000000000000000e+00,-1.000000000000000000e+00,-1.000000000000000000e+00,-1.000000000000000000e+00,-1.000000000000000000e+00,-1.000000000000000000e+00,-1.000000000000000000e+00,-1.000000000000000000e+00,-1.000000000000000000e+00,-1.000000000000000000e+00,-1.000000000000000000e+00,-1.000000000000000000e+00,-1.000000000000000000e+00,-1.000000000000000000e+00,-1.000000000000000000e+00,-1.000000000000000000e+00,-1.000000000000000000e+00,-1.000000000000000000e+00,-1.000000000000000000e+00,-1.000000000000000000e+00,-1.000000000000000000e+00,-1.000000000000000000e+00,-1.000000000000000000e+00,-1.000000000000000000e+00,-1.000000000000000000e+00,-1.000000000000000000e+00,-1.000000000000000000e+00,-1.000000000000000000e+00,-1.000000000000000000e+00,-1.000000000000000000e+00,-1.000000000000000000e+00,-1.000000000000000000e+00,-1.000000000000000000e+00,-1.000000000000000000e+00,-1.000000000000000000e+00,-1.000000000000000000e+00,-1.000000000000000000e+00,-1.000000000000000000e+00,-1.000000000000000000e+00,-1.000000000000000000e+00,-1.000000000000000000e+00,-1.000000000000000000e+00,-1.000000000000000000e+00,-1.000000000000000000e+00,-1.000000000000000000e+00,-1.000000000000000000e+00,-9.571763897268867893e-01,-9.571959927698092674e-01,-9.572517794922945633e-01,-9.573391379762732356e-01,-9.574481908168825939e-01,-9.575587484635751379e-01,-9.576309940108170826e-01,-9.575890905540279663e-01,-9.572933914332736327e-01,-9.564952235787931301e-01,-9.547666644615685483e-01,-9.513972040960910759e-01,-9.452512951535477770e-01,-9.345881323858677980e-01,-9.168611287212020677e-01,-8.885434743950092473e-01,-8.450706016246938290e-01,-7.810475232450584393e-01,-6.909218177543272610e-01,-5.703269081277788644e-01,-4.181750532678113474e-01,-2.392405684989642456e-01,-4.644596804692935343e-02,1.383800836512336652e-01,2.865120345697851345e-01,3.684323651922836174e-01,3.684323651845324843e-01,2.865120345357312637e-01,1.383800835826092257e-01,-4.644596814115475869e-02,-2.392405686373416662e-01,-4.181750534248648288e-01,-5.703269082939301793e-01,-6.909218179293776796e-01,-7.810475234122902233e-01,-8.450706017931104430e-01,-8.885434745693757685e-01,-9.168611288724581865e-01,-9.345881325255799288e-01,-9.452512952404990010e-01,-9.513972041111485867e-01,-9.547666644065380126e-01,-9.564952234809516174e-01,-9.572933913039916032e-01,-9.575890904054840114e-01,-9.576309938402750577e-01,-9.575587482916108062e-01,-9.574481906516287832e-01,-9.573391378721475276e-01,-9.572517794469016517e-01,-9.571959927529057888e-01,-9.571763897046314806e-01,-1.000000000000000000e+00,-1.000000000000000000e+00,-1.000000000000000000e+00,-1.000000000000000000e+00,-1.000000000000000000e+00,-1.000000000000000000e+00,-1.000000000000000000e+00,-1.000000000000000000e+00,-1.000000000000000000e+00,-1.000000000000000000e+00,-1.000000000000000000e+00,-1.000000000000000000e+00,-1.000000000000000000e+00,-1.000000000000000000e+00,-1.000000000000000000e+00,-1.000000000000000000e+00,-1.000000000000000000e+00,-1.000000000000000000e+00,-1.000000000000000000e+00,-1.000000000000000000e+00,-1.000000000000000000e+00,-1.000000000000000000e+00,-1.000000000000000000e+00,-1.000000000000000000e+00,-1.000000000000000000e+00,-1.000000000000000000e+00,-1.000000000000000000e+00,-1.000000000000000000e+00,-1.000000000000000000e+00,-1.000000000000000000e+00,-1.000000000000000000e+00,-1.000000000000000000e+00,-1.000000000000000000e+00,-1.000000000000000000e+00,-1.000000000000000000e+00,-1.000000000000000000e+00,-1.000000000000000000e+00,-1.000000000000000000e+00,-1.000000000000000000e+00,-1.000000000000000000e+00,-1.000000000000000000e+00,-1.000000000000000000e+00,-1.000000000000000000e+00,-1.000000000000000000e+00,-1.000000000000000000e+00,-1.000000000000000000e+00
-1.000000000000000000e+00,-1.000000000000000000e+00,-1.000000000000000000e+00,-1.000000000000000000e+00,-1.000000000000000000e+00,-1.000000000000000000e+00,-1.000000000000000000e+00,-1.000000000000000000e+00,-1.000000000000000000e+00,-1.000000000000000000e+00,-1.000000000000000000e+00,-1.000000000000000000e+00,-1.000000000000000000e+00,-1.000000000000000000e+00,-1.000000000000000000e+00,-1.000000000000000000e+00,-1.000000000000000000e+00,-1.000000000000000000e+00,-1.000000000000000000e+00,-1.000000000000000000e+00,-1.000000000000000000e+00,-1.000000000000000000e+00,-1.000000000000000000e+00,-1.000000000000000000e+00,-1.000000000000000000e+00,-1.000000000000000000e+00,-1.000000000000000000e+00,-1.000000000000000000e+00,-1.000000000000000000e+00,-1.000000000000000000e+00,-1.000000000000000000e+00,-1.000000000000000000e+00,-1.000000000000000000e+00,-1.000000000000000000e+00,-1.000000000000000000e+00,-1.000000000000000000e+00,-1.000000000000000000e+00,-1.000000000000000000e+00,-1.000000000000000000e+00,-1.000000000000000000e+00,-1.000000000000000000e+00,-1.000000000000000000e+00,-1.000000000000000000e+00,-1.000000000000000000e+00,-1.000000000000000000e+00,-1.000000000000000000e+00,-9.572701331618307385e-01,-9.572902856700338248e-01,-9.573451306470163180e-01,-9.574298591540856274e-01,-9.575347395372104664e-01,-9.576399120139659216e-01,-9.577059576276738539e-01,-9.576574605430450138e-01,-9.573552167634503673e-01,-9.565510308447543464e-01,-9.548175098298268271e-01,-9.514447472287923535e-01,-9.452979052289732786e-01,-9.346370384126756470e-01,-9.169166199146279173e-01,-8.886111346774103747e-01,-8.451575276406446680e-01,-7.811624377791169804e-01,-6.910749224363412768e-01,-5.705292559694444821e-01,-4.184372341885818081e-01,-2.395706284869433267e-01,-4.684676914713392648e-02,1.379134625879185894e-01,2.859939223742324899e-01,3.678860406345496603e-01,3.678860406326711630e-01,2.859939223322587321e-01,1.379134625233990885e-01,-4.684676924599362469e-02,-2.395706286191042755e-01,-4.184372343340169165e-01,-5.705292561234479587e-01,-6.910749225879042612e-01,-7.811624379253536699e-01,-8.451575277957874555e-01,-8.886111348278709077e-01,-9.169166200539535794e-01,-9.346370385350806220e-01,-9.452979052906035351e-01,-9.514447472499557579e-01,-9.548175098141956640e-01,-9.565510307849725002e-01,-9.573552166475303160e-01,-9.576574604070173802e-01,-9.577059575067685682e-01,-9.576399119418458339e-01,-9.575347394706856807e-01,-9.574298591249060797e-01,-9.573451306322329213e-01,-9.572902856829651475e-01,-9.572701331827694338e-01,-1.000000000000000000e+00,-1.000000000000000000e+00,-1.000000000000000000e+00,-1.000000000000000000e+00,-1.000000000000000000e+00,-1.000000000000000000e+00,-1.000000000000000000e+00,-1.000000000000000000e+00,-1.000000000000000000e+00,-1.000000000000000000e+00,-1.000000000000000000e+00,-1.000000000000000000e+00,-1.000000000000000000e+00,-1.000000000000000000e+00,-1.000000000000000000e+00,-1.000000000000000000e+00,-1.000000000000000000e+00,-1.000000000000000000e+00,-1.000000000000000000e+00,-1.000000000000000000e+00,-1.000000000000000000e+00,-1.000000000000000000e+00,-1.000000000000000000e+00,-1.000000000000000000e+00,-1.000000000000000000e+00,-1.000000000000000000e+00,-1.000000000000000000e+00,-1.000000000000000000e+00,-1.000000000000000000e+00,-1.000000000000000000e+00,-1.000000000000000000e+00,-1.000000000000000000e+00,-1.000000000000000000e+00,-1.000000000000000000e+00,-1.000000000000000000e+00,-1.000000000000000000e+00,-1.000000000000000000e+00,-1.000000000000000000e+00,-1.000000000000000000e+00,-1.000000000000000000e+00,-1.000000000000000000e+00,-1.000000000000000000e+00,-1.000000000000000000e+00,-1.000000000000000000e+00,-1.000000000000000000e+00,-1.000000000000000000e+00
-1.000000000000000000e+00,-1.000000000000000000e+00,-1.000000000000000000e+00,-1.000000000000000000e+00,-1.000000000000000000e+00,-1.000000000000000000e+00,-1.000000000000000000e+00,-1.000000000000000000e+00,-1.000000000000000000e+00,-1.000000000000000000e+00,-1.000000000000000000e+00,-1.000000000000000000e+00,-1.000000000000000000e+00,-1.000000000000000000e+00,-1.000000000000000000e+00,-1.000000000000000000e+00,-1.000000000000000000e+00,-1.000000000000000000e+00,-1.000000000000000000e+00,-1.000000000000000000e+00,-1.000000000000000000e+00,-1.000000000000000000e+00,-1.000000000000000000e+00,-1.000000000000000000e+00,-1.000000000000000000e+00,-1.000000000000000000e+00,-1.000000000000000000e+00,-1.000000000000000000e+00,-1.000000000000000000e+00,-1.000000000000000000e+00,-1.000000000000000000e+00,-1.000000000000000000e+00,-1.000000000000000000e+00,-1.000000000000000000e+00,-1.000000000000000000e+00,-1.000000000000000000e+00,-1.000000000000000000e+00,-1.000000000000000000e+00,-1.000000000000000000e+00,-1.000000000000000000e+00,-1.000000000000000000e+00,-1.000000000000000000e+00,-1.000000000000000000e+00,-1.000000000000000000e+00,-1.000000000000000000e+00,-1.000000000000000000e+00,-9.573435866647717063e-01,-9.573655818562065711e-01,-9.574198436024554670e-01,-9.575011183156185712e-01,-9.575999170331533916e-01,-9.576969602562830364e-01,-9.577535034365196598e-01,-9.576948083384410060e-01,-9.573823487690616973e-01,-9.565686287398521559e-01,-9.548269957407352626e-01,-9.514483419650358043e-01,-9.452987102402972130e-01,-9.346391539118383829e-01,-9.169253077066550350e-01,-8.886330090695612194e-01,-8.452007215752448399e-01,-7.812366715529630579e-01,-6.911913233484726637e-01,-5.706996902176955100e-01,-4.186729284673700313e-01,-2.398799898349299742e-01,-4.723261283119617460e-02,1.374566474795613225e-01,2.854816785149378866e-01,3.673434418818541936e-01,3.673434418765513243e-01,2.854816784551399422e-01,1.374566473937752775e-01,-4.723261296795866482e-02,-2.398799900011810982e-01,-4.186729286561624575e-01,-5.706996904066778953e-01,-6.911913235235134234e-01,-7.812366717163599095e-01,-8.452007217376302783e-01,-8.886330092279369763e-01,-9.169253078639713062e-01,-9.346391540440646128e-01,-9.452987103266478064e-01,-9.514483420285142490e-01,-9.548269957556908549e-01,-9.565686287149279821e-01,-9.573823487379925501e-01,-9.576948083254748223e-01,-9.577535034252930846e-01,-9.576969602549646465e-01,-9.575999170068435484e-01,-9.575011183425481409e-01,-9.574198436653980071e-01,-9.573655819549624635e-01,-9.573435867663984133e-01,-1.000000000000000000e+00,-1.000000000000000000e+00,-1.000000000000000000e+00,-1.000000000000000000e+00,-1.000000000000000000e+00,-1.000000000000000000e+00,-1.000000000000000000e+00,-1.000000000000000000e+00,-1.000000000000000000e+00,-1.000000000000000000e+00,-1.000000000000000000e+00,-1.000000000000000000e+00,-1.000000000000000000e+00,-1.000000000000000000e+00,-1.000000000000000000e+00,-1.000000000000000000e+00,-1.000000000000000000e+00,-1.000000000000000000e+00,-1.000000000000000000e+00,-1.000000000000000000e+00,-1.000000000000000000e+00,-1.000000000000000000e+00,-1.000000000000000000e+00,-1.000000000000000000e+00,-1.000000000000000000e+00,-1.000000000000000000e+00,-1.000000000000000000e+00,-1.000000000000000000e+00,-1.000000000000000000e+00,-1.000000000000000000e+00,-1.000000000000000000e+00,-1.000000000000000000e+00,-1.000000000000000000e+00,-1.000000000000000000e+00,-1.000000000000000000e+00,-1.000000000000000000e+00,-1.000000000000000000e+00,-1.000000000000000000e+00,-1.000000000000000000e+00,-1.000000000000000000e+00,-1.000000000000000000e+00,-1.000000000000000000e+00,-1.000000000000000000e+00,-1.000000000000000000e+00,-1.000000000000000000e+00,-1.000000000000000000e+00
-1.000000000000000000e+00,-1.000000000000000000e+00,-1.000000000000000000e+00,-1.000000000000000000e+00,-1.000000000000000000e+00,-1.000000000000000000e+00,-1.000000000000000000e+00,-1.000000000000000000e+00,-1.000000000000000000e+00,-1.000000000000000000e+00,-1.000000000000000000e+00,-1.000000000000000000e+00,-1.000000000000000000e+00,-1.000000000000000000e+00,-1.000000000000000000e+00,-1.000000000000000000e+00,-1.000000000000000000e+00,-1.000000000000000000e+00,-1.000000000000000000e+00,-1.000000000000000000e+00,-1.000000000000000000e+00,-1.000000000000000000e+00,-1.000000000000000000e+00,-1.000000000000000000e+00,-1.000000000000000000e+00,-1.000000000000000000e+00,-1.000000000000000000e+00,-1.000000000000000000e+00,-1.000000000000000000e+00,-1.000000000000000000e+00,-1.000000000000000000e+00,-1.000000000000000000e+00,-1.000000000000000000e+00,-1.000000000000000000e+00,-1.000000000000000000e+00,-1.000000000000000000e+00,-1.000000000000000000e+00,-1.000000000000000000e+00,-1.000000000000000000e+00,-1.000000000000000000e+00,-1.000000000000000000e+00,-1.000000000000000000e+00,-1.000000000000000000e+00,-1.000000000000000000e+00,-1.000000000000000000e+00,-1.000000000000000000e+00,-9.573869483825176996e-01,-9.574139126931228150e-01,-9.574690738798045109e-01,-9.575462581754440317e-01,-9.576364176062637235e-01,-9.577213271518351112e-01,-9.577634139761057597e-01,-9.576890542416157670e-01,-9.573607811386404265e-01,-9.565321474692112247e-01,-9.547775686585943111e-01,-9.513890368532099684e-01,-9.452337387823386283e-01,-9.345739396502158458e-01,-9.168665903581177945e-01,-8.885889651346272622e-01,-8.451810425150013684e-01,-7.812525614363283744e-01,-6.912552772704262383e-01,-5.708247784319753215e-01,-4.188713351642607829e-01,-2.401606908739751800e-01,-4.759840039666329847e-02,1.370121204195260400e-01,2.849757499191443166e-01,3.668038932218240511e-01,3.668038932050095013e-01,2.849757498392913035e-01,1.370121203034559976e-01,-4.759840056660202823e-02,-2.401606910652125393e-01,-4.188713353826349906e-01,-5.708247786401918766e-01,-6.912552774691417268e-01,-7.812525616170297171e-01,-8.451810426850516755e-01,-8.885889652939835681e-01,-9.168665905020830786e-01,-9.345739397736961829e-01,-9.452337388819521680e-01,-9.513890369212949505e-01,-9.547775686827606467e-01,-9.565321474876178343e-01,-9.573607811701916326e-01,-9.576890542663949457e-01,-9.577634139854078743e-01,-9.577213271945159700e-01,-9.576364176635739911e-01,-9.575462583028951924e-01,-9.574690740317264304e-01,-9.574139128519834063e-01,-9.573869485150595660e-01,-1.000000000000000000e+00,-1.000000000000000000e+00,-1.000000000000000000e+00,-1.000000000000000000e+00,-1.000000000000000000e+00,-1.000000000000000000e+00,-1.000000000000000000e+00,-1.000000000000000000e+00,-1.000000000000000000e+00,-1.000000000000000000e+00,-1.000000000000000000e+00,-1.000000000000000000e+00,-1.000000000000000000e+00,-1.000000000000000000e+00,-1.000000000000000000e+00,-1.000000000000000000e+00,-1.000000000000000000e+00,-1.000000000000000000e+00,-1.000000000000000000e+00,-1.000000000000000000e+00,-1.000000000000000000e+00,-1.000000000000000000e+00,-1.000000000000000000e+00,-1.000000000000000000e+00,-1.000000000000000000e+00,-1.000000000000000000e+00,-1.000000000000000000e+00,-1.000000000000000000e+00,-1.000000000000000000e+00,-1.000000000000000000e+00,-1.000000000000000000e+00,-1.000000000000000000e+00,-1.000000000000000000e+00,-1.000000000000000000e+00,-1.000000000000000000e+00,-1.000000000000000000e+00,-1.000000000000000000e+00,-1.000000000000000000e+00,-1.000000000000000000e+00,-1.000000000000000000e+00,-1.000000000000000000e+00,-1.000000000000000000e+00,-1.000000000000000000e+00,-1.000000000000000000e+00,-1.000000000000000000e+00,-1.000000000000000000e+00
-1.000000000000000000e+00,-1.000000000000000000e+00,-1.000000000000000000e+00,-1.000000000000000000e+00,-1.000000000000000000e+00,-1.000000000000000000e+00,-1.000000000000000000e+00,-1.000000000000000000e+00,-1.000000000000000000e+00,-1.000000000000000000e+00,-1.000000000000000000e+00,-1.000000000000000000e+00,-1.000000000000000000e+00,-1.000000000000000000e+00,-1.000000000000000000e+00,-1.000000000000000000e+00,-1.000000000000000000e+00,-1.000000000000000000e+00,-1.000000000000000000e+00,-1.000000000000000000e+00,-1.000000000000000000e+00,-1.000000000000000000e+00,-1.000000000000000000e+00,-1.000000000000000000e+00,-1.000000000000000000e+00,-1.000000000000000000e+00,-1.000000000000000000e+00,-1.000000000000000000e+00,-1.000000000000000000e+00,-1.000000000000000000e+00,-1.000000000000000000e+00,-1.000000000000000000e+00,-1.000000000000000000e+00,-1.000000000000000000e+00,-1.000000000000000000e+00,-1.000000000000000000e+00,-1.000000000000000000e+00,-1.000000000000000000e+00,-1.000000000000000000e+00,-1.000000000000000000e+00,-1.000000000000000000e+00,-1.000000000000000000e+00,-1.000000000000000000e+00,-1.000000000000000000e+00,-1.000000000000000000e+00,-1.000000000000000000e+00,-9.573853101661770060e-01,-9.574243401553678146e-01,-9.574844888065849879e-01,-9.575578071928509960e-01,-9.576361166865295926e-01,-9.577031556958874869e-01,-9.577234267170268156e-01,-9.576251710309647835e-01,-9.572726034189393829e-01,-9.564208753782283967e-01,-9.546459779099576437e-01,-9.512414682686246570e-01,-9.450760839514307232e-01,-9.344136335056701936e-01,-9.167126291691348738e-01,-8.884519185634156546e-01,-8.450729850514278052e-01,-7.811869591509852384e-01,-6.912467208461140489e-01,-5.708882147543650198e-01,-4.190204930992067478e-01,-2.404055369434184852e-01,-4.794182162960580751e-02,1.365776646654561777e-01,2.844703610362968593e-01,3.662596433406628549e-01,3.662596433199021284e-01,2.844703609674159583e-01,1.365776645545961898e-01,-4.794182178715955533e-02,-2.404055371208471126e-01,-4.190204932998143894e-01,-5.708882149328839972e-01,-6.912467210133970141e-01,-7.811869592907632054e-01,-8.450729851877991639e-01,-8.884519186940512681e-01,-9.167126292909010266e-01,-9.344136336256732012e-01,-9.450760840522387518e-01,-9.512414683479912814e-01,-9.546459779979108440e-01,-9.564208754745876506e-01,-9.572726034954456287e-01,-9.576251710924725824e-01,-9.577234268070207168e-01,-9.577031558413573453e-01,-9.576361168147480285e-01,-9.575578073162761550e-01,-9.574844889151156169e-01,-9.574243402853030993e-01,-9.573853102947315064e-01,-1.000000000000000000e+00,-1.000000000000000000e+00,-1.000000000000000000e+00,-1.000000000000000000e+00,-1.000000000000000000e+00,-1.000000000000000000e+00,-1.000000000000000000e+00,-1.000000000000000000e+00,-1.000000000000000000e+00,-1.000000000000000000e+00,-1.000000000000000000e+00,-1.000000000000000000e+00,-1.000000000000000000e+00,-1.000000000000000000e+00,-1.000000000000000000e+00,-1.000000000000000000e+00,-1.000000000000000000e+00,-1.000000000000000000e+00,-1.000000000000000000e+00,-1.000000000000000000e+00,-1.000000000000000000e+00,-1.000000000000000000e+00,-1.000000000000000000e+00,-1.000000000000000000e+00,-1.000000000000000000e+00,-1.000000000000000000e+00,-1.000000000000000000e+00,-1.000000000000000000e+00,-1.000000000000000000e+00,-1.000000000000000000e+00,-1.000000000000000000e+00,-1.000000000000000000e+00,-1.000000000000000000e+00,-1.000000000000000000e+00,-1.000000000000000000e+00,-1.000000000000000000e+00,-1.000000000000000000e+00,-1.000000000000000000e+00,-1.000000000000000000e+00,-1.000000000000000000e+00,-1.000000000000000000e+00,-1.000000000000000000e+00,-1.000000000000000000e+00,-1.000000000000000000e+00,-1.000000000000000000e+00,-1.000000000000000000e+00
-1.000000000000000000e+00,-1.000000000000000000e+00,-1.000000000000000000e+00,-1.000000000000000000e+00,-1.000000000000000000e+00,-1.000000000000000000e+00,-1.000000000000000000e+00,-1.000000000000000000e+00,-1.000000000000000000e+00,-1.000000000000000000e+00,-1.000000000000000000e+00,-1.000000000000000000e+00,-1.000000000000000000e+00,-1.000000000000000000e+00,-1.000000000000000000e+00,-1.000000000000000000e+00,-1.000000000000000000e+00,-1.000000000000000000e+00,-1.000000000000000000e+00,-1.000000000000000000e+00,-1.000000000000000000e+00,-1.000000000000000000e+00,-1.000000000000000000e+00,-1.000000000000000000e+00,-1.000000000000000000e+00,-1.000000000000000000e+00,-1.000000000000000000e+00,-1.000000000000000000e+00,-1.000000000000000000e+00,-1.000000000000000000e+00,-1.000000000000000000e+00,-1.000000000000000000e+00,-1.000000000000000000e+00,-1.000000000000000000e+00,-1.000000000000000000e+00,-1.000000000000000000e+00,-1.000000000000000000e+00,-1.000000000000000000e+00,-1.000000000000000000e+00,-1.000000000000000000e+00,-1.000000000000000000e+00,-1.000000000000000000e+00,-1.000000000000000000e+00,-1.000000000000000000e+00,-1.000000000000000000e+00,-1.000000000000000000e+00,-9.573149034432080207e-01,-9.573813558064691032e-01,-9.574561658727215319e-01,-9.575281803659674296e-01,-9.575910331462134106e-01,-9.576321730236160290e-01,-9.576198235852975138e-01,-9.574853867747674663e-01,-9.570957763170631072e-01,-9.562086066571300336e-01,-9.544022273003817114e-01,-9.509724752209661736e-01,-9.447902667480114758e-01,-9.341214727405928731e-01,-9.164265646017081268e-01,-8.881861995600189852e-01,-8.448433594097830568e-01,-7.810103889152860690e-01,-6.911410793139947106e-01,-5.708714701548396331e-01,-4.191089742421050257e-01,-2.406110214595003072e-01,-4.826761554484126915e-02,1.361407974320101300e-01,2.839468809383567383e-01,3.656886279114066607e-01,3.656886278804269974e-01,2.839468808629619367e-01,1.361407973022723539e-01,-4.826761571257842665e-02,-2.406110216535106705e-01,-4.191089744555962504e-01,-5.708714703558985804e-01,-6.911410795059715895e-01,-7.810103890768180790e-01,-8.448433595682847130e-01,-8.881861997042200807e-01,-9.164265647524282299e-01,-9.341214728984174043e-01,-9.447902668914969215e-01,-9.509724753679904552e-01,-9.544022274639891723e-01,-9.562086068104126424e-01,-9.570957764788613487e-01,-9.574853869657393712e-01,-9.576198237923028156e-01,-9.576321732194874592e-01,-9.575910333097027438e-01,-9.575281805549981096e-01,-9.574561660748739378e-01,-9.573813559979934551e-01,-9.573149036124174449e-01,-1.000000000000000000e+00,-1.000000000000000000e+00,-1.000000000000000000e+00,-1.000000000000000000e+00,-1.000000000000000000e+00,-1.000000000000000000e+00,-1.000000000000000000e+00,-1.000000000000000000e+00,-1.000000000000000000e+00,-1.000000000000000000e+00,-1.000000000000000000e+00,-1.000000000000000000e+00,-1.000000000000000000e+00,-1.000000000000000000e+00,-1.000000000000000000e+00,-1.000000000000000000e+00,-1.000000000000000000e+00,-1.000000000000000000e+00,-1.000000000000000000e+00,-1.000000000000000000e+00,-1.000000000000000000e+00,-1.000000000000000000e+00,-1.000000000000000000e+00,-1.000000000000000000e+00,-1.000000000000000000e+00,-1.000000000000000000e+00,-1.000000000000000000e+00,-1.000000000000000000e+00,-1.000000000000000000e+00,-1.000000000000000000e+00,-1.000000000000000000e+00,-1.000000000000000000e+00,-1.000000000000000000e+00,-1.000000000000000000e+00,-1.000000000000000000e+00,-1.000000000000000000e+00,-1.000000000000000000e+00,-1.000000000000000000e+00,-1.000000000000000000e+00,-1.000000000000000000e+00,-1.000000000000000000e+00,-1.000000000000000000e+00,-1.000000000000000000e+00,-1.000000000000000000e+00,-1.000000000000000000e+00,-1.000000000000000000e+00
-1.000000000000000000e+00,-1.000000000000000000e+00,-1.000000000000000000e+00,-1.000000000000000000e+00,-1.000000000000000000e+00,-1.000000000000000000e+00,-1.000000000000000000e+00,-1.000000000000000000e+00,-1.000000000000000000e+00,-1.000000000000000000e+00,-1.000000000000000000e+00,-1.000000000000000000e+00,-1.000000000000000000e+00,-1.000000000000000000e+00,-1.000000000000000000e+00,-1.000000000000000000e+00,-1.000000000000000000e+00,-1.000000000000000000e+00,-1.000000000000000000e+00,-1.000000000000000000e+00,-1.000000000000000000e+00,-1.000000000000000000e+00,-1.000000000000000000e+00,-1.000000000000000000e+00,-1.000000000000000000e+00,-1.000000000000000000e+00,-1.000000000000000000e+00,-1.000000000000000000e+00,-1.000000000000000000e+00,-1.000000000000000000e+00,-1.000000000000000000e+00,-1.000000000000000000e+00,-1.000000000000000000e+00,-1.000000000000000000e+00,-1.000000000000000000e+00,-1.000000000000000000e+00,-1.000000000000000000e+00,-1.000000000000000000e+00,-1.000000000000000000e+00,-1.000000000000000000e+00,-1.000000000000000000e+00,-1.000000000000000000e+00,-1.000000000000000000e+00,-1.000000000000000000e+00,-1.000000000000000000e+00,-1.000000000000000000e+00,-9.571360977103201551e-01,-9.572619014711477581e-01,-9.573723654552905860e-01,-9.574509480893844682e-01,-9.574951572690376667e-01,-9.574994922409681974e-01,-9.574388839871619261e-01,-9.572501283180506748e-01,-9.568044990209372269e-01,-9.558634257714688776e-01,-9.540088152396123400e-01,-9.505398725113273217e-01,-9.443306555105795974e-01,-9.336499090152645675e-01,-9.159607155058496764e-01,-8.877459610952818103e-01,-8.444501460174786978e-01,-7.806865884115852250e-01,-6.909097563899635475e-01,-5.707555314612735575e-01,-4.191292029210896830e-01,-2.407825408723507365e-01,-4.859488781052045958e-02,1.356693764185861184e-01,2.833627216670466797e-01,3.650423942639395847e-01,3.650423942324112492e-01,2.833627216008005600e-01,1.356693762934413350e-01,-4.859488796675770494e-02,-2.407825410626525109e-01,-4.191292031199480572e-01,-5.707555316589951744e-01,-6.909097565735116131e-01,-7.806865885759471935e-01,-8.444501461821154464e-01,-8.877459612412950118e-01,-9.159607156664426597e-01,-9.336499091726822019e-01,-9.443306556754185177e-01,-9.505398727051879160e-01,-9.540088154307572177e-01,-9.558634259535601085e-01,-9.568044992392248371e-01,-9.572501285367277513e-01,-9.574388841810165252e-01,-9.574994924245069372e-01,-9.574951574464938275e-01,-9.574509482712850739e-01,-9.573723656163382056e-01,-9.572619015839429757e-01,-9.571360977846189444e-01,-1.000000000000000000e+00,-1.000000000000000000e+00,-1.000000000000000000e+00,-1.000000000000000000e+00,-1.000000000000000000e+00,-1.000000000000000000e+00,-1.000000000000000000e+00,-1.000000000000000000e+00,-1.000000000000000000e+00,-1.000000000000000000e+00,-1.000000000000000000e+00,-1.000000000000000000e+00,-1.000000000000000000e+00,-1.000000000000000000e+00,-1.000000000000000000e+00,-1.000000000000000000e+00,-1.000000000000000000e+00,-1.000000000000000000e+00,-1.000000000000000000e+00,-1.000000000000000000e+00,-1.000000000000000000e+00,-1.000000000000000000e+00,-1.000000000000000000e+00,-1.000000000000000000e+00,-1.000000000000000000e+00,-1.000000000000000000e+00,-1.000000000000000000e+00,-1.000000000000000000e+00,-1.000000000000000000e+00,-1.000000000000000000e+00,-1.000000000000000000e+00,-1.000000000000000000e+00,-1.000000000000000000e+00,-1.000000000000000000e+00,-1.000000000000000000e+00,-1.000000000000000000e+00,-1.000000000000000000e+00,-1.000000000000000000e+00,-1.000000000000000000e+00,-1.000000000000000000e+00,-1.000000000000000000e+00,-1.000000000000000000e+00,-1.000000000000000000e+00,-1.000000000000000000e+00,-1.000000000000000000e+00,-1.000000000000000000e+00
-1.000000000000000000e+00,-1.000000000000000000e+00,-1.000000000000000000e+00,-1.000000000000000000e+00,-1.000000000000000000e+00,-1.000000000000000000e+00,-1.000000000000000000e+00,-1.000000000000000000e+00,-1.000000000000000000e+00,-1.000000000000000000e+00,-1.000000000000000000e+00,-1.000000000000000000e+00,-1.000000000000000000e+00,-1.000000000000000000e+00,-1.000000000000000000e+00,-1.000000000000000000e+00,-1.000000000000000000e+00,-1.000000000000000000e+00,-1.000000000000000000e+00,-1.000000000000000000e+00,-1.000000000000000000e+00,-1.000000000000000000e+00,-1.000000000000000000e+00,-1.000000000000000000e+00,-1.000000000000000000e+00,-1.000000000000000000e+00,-1.000000000000000000e+00,-1.000000000000000000e+00,-1.000000000000000000e+00,-1.000000000000000000e+00,-1.000000000000000000e+00,-1.000000000000000000e+00,-1.000000000000000000e+00,-1.000000000000000000e+00,-1.000000000000000000e+00,-1.000000000000000000e+00,-1.000000000000000000e+00,-1.000000000000000000e+00,-1.000000000000000000e+00,-1.000000000000000000e+00,-1.000000000000000000e+00,-1.000000000000000000e+00,-1.000000000000000000e+00,-1.000000000000000000e+00,-1.000000000000000000e+00,-1.000000000000000000e+00,-9.567805576100761877e-01,-9.570297669551846020e-01,-9.572187768732456359e-01,-9.573227312734970962e-01,-9.573474193886307715e-01,-9.573007003579324659e-01,-9.571695807624487351e-01,-9.569000774912442830e-01,-9.563705232713826110e-01,-9.553482621872551039e-01,-9.534205732865888017e-01,-9.498916674343199640e-01,-9.436402029557785509e-01,-9.329390579026560770e-01,-9.152549931187013987e-01,-8.870738683115260148e-01,-8.438417912502029772e-01,-7.801727478736929511e-01,-6.905216976682790886e-01,-5.705242440930182735e-01,-4.190831001111295917e-01,-2.409428575252331450e-01,-4.896875290590207985e-02,1.350967779216885045e-01,2.826338769273915030e-01,3.642271280620477114e-01,3.642271280383966303e-01,2.826338768829632642e-01,1.350967778289162702e-01,-4.896875302045311518e-02,-2.409428576762184804e-01,-4.190831002625976520e-01,-5.705242442536684333e-01,-6.905216978045374265e-01,-7.801727480028270989e-01,-8.438417913831891548e-01,-8.870738684458064904e-01,-9.152549932845259750e-01,-9.329390580710972269e-01,-9.436402031551547331e-01,-9.498916676631125044e-01,-9.534205735278384886e-01,-9.553482624647128274e-01,-9.563705235735076027e-01,-9.569000777467683294e-01,-9.571695810097460289e-01,-9.573007006214936387e-01,-9.573474196051413587e-01,-9.573227314101576679e-01,-9.572187769834604731e-01,-9.570297670693090897e-01,-9.567805577220300783e-01,-1.000000000000000000e+00,-1.000000000000000000e+00,-1.000000000000000000e+00,-1.000000000000000000e+00,-1.000000000000000000e+00,-1.000000000000000000e+00,-1.000000000000000000e+00,-1.000000000000000000e+00,-1.000000000000000000e+00,-1.000000000000000000e+00,-1.000000000000000000e+00,-1.000000000000000000e+00,-1.000000000000000000e+00,-1.000000000000000000e+00,-1.000000000000000000e+00,-1.000000000000000000e+00,-1.000000000000000000e+00,-1.000000000000000000e+00,-1.000000000000000000e+00,-1.000000000000000000e+00,-1.000000000000000000e+00,-1.000000000000000000e+00,-1.000000000000000000e+00,-1.000000000000000000e+00,-1.000000000000000000e+00,-1.000000000000000000e+00,-1.000000000000000000e+00,-1.000000000000000000e+00,-1.000000000000000000e+00,-1.000000000000000000e+00,-1.000000000000000000e+00,-1.000000000000000000e+00,-1.000000000000000000e+00,-1.000000000000000000e+00,-1.000000000000000000e+00,-1.000000000000000000e+00,-1.000000000000000000e+00,-1.000000000000000000e+00,-1.000000000000000000e+00,-1.000000000000000000e+00,-1.000000000000000000e+00,-1.000000000000000000e+00,-1.000000000000000000e+00,-1.000000000000000000e+00,-1.000000000000000000e+00,-1.000000000000000000e+00
-1.000000000000000000e+00,-1.000000000000000000e+00,-1.000000000000000000e+00,-1.000000000000000000e+00,-1.000000000000000000e+00,-1.000000000000000000e+00,-1.000000000000000000e+00,-1.000000000000000000e+00,-1.000000000000000000e+00,-1.000000000000000000e+00,-1.000000000000000000e+00,-1.000000000000000000e+00,-1.000000000000000000e+00,-1.000000000000000000e+00,-1.000000000000000000e+00,-1.000000000000000000e+00,-1.000000000000000000e+00,-1.000000000000000000e+00,-1.000000000000000000e+00,-1.000000000000000000e+00,-1.000000000000000000e+00,-1.000000000000000000e+00,-1.000000000000000000e+00,-1.000000000000000000e+00,-1.000000000000000000e+00,-1.000000000000000000e+00,-1.000000000000000000e+00,-1.000000000000000000e+00,-1.000000000000000000e+00,-1.000000000000000000e+00,-1.000000000000000000e+00,-1.000000000000000000e+00,-1.000000000000000000e+00,-1.000000000000000000e+00,-1.000000000000000000e+00,-1.000000000000000000e+00,-1.000000000000000000e+00,-1.000000000000000000e+00,-1.000000000000000000e+00,-1.000000000000000000e+00,-1.000000000000000000e+00,-1.000000000000000000e+00,-1.000000000000000000e+00,-1.000000000000000000e+00,-1.000000000000000000e+00,-1.000000000000000000e+00,-9.561283570429174317e-01,-9.566252677426558826e-01,-9.569763996983251531e-01,-9.571455442125014201e-01,-9.571559271505843958e-01,-9.570404899228397433e-01,-9.568078289206408682e-01,-9.564196710305661320e-01,-9.557657544989776044e-01,-9.546225605590213936e-01,-9.525854494433063646e-01,-9.489660618918667190e-01,-9.426498318935649934e-01,-9.319156988792631768e-01,-9.142358331798343674e-01,-8.861003719176085980e-01,-8.429572601596304615e-01,-7.794207889718112181e-01,-6.899464201827292253e-01,-5.701697499286110249e-01,-4.189907167085243911e-01,-2.411447367818396748e-01,-4.947757100354732707e-02,1.342999970658902420e-01,2.816091163054859070e-01,3.630755986017673020e-01,3.630755985824039023e-01,2.816091162648317603e-01,1.342999969851501607e-01,-4.947757110480877074e-02,-2.411447369161167087e-01,-4.189907168441900920e-01,-5.701697500853459832e-01,-6.899464203212901658e-01,-7.794207891201571092e-01,-8.429572603096301409e-01,-8.861003720836366782e-01,-9.142358333784161850e-01,-9.319156991049335481e-01,-9.426498321684326775e-01,-9.489660621837708865e-01,-9.525854497676711219e-01,-9.546225609205606366e-01,-9.557657548602243036e-01,-9.564196713686252682e-01,-9.568078292572629318e-01,-9.570404902147667814e-01,-9.571559273750335217e-01,-9.571455444036875981e-01,-9.569763998962571572e-01,-9.566252679170779150e-01,-9.561283572039309675e-01,-1.000000000000000000e+00,-1.000000000000000000e+00,-1.000000000000000000e+00,-1.000000000000000000e+00,-1.000000000000000000e+00,-1.000000000000000000e+00,-1.000000000000000000e+00,-1.000000000000000000e+00,-1.000000000000000000e+00,-1.000000000000000000e+00,-1.000000000000000000e+00,-1.000000000000000000e+00,-1.000000000000000000e+00,-1.000000000000000000e+00,-1.000000000000000000e+00,-1.000000000000000000e+00,-1.000000000000000000e+00,-1.000000000000000000e+00,-1.000000000000000000e+00,-1.000000000000000000e+00,-1.000000000000000000e+00,-1.000000000000000000e+00,-1.000000000000000000e+00,-1.000000000000000000e+00,-1.000000000000000000e+00,-1.000000000000000000e+00,-1.000000000000000000e+00,-1.000000000000000000e+00,-1.000000000000000000e+00,-1.000000000000000000e+00,-1.000000000000000000e+00,-1.000000000000000000e+00,-1.000000000000000000e+00,-1.000000000000000000e+00,-1.000000000000000000e+00,-1.000000000000000000e+00,-1.000000000000000000e+00,-1.000000000000000000e+00,-1.000000000000000000e+00,-1.000000000000000000e+00,-1.000000000000000000e+00,-1.000000000000000000e+00,-1.000000000000000000e+00,-1.000000000000000000e+00,-1.000000000000000000e+00,-1.000000000000000000e+00
-1.000000000000000000e+00,-1.000000000000000000e+00,-1.000000000000000000e+00,-1.000000000000000000e+00,-1.000000000000000000e+00,-1.000000000000000000e+00,-1.000000000000000000e+00,-1.000000000000000000e+00,-1.000000000000000000e+00,-1.000000000000000000e+00,-1.000000000000000000e+00,-1.000000000000000000e+00,-1.000000000000000000e+00,-1.000000000000000000e+00,-1.000000000000000000e+00,-1.000000000000000000e+00,-1.000000000000000000e+00,-1.000000000000000000e+00,-1.000000000000000000e+00,-1.000000000000000000e+00,-1.000000000000000000e+00,-1.000000000000000000e+00,-1.000000000000000000e+00,-1.000000000000000000e+00,-1.000000000000000000e+00,-1.000000000000000000e+00,-1.000000000000000000e+00,-1.000000000000000000e+00,-1.000000000000000000e+00,-1.000000000000000000e+00,-1.000000000000000000e+00,-1.000000000000000000e+00,-1.000000000000000000e+00,-1.000000000000000000e+00,-1.000000000000000000e+00,-1.000000000000000000e+00,-1.000000000000000000e+00,-1.000000000000000000e+00,-1.000000000000000000e+00,-1.000000000000000000e+00,-1.000000000000000000e+00,-1.000000000000000000e+00,-1.000000000000000000e+00,-1.000000000000000000e+00,-1.000000000000000000e+00,-1.000000000000000000e+00,-9.549686351867344714e-01,-9.559469193296799006e-01,-9.566165450621043620e-01,-9.569289462327909002e-01,-9.569432242333166805e-01,-9.567387592238189020e-01,-9.563623032873906915e-01,-9.558021293267607854e-01,-9.549662892902284206e-01,-9.536452766316894092e-01,-9.514465009840821219e-01,-9.476925469057614349e-01,-9.412788007354903064e-01,-9.304931615065656914e-01,-9.128159733791030295e-01,-8.847438816341338663e-01,-8.417271467548714803e-01,-7.783799602302393650e-01,-6.891587671725925013e-01,-5.697002976848564160e-01,-4.189022233633266090e-01,-2.414883146932131908e-01,-5.027662220902295864e-02,1.330694854395646498e-01,2.800343344508118282e-01,3.613083310341349552e-01,3.613083310231930412e-01,2.800343344217739450e-01,1.330694853790235221e-01,-5.027662230072793559e-02,-2.414883148150362979e-01,-4.189022234929682398e-01,-5.697002978286331842e-01,-6.891587673001258185e-01,-7.783799603784645749e-01,-8.417271469147681318e-01,-8.847438818338919653e-01,-9.128159736072537500e-01,-9.304931617737547400e-01,-9.412788010452070031e-01,-9.476925472359998270e-01,-9.514465013579362918e-01,-9.536452770014978153e-01,-9.549662896439140569e-01,-9.558021296778127507e-01,-9.563623036000868938e-01,-9.567387594539437101e-01,-9.569432244268220034e-01,-9.569289464167067827e-01,-9.566165452180628304e-01,-9.559469194241013712e-01,-9.549686352615238683e-01,-1.000000000000000000e+00,-1.000000000000000000e+00,-1.000000000000000000e+00,-1.000000000000000000e+00,-1.000000000000000000e+00,-1.000000000000000000e+00,-1.000000000000000000e+00,-1.000000000000000000e+00,-1.000000000000000000e+00,-1.000000000000000000e+00,-1.000000000000000000e+00,-1.000000000000000000e+00,-1.000000000000000000e+00,-1.000000000000000000e+00,-1.000000000000000000e+00,-1.000000000000000000e+00,-1.000000000000000000e+00,-1.000000000000000000e+00,-1.000000000000000000e+00,-1.000000000000000000e+00,-1.000000000000000000e+00,-1.000000000000000000e+00,-1.000000000000000000e+00,-1.000000000000000000e+00,-1.000000000000000000e+00,-1.000000000000000000e+00,-1.000000000000000000e+00,-1.000000000000000000e+00,-1.000000000000000000e+00,-1.000000000000000000e+00,-1.000000000000000000e+00,-1.000000000000000000e+00,-1.000000000000000000e+00,-1.000000000000000000e+00,-1.000000000000000000e+00,-1.000000000000000000e+00,-1.000000000000000000e+00,-1.000000000000000000e+00,-1.000000000000000000e+00,-1.000000000000000000e+00,-1.000000000000000000e+00,-1.000000000000000000e+00,-1.000000000000000000e+00,-1.000000000000000000e+00,-1.000000000000000000e+00,-1.000000000000000000e+00
-1.000000000000000000e+00,-1.000000000000000000e+00,-1.000000000000000000e+00,-1.000000000000000000e+00,-1.000000000000000000e+00,-1.000000000000000000e+00,-1.000000000000000000e+00,-1.000000000000000000e+00,-1.000000000000000000e+00,-1.000000000000000000e+00,-1.000000000000000000e+00,-1.000000000000000000e+00,-1.000000000000000000e+00,-1.000000000000000000e+00,-1.000000000000000000e+00,-1.000000000000000000e+00,-1.000000000000000000e+00,-1.000000000000000000e+00,-1.000000000000000000e+00,-1.000000000000000000e+00,-1.000000000000000000e+00,-1.000000000000000000e+00,-1.000000000000000000e+00,-1.000000000000000000e+00,-1.000000000000000000e+00,-1.000000000000000000e+00,-1.000000000000000000e+00,-1.000000000000000000e+00,-1.000000000000000000e+00,-1.000000000000000000e+00,-1.000000000000000000e+00,-1.000000000000000000e+00,-1.000000000000000000e+00,-1.000000000000000000e+00,-1.000000000000000000e+00,-1.000000000000000000e+00,-1.000000000000000000e+00,-1.000000000000000000e+00,-1.000000000000000000e+00,-1.000000000000000000e+00,-1.000000000000000000e+00,-1.000000000000000000e+00,-1.000000000000000000e+00,-1.000000000000000000e+00,-1.000000000000000000e+00,-1.000000000000000000e+00,-9.529346309871131737e-01,-9.548204302240719255e-01,-9.560905955880060203e-01,-9.566906641604731032e-01,-9.567516410125692650e-01,-9.564374329824826271e-01,-9.558612044461595181e-01,-9.550555260808544222e-01,-9.539575491678748964e-01,-9.523790133243977829e-01,-9.499450588990434596e-01,-9.459941786382062290e-01,-9.394362316780935362e-01,-9.285723334334637924e-01,-9.108953264929851024e-01,-8.829120748336523050e-01,-8.400760229132331336e-01,-7.770008257155250897e-01,-6.881453239710996206e-01,-5.691502181840841779e-01,-4.189129458411910978e-01,-2.421428588796434855e-01,-5.161794621562165730e-02,1.310708607615551635e-01,2.775070347214043665e-01,3.584838832215195836e-01,3.584838832135990305e-01,2.775070346957195788e-01,1.310708607202093479e-01,-5.161794628636240390e-02,-2.421428589649086138e-01,-4.189129459462332949e-01,-5.691502183012533411e-01,-6.881453240834585205e-01,-7.770008258492883124e-01,-8.400760230641183268e-01,-8.829120750424097608e-01,-9.108953267463343328e-01,-9.285723337412711276e-01,-9.394362320172121583e-01,-9.459941790088232105e-01,-9.499450593041474100e-01,-9.523790137173983039e-01,-9.539575495620802315e-01,-9.550555264405832245e-01,-9.558612047459087435e-01,-9.564374332590455108e-01,-9.567516412695651340e-01,-9.566906643537931298e-01,-9.560905957570755564e-01,-9.548204304093823591e-01,-9.529346311750461762e-01,-1.000000000000000000e+00,-1.000000000000000000e+00,-1.000000000000000000e+00,-1.000000000000000000e+00,-1.000000000000000000e+00,-1.000000000000000000e+00,-1.000000000000000000e+00,-1.000000000000000000e+00,-1.000000000000000000e+00,-1.000000000000000000e+00,-1.000000000000000000e+00,-1.000000000000000000e+00,-1.000000000000000000e+00,-1.000000000000000000e+00,-1.000000000000000000e+00,-1.000000000000000000e+00,-1.000000000000000000e+00,-1.000000000000000000e+00,-1.000000000000000000e+00,-1.000000000000000000e+00,-1.000000000000000000e+00,-1.000000000000000000e+00,-1.000000000000000000e+00,-1.000000000000000000e+00,-1.000000000000000000e+00,-1.000000000000000000e+00,-1.000000000000000000e+00,-1.000000000000000000e+00,-1.000000000000000000e+00,-1.000000000000000000e+00,-1.000000000000000000e+00,-1.000000000000000000e+00,-1.000000000000000000e+00,-1.000000000000000000e+00,-1.000000000000000000e+00,-1.000000000000000000e+00,-1.000000000000000000e+00,-1.000000000000000000e+00,-1.000000000000000000e+00,-1.000000000000000000e+00,-1.000000000000000000e+00,-1.000000000000000000e+00,-1.000000000000000000e+00,-1.000000000000000000e+00,-1.000000000000000000e+00,-1.000000000000000000e+00
-1.000000000000000000e+00,-1.000000000000000000e+00,-1.000000000000000000e+00,-1.000000000000000000e+00,-1.000000000000000000e+00,-1.000000000000000000e+00,-1.000000000000000000e+00,-1.000000000000000000e+00,-1.000000000000000000e+00,-1.000000000000000000e+00,-1.000000000000000000e+00,-1.000000000000000000e+00,-1.000000000000000000e+00,-1.000000000000000000e+00,-1.000000000000000000e+00,-1.000000000000000000e+00,-1.000000000000000000e+00,-1.000000000000000000e+00,-1.000000000000000000e+00,-1.000000000000000000e+00,-1.000000000000000000e+00,-1.000000000000000000e+00,-1.000000000000000000e+00,-1.000000000000000000e+00,-1.000000000000000000e+00,-1.000000000000000000e+00,-1.000000000000000000e+00,-1.000000000000000000e+00,-1.000000000000000000e+00,-1.000000000000000000e+00,-1.000000000000000000e+00,-1.000000000000000000e+00,-1.000000000000000000e+00,-1.000000000000000000e+00,-1.000000000000000000e+00,-1.000000000000000000e+00,-1.000000000000000000e+00,-1.000000000000000000e+00,-1.000000000000000000e+00,-1.000000000000000000e+00,-1.000000000000000000e+00,-1.000000000000000000e+00,-1.000000000000000000e+00,-1.000000000000000000e+00,-1.000000000000000000e+00,-1.000000000000000000e+00,-9.494008337002408648e-01,-9.529490724727562867e-01,-9.553114108069435950e-01,-9.564535302832299912e-01,-9.566468147242320752e-01,-9.562061605809147879e-01,-9.553582537512919082e-01,-9.542083787326811617e-01,-9.527392460592277734e-01,-9.507943162217196154e-01,-9.480243670866528305e-01,-9.437905970748399209e-01,-9.370235724300904900e-01,-9.260437061223024680e-01,-9.083629410135320992e-01,-8.805043387553668222e-01,-8.379259386634964057e-01,-7.752403570689280210e-01,-6.869118916917378304e-01,-5.685910648590141170e-01,-4.191800053236081069e-01,-2.433710367338216551e-01,-5.388404941435354090e-02,1.278011314139995136e-01,2.734238385307388164e-01,3.539412497928435819e-01,3.539412497858140938e-01,2.734238385015870243e-01,1.278011313717151154e-01,-5.388404949450931181e-02,-2.433710368204851093e-01,-4.191800054375586226e-01,-5.685910649811691808e-01,-6.869118918245185057e-01,-7.752403572282577926e-01,-8.379259388511918205e-01,-8.805043389988415070e-01,-9.083629413120861695e-01,-9.260437064822760744e-01,-9.370235728252537255e-01,-9.437905975068896502e-01,-9.480243675147307369e-01,-9.507943166463637130e-01,-9.527392465018839074e-01,-9.542083791170516971e-01,-9.553582540964954406e-01,-9.562061609402141560e-01,-9.566468150629605649e-01,-9.564535305865493608e-01,-9.553114111372121853e-01,-9.529490728450777937e-01,-9.494008340668557144e-01,-1.000000000000000000e+00,-1.000000000000000000e+00,-1.000000000000000000e+00,-1.000000000000000000e+00,-1.000000000000000000e+00,-1.000000000000000000e+00,-1.000000000000000000e+00,-1.000000000000000000e+00,-1.000000000000000000e+00,-1.000000000000000000e+00,-1.000000000000000000e+00,-1.000000000000000000e+00,-1.000000000000000000e+00,-1.000000000000000000e+00,-1.000000000000000000e+00,-1.000000000000000000e+00,-1.000000000000000000e+00,-1.000000000000000000e+00,-1.000000000000000000e+00,-1.000000000000000000e+00,-1.000000000000000000e+00,-1.000000000000000000e+00,-1.000000000000000000e+00,-1.000000000000000000e+00,-1.000000000000000000e+00,-1.000000000000000000e+00,-1.000000000000000000e+00,-1.000000000000000000e+00,-1.000000000000000000e+00,-1.000000000000000000e+00,-1.000000000000000000e+00,-1.000000000000000000e+00,-1.000000000000000000e+00,-1.000000000000000000e+00,-1.000000000000000000e+00,-1.000000000000000000e+00,-1.000000000000000000e+00,-1.000000000000000000e+00,-1.000000000000000000e+00,-1.000000000000000000e+00,-1.000000000000000000e+00,-1.000000000000000000e+00,-1.000000000000000000e+00,-1.000000000000000000e+00,-1.000000000000000000e+00,-1.000000000000000000e+00
-1.000000000000000000e+00,-1.000000000000000000e+00,-1.000000000000000000e+00,-1.000000000000000000e+00,-1.000000000000000000e+00,-1.000000000000000000e+00,-1.000000000000000000e+00,-1.000000000000000000e+00,-1.000000000000000000e+00,-1.000000000000000000e+00,-1.000000000000000000e+00,-1.000000000000000000e+00,-1.000000000000000000e+00,-1.000000000000000000e+00,-1.000000000000000000e+00,-1.000000000000000000e+00,-1.000000000000000000e+00,-1.000000000000000000e+00,-1.000000000000000000e+00,-1.000000000000000000e+00,-1.000000000000000000e+00,-1.000000000000000000e+00,-1.000000000000000000e+00,-1.000000000000000000e+00,-1.000000000000000000e+00,-1.000000000000000000e+00,-1.000000000000000000e+00,-1.000000000000000000e+00,-1.000000000000000000e+00,-1.000000000000000000e+00,-1.000000000000000000e+00,-1.000000000000000000e+00,-1.000000000000000000e+00,-1.000000000000000000e+00,-1.000000000000000000e+00,-1.000000000000000000e+00,-1.000000000000000000e+00,-1.000000000000000000e+00,-1.000000000000000000e+00,-1.000000000000000000e+00,-1.000000000000000000e+00,-1.000000000000000000e+00,-1.000000000000000000e+00,-1.000000000000000000e+00,-1.000000000000000000e+00,-1.000000000000000000e+00,-9.433267265696267945e-01,-9.498390498062697640e-01,-9.541232153008967209e-01,-9.562360155460325473e-01,-9.567163322036087436e-01,-9.561435918449086024e-01,-9.549346269741343374e-01,-9.533116946940498604e-01,-9.513274722284962293e-01,-9.488718457747038482e-01,-9.456318566268721026e-01,-9.410003701929633424e-01,-9.339369439350346802e-01,-9.227897020442197284e-01,-9.050994897203615830e-01,-8.774148707227054089e-01,-8.352005231747465785e-01,-7.730672992365734686e-01,-6.854906950555760270e-01,-5.681418896639949256e-01,-4.199376228219153795e-01,-2.455516552968671773e-01,-5.762022649394493712e-02,1.225458984979819199e-01,2.669284855319344896e-01,3.467424353660066849e-01,3.467424353548320681e-01,2.669284854874878210e-01,1.225458984361051940e-01,-5.762022660061394408e-02,-2.455516554135711571e-01,-4.199376229717652897e-01,-5.681418898205081724e-01,-6.854906952280548360e-01,-7.730672994324616631e-01,-8.352005234150646773e-01,-8.774148710157257947e-01,-9.050994900670723542e-01,-9.227897024318404418e-01,-9.339369443527116843e-01,-9.410003706414182822e-01,-9.456318570532638024e-01,-9.488718461988923103e-01,-9.513274726381821811e-01,-9.533116950583895299e-01,-9.549346273385890260e-01,-9.561435921946058736e-01,-9.567163325453581502e-01,-9.562360159384325486e-01,-9.541232157221242183e-01,-9.498390502169077321e-01,-9.433267269751632877e-01,-1.000000000000000000e+00,-1.000000000000000000e+00,-1.000000000000000000e+00,-1.000000000000000000e+00,-1.000000000000000000e+00,-1.000000000000000000e+00,-1.000000000000000000e+00,-1.000000000000000000e+00,-1.000000000000000000e+00,-1.000000000000000000e+00,-1.000000000000000000e+00,-1.000000000000000000e+00,-1.000000000000000000e+00,-1.000000000000000000e+00,-1.000000000000000000e+00,-1.000000000000000000e+00,-1.000000000000000000e+00,-1.000000000000000000e+00,-1.000000000000000000e+00,-1.000000000000000000e+00,-1.000000000000000000e+00,-1.000000000000000000e+00,-1.000000000000000000e+00,-1.000000000000000000e+00,-1.000000000000000000e+00,-1.000000000000000000e+00,-1.000000000000000000e+00,-1.000000000000000000e+00,-1.000000000000000000e+00,-1.000000000000000000e+00,-1.000000000000000000e+00,-1.000000000000000000e+00,-1.000000000000000000e+00,-1.000000000000000000e+00,-1.000000000000000000e+00,-1.000000000000000000e+00,-1.000000000000000000e+00,-1.000000000000000000e+00,-1.000000000000000000e+00,-1.000000000000000000e+00,-1.000000000000000000e+00,-1.000000000000000000e+00,-1.000000000000000000e+00,-1.000000000000000000e+00,-1.000000000000000000e+00,-1.000000000000000000e+00
-1.000000000000000000e+00,-1.000000000000000000e+00,-1.000000000000000000e+00,-1.000000000000000000e+00,-1.000000000000000000e+00,-1.000000000000000000e+00,-1.000000000000000000e+00,-1.000000000000000000e+00,-1.000000000000000000e+00,-1.000000000000000000e+00,-1.000000000000000000e+00,-1.000000000000000000e+00,-1.000000000000000000e+00,-1.000000000000000000e+00,-1.000000000000000000e+00,-1.000000000000000000e+00,-1.000000000000000000e+00,-1.000000000000000000e+00,-1.000000000000000000e+00,-1.000000000000000000e+00,-1.000000000000000000e+00,-1.000000000000000000e+00,-1.000000000000000000e+00,-1.000000000000000000e+00,-1.000000000000000000e+00,-1.000000000000000000e+00,-1.000000000000000000e+00,-1.000000000000000000e+00,-1.000000000000000000e+00,-1.000000000000000000e+00,-1.000000000000000000e+00,-1.000000000000000000e+00,-1.000000000000000000e+00,-1.000000000000000000e+00,-1.000000000000000000e+00,-1.000000000000000000e+00,-1.000000000000000000e+00,-1.000000000000000000e+00,-1.000000000000000000e+00,-1.000000000000000000e+00,-1.000000000000000000e+00,-1.000000000000000000e+00,-1.000000000000000000e+00,-1.000000000000000000e+00,-1.000000000000000000e+00,-1.000000000000000000e+00,-9.330278653350407847e-01,-9.446949809975148105e-01,-9.522585805268219961e-01,-9.560340930950558258e-01,-9.570596737689898159e-01,-9.563694312322542634e-01,-9.546917200894057265e-01,-9.524325090704440777e-01,-9.497493406088115542e-01,-9.465983658922773047e-01,-9.427165598958118231e-01,-9.375397377095094908e-01,-9.300669867584372419e-01,-9.186853746522662956e-01,-9.009787657953980400e-01,-8.735351648136879810e-01,-8.318284432648475057e-01,-7.704663061627062826e-01,-6.839452321977659288e-01,-5.679755952292024901e-01,-4.215066136785493578e-01,-2.491944920402304753e-01,-6.355678615801474418e-02,1.143487289992868305e-01,2.568736761231182886e-01,3.356298231415744127e-01,3.356298231215713024e-01,2.568736760535561547e-01,1.143487289046227762e-01,-6.355678629244654321e-02,-2.491944921871311891e-01,-4.215066138574985466e-01,-5.679755954226188841e-01,-6.839452324145148809e-01,-7.704663063918301136e-01,-8.318284435344835970e-01,-8.735351651289822161e-01,-9.009787661663277714e-01,-9.186853750543778618e-01,-9.300669871818456613e-01,-9.375397381336136871e-01,-9.427165603049679765e-01,-9.465983663067228937e-01,-9.497493409751441851e-01,-9.524325094191775642e-01,-9.546917204575636751e-01,-9.563694315855175709e-01,-9.570596741554938669e-01,-9.560340935481178581e-01,-9.522585810065075096e-01,-9.446949814939106238e-01,-9.330278658518291746e-01,-1.000000000000000000e+00,-1.000000000000000000e+00,-1.000000000000000000e+00,-1.000000000000000000e+00,-1.000000000000000000e+00,-1.000000000000000000e+00,-1.000000000000000000e+00,-1.000000000000000000e+00,-1.000000000000000000e+00,-1.000000000000000000e+00,-1.000000000000000000e+00,-1.000000000000000000e+00,-1.000000000000000000e+00,-1.000000000000000000e+00,-1.000000000000000000e+00,-1.000000000000000000e+00,-1.000000000000000000e+00,-1.000000000000000000e+00,-1.000000000000000000e+00,-1.000000000000000000e+00,-1.000000000000000000e+00,-1.000000000000000000e+00,-1.000000000000000000e+00,-1.000000000000000000e+00,-1.000000000000000000e+00,-1.000000000000000000e+00,-1.000000000000000000e+00,-1.000000000000000000e+00,-1.000000000000000000e+00,-1.000000000000000000e+00,-1.000000000000000000e+00,-1.000000000000000000e+00,-1.000000000000000000e+00,-1.000000000000000000e+00,-1.000000000000000000e+00,-1.000000000000000000e+00,-1.000000000000000000e+00,-1.000000000000000000e+00,-1.000000000000000000e+00,-1.000000000000000000e+00,-1.000000000000000000e+00,-1.000000000000000000e+00,-1.000000000000000000e+00,-1.000000000000000000e+00,-1.000000000000000000e+00,-1.000000000000000000e+00
-1.000000000000000000e+00,-1.000000000000000000e+00,-1.000000000000000000e+00,-1.000000000000000000e+00,-1.000000000000000000e+00,-1.000000000000000000e+00,-1.000000000000000000e+00,-1.000000000000000000e+00,-1.000000000000000000e+00,-1.000000000000000000e+00,-1.000000000000000000e+00,-1.000000000000000000e+00,-1.000000000000000000e+00,-1.000000000000000000e+00,-1.000000000000000000e+00,-1.000000000000000000e+00,-1.000000000000000000e+00,-1.000000000000000000e+00,-1.000000000000000000e+00,-1.000000000000000000e+00,-1.000000000000000000e+00,-1.000000000000000000e+00,-1.000000000000000000e+00,-1.000000000000000000e+00,-1.000000000000000000e+00,-1.000000000000000000e+00,-1.000000000000000000e+00,-1.000000000000000000e+00,-1.000000000000000000e+00,-1.000000000000000000e+00,-1.000000000000000000e+00,-1.000000000000000000e+00,-1.000000000000000000e+00,-1.000000000000000000e+00,-1.000000000000000000e+00,-1.000000000000000000e+00,-1.000000000000000000e+00,-1.000000000000000000e+00,-1.000000000000000000e+00,-1.000000000000000000e+00,-1.000000000000000000e+00,-1.000000000000000000e+00,-1.000000000000000000e+00,-1.000000000000000000e+00,-1.000000000000000000e+00,-1.000000000000000000e+00,-9.158489091554870010e-01,-9.362854430217744106e-01,-9.492862778731852025e-01,-9.557947492067744300e-01,-9.577660028774186429e-01,-9.570015867184914482e-01,-9.547281732672082688e-01,-9.516322248486173141e-01,-9.480237538456164348e-01,-9.439505767405298453e-01,-9.392162348955381823e-01,-9.333129220166817008e-01,-9.252920073370014542e-01,-9.135939345652773769e-01,-8.958652676904859113e-01,-8.687534739133588868e-01,-8.277440715773389801e-01,-7.674386343769888930e-01,-6.823700953608997644e-01,-5.683177023575817222e-01,-4.242926822314585511e-01,-2.549391779327399021e-01,-7.260960736551624883e-02,1.020082658150711641e-01,2.418159177914249724e-01,3.190196657574064787e-01,3.190196657313915107e-01,2.418159177043504027e-01,1.020082656821901246e-01,-7.260960754521827987e-02,-2.549391781357074338e-01,-4.242926824537580632e-01,-5.683177025858505704e-01,-6.823700956110207994e-01,-7.674386346424955097e-01,-8.277440718813350307e-01,-8.687534742557504464e-01,-8.958652680741669982e-01,-9.135939349738149140e-01,-9.252920077684363420e-01,-9.333129224250388267e-01,-9.392162352898758559e-01,-9.439505771377592058e-01,-9.480237542124905215e-01,-9.516322252256536052e-01,-9.547281736459380941e-01,-9.570015871351377212e-01,-9.577660033824705321e-01,-9.557947497458180175e-01,-9.492862784846179958e-01,-9.362854437318478551e-01,-9.158489098912628856e-01,-1.000000000000000000e+00,-1.000000000000000000e+00,-1.000000000000000000e+00,-1.000000000000000000e+00,-1.000000000000000000e+00,-1.000000000000000000e+00,-1.000000000000000000e+00,-1.000000000000000000e+00,-1.000000000000000000e+00,-1.000000000000000000e+00,-1.000000000000000000e+00,-1.000000000000000000e+00,-1.000000000000000000e+00,-1.000000000000000000e+00,-1.000000000000000000e+00,-1.000000000000000000e+00,-1.000000000000000000e+00,-1.000000000000000000e+00,-1.000000000000000000e+00,-1.000000000000000000e+00,-1.000000000000000000e+00,-1.000000000000000000e+00,-1.000000000000000000e+00,-1.000000000000000000e+00,-1.000000000000000000e+00,-1.000000000000000000e+00,-1.000000000000000000e+00,-1.000000000000000000e+00,-1.000000000000000000e+00,-1.000000000000000000e+00,-1.000000000000000000e+00,-1.000000000000000000e+00,-1.000000000000000000e+00,-1.000000000000000000e+00,-1.000000000000000000e+00,-1.000000000000000000e+00,-1.000000000000000000e+00,-1.000000000000000000e+00,-1.000000000000000000e+00,-1.000000000000000000e+00,-1.000000000000000000e+00,-1.000000000000000000e+00,-1.000000000000000000e+00,-1.000000000000000000e+00,-1.000000000000000000e+00,-1.000000000000000000e+00
-1.000000000000000000e+00,-1.000000000000000000e+00,-1.000000000000000000e+00,-1.000000000000000000e+00,-1.000000000000000000e+00,-1.000000000000000000e+00,-1.000000000000000000e+00,-1.000000000000000000e+00,-1.000000000000000000e+00,-1.000000000000000000e+00,-1.000000000000000000e+00,-1.000000000000000000e+00,-1.000000000000000000e+00,-1.000000000000000000e+00,-1.000000000000000000e+00,-1.000000000000000000e+00,-1.000000000000000000e+00,-1.000000000000000000e+00,-1.000000000000000000e+00,-1.000000000000000000e+00,-1.000000000000000000e+00,-1.000000000000000000e+00,-1.000000000000000000e+00,-1.000000000000000000e+00,-1.000000000000000000e+00,-1.000000000000000000e+00,-1.000000000000000000e+00,-1.000000000000000000e+00,-1.000000000000000000e+00,-1.000000000000000000e+00,-1.000000000000000000e+00,-1.000000000000000000e+00,-1.000000000000000000e+00,-1.000000000000000000e+00,-1.000000000000000000e+00,-1.000000000000000000e+00,-1.000000000000000000e+00,-1.000000000000000000e+00,-1.000000000000000000e+00,-1.000000000000000000e+00,-1.000000000000000000e+00,-1.000000000000000000e+00,-1.000000000000000000e+00,-1.000000000000000000e+00,-1.000000000000000000e+00,-1.000000000000000000e+00,-8.876997505326275073e-01,-9.227882598776818712e-01,-9.445640387891488521e-01,-9.553871952764294573e-01,-9.588786882553930191e-01,-9.581133814143905081e-01,-9.550944783194311727e-01,-9.509225500415661170e-01,-9.461210242177895413e-01,-9.408596350426672306e-01,-9.350272845275182654e-01,-9.281874597855284126e-01,-9.194584066923587873e-01,-9.073517932502115357e-01,-8.896034007540425392e-01,-8.629475798134000897e-01,-8.228823019468497479e-01,-7.639966751892010022e-01,-6.808830543732382612e-01,-5.694342655888126048e-01,-4.287687148123349168e-01,-2.635304282389246966e-01,-8.584698193598572225e-02,8.412034233092557933e-02,2.200655211764026564e-01,2.950568380491513931e-01,2.950568380094289456e-01,2.200655210618933655e-01,8.412034215378860758e-02,-8.584698215995245629e-02,-2.635304284953661202e-01,-4.287687150879332387e-01,-5.694342658692537196e-01,-6.808830546640303183e-01,-7.639966754936098337e-01,-8.228823022841679213e-01,-8.629475801930415191e-01,-8.896034011613677128e-01,-9.073517936669691641e-01,-9.194584071213607324e-01,-9.281874601938279179e-01,-9.350272849179009915e-01,-9.408596354072887857e-01,-9.461210245791864537e-01,-9.509225504325109490e-01,-9.550944787035018368e-01,-9.581133818793785561e-01,-9.588786888356541915e-01,-9.553871958994496483e-01,-9.445640395273501300e-01,-9.227882607215401878e-01,-8.876997514051053750e-01,-1.000000000000000000e+00,-1.000000000000000000e+00,-1.000000000000000000e+00,-1.000000000000000000e+00,-1.000000000000000000e+00,-1.000000000000000000e+00,-1.000000000000000000e+00,-1.000000000000000000e+00,-1.000000000000000000e+00,-1.000000000000000000e+00,-1.000000000000000000e+00,-1.000000000000000000e+00,-1.000000000000000000e+00,-1.000000000000000000e+00,-1.000000000000000000e+00,-1.000000000000000000e+00,-1.000000000000000000e+00,-1.000000000000000000e+00,-1.000000000000000000e+00,-1.000000000000000000e+00,-1.000000000000000000e+00,-1.000000000000000000e+00,-1.000000000000000000e+00,-1.000000000000000000e+00,-1.000000000000000000e+00,-1.000000000000000000e+00,-1.000000000000000000e+00,-1.000000000000000000e+00,-1.000000000000000000e+00,-1.000000000000000000e+00,-1.000000000000000000e+00,-1.000000000000000000e+00,-1.000000000000000000e+00,-1.000000000000000000e+00,-1.000000000000000000e+00,-1.000000000000000000e+00,-1.000000000000000000e+00,-1.000000000000000000e+00,-1.000000000000000000e+00,-1.000000000000000000e+00,-1.000000000000000000e+00,-1.000000000000000000e+00,-1.000000000000000000e+00,-1.000000000000000000e+00,-1.000000000000000000e+00,-1.000000000000000000e+00
-1.000000000000000000e+00,-1.000000000000000000e+00,-1.000000000000000000e+00,-1.000000000000000000e+00,-1.000000000000000000e+00,-1.000000000000000000e+00,-1.000000000000000000e+00,-1.000000000000000000e+00,-1.000000000000000000e+00,-1.000000000000000000e+00,-1.000000000000000000e+00,-1.000000000000000000e+00,-1.000000000000000000e+00,-1.000000000000000000e+00,-1.000000000000000000e+00,-1.000000000000000000e+00,-1.000000000000000000e+00,-1.000000000000000000e+00,-1.000000000000000000e+00,-1.000000000000000000e+00,-1.000000000000000000e+00,-1.000000000000000000e+00,-1.000000000000000000e+00,-1.000000000000000000e+00,-1.000000000000000000e+00,-1.000000000000000000e+00,-1.000000000000000000e+00,-1.000000000000000000e+00,-1.000000000000000000e+00,-1.000000000000000000e+00,-1.000000000000000000e+00,-1.000000000000000000e+00,-1.000000000000000000e+00,-1.000000000000000000e+00,-1.000000000000000000e+00,-1.000000000000000000e+00,-1.000000000000000000e+00,-1.000000000000000000e+00,-1.000000000000000000e+00,-1.000000000000000000e+00,-1.000000000000000000e+00,-1.000000000000000000e+00,-1.000000000000000000e+00,-1.000000000000000000e+00,-1.000000000000000000e+00,-1.000000000000000000e+00,-8.423860003140724029e-01,-9.016420806060064796e-01,-9.372267048998061956e-01,-9.545866430690438387e-01,-9.603499002662313488e-01,-9.596687589494565795e-01,-9.557209991494246548e-01,-9.501939629781241958e-01,-9.438956814862017319e-01,-9.371501735135095990e-01,-9.299508535382015051e-01,-9.219477206410049419e-01,-9.123416817916002453e-01,-8.997369550352738443e-01,-8.819930174967886005e-01,-8.559665874658961560e-01,-8.171641339921451586e-01,-7.601498020739987371e-01,-6.796076749717523402e-01,-5.716076243894999687e-01,-4.354391849985652652e-01,-2.757655483494957371e-01,-1.044146545983802854e-01,5.917847484140192904e-02,1.898102748229149039e-01,2.617526135421641698e-01,2.617526134930920900e-01,1.898102746931520368e-01,5.917847463323155921e-02,-1.044146548582360889e-01,-2.757655486459545946e-01,-4.354391853140324731e-01,-5.716076247163686119e-01,-6.796076753043454044e-01,-7.601498024184206725e-01,-8.171641343565524407e-01,-8.559665878719417975e-01,-8.819930179310785379e-01,-8.997369554772549627e-01,-9.123416822167859097e-01,-9.219477210422892810e-01,-9.299508539189390577e-01,-9.371501738558937200e-01,-9.438956818261612369e-01,-9.501939633421020437e-01,-9.557209995399751357e-01,-9.596687594270593147e-01,-9.603499008436042761e-01,-9.545866437429679774e-01,-9.372267057037961813e-01,-9.016420814688290708e-01,-8.423860012462661695e-01,-1.000000000000000000e+00,-1.000000000000000000e+00,-1.000000000000000000e+00,-1.000000000000000000e+00,-1.000000000000000000e+00,-1.000000000000000000e+00,-1.000000000000000000e+00,-1.000000000000000000e+00,-1.000000000000000000e+00,-1.000000000000000000e+00,-1.000000000000000000e+00,-1.000000000000000000e+00,-1.000000000000000000e+00,-1.000000000000000000e+00,-1.000000000000000000e+00,-1.000000000000000000e+00,-1.000000000000000000e+00,-1.000000000000000000e+00,-1.000000000000000000e+00,-1.000000000000000000e+00,-1.000000000000000000e+00,-1.000000000000000000e+00,-1.000000000000000000e+00,-1.000000000000000000e+00,-1.000000000000000000e+00,-1.000000000000000000e+00,-1.000000000000000000e+00,-1.000000000000000000e+00,-1.000000000000000000e+00,-1.000000000000000000e+00,-1.000000000000000000e+00,-1.000000000000000000e+00,-1.000000000000000000e+00,-1.000000000000000000e+00,-1.000000000000000000e+00,-1.000000000000000000e+00,-1.000000000000000000e+00,-1.000000000000000000e+00,-1.000000000000000000e+00,-1.000000000000000000e+00,-1.000000000000000000e+00,-1.000000000000000000e+00,-1.000000000000000000e+00,-1.000000000000000000e+00,-1.000000000000000000e+00,-1.000000000000000000e+00
-1.000000000000000000e+00,-1.000000000000000000e+00,-1.000000000000000000e+00,-1.000000000000000000e+00,-1.000000000000000000e+00,-1.000000000000000000e+00,-1.000000000000000000e+00,-1.000000000000000000e+00,-1.000000000000000000e+00,-1.000000000000000000e+00,-1.000000000000000000e+00,-1.000000000000000000e+00,-1.000000000000000000e+00,-1.000000000000000000e+00,-1.000000000000000000e+00,-1.000000000000000000e+00,-1.000000000000000000e+00,-1.000000000000000000e+00,-1.000000000000000000e+00,-1.000000000000000000e+00,-1.000000000000000000e+00,-1.000000000000000000e+00,-1.000000000000000000e+00,-1.000000000000000000e+00,-1.000000000000000000e+00,-1.000000000000000000e+00,-1.000000000000000000e+00,-1.000000000000000000e+00,-1.000000000000000000e+00,-1.000000000000000000e+00,-1.000000000000000000e+00,-1.000000000000000000e+00,-1.000000000000000000e+00,-1.000000000000000000e+00,-1.000000000000000000e+00,-1.000000000000000000e+00,-1.000000000000000000e+00,-1.000000000000000000e+00,-1.000000000000000000e+00,-1.000000000000000000e+00,-1.000000000000000000e+00,-1.000000000000000000e+00,-1.000000000000000000e+00,-1.000000000000000000e+00,-1.000000000000000000e+00,-1.000000000000000000e+00,-7.706069359039983135e-01,-8.694599434180210196e-01,-9.262623774269459487e-01,-9.530946111186587855e-01,-9.619935961867344121e-01,-9.614386935765649733e-01,-9.563213169813682413e-01,-9.491178165206978212e-01,-9.409924232038638925e-01,-9.324523322854404439e-01,-9.236121896260813813e-01,-9.142226021610510012e-01,-9.035834644744937805e-01,-8.904163759462278005e-01,-8.727476111796501623e-01,-8.475989301247520702e-01,-8.104711016378515209e-01,-7.558807727359690976e-01,-6.786473035616900074e-01,-5.751025024386535733e-01,-4.447902426421546096e-01,-2.924175115874266817e-01,-1.294204563368824834e-01,2.573447003088924490e-02,1.493178499582772378e-01,2.172126658445487912e-01,2.172126657966517715e-01,1.493178498354761352e-01,2.573446982346827561e-02,-1.294204566041683435e-01,-2.924175118997740519e-01,-4.447902429706771521e-01,-5.751025027815317436e-01,-6.786473039143746666e-01,-7.558807731103491800e-01,-8.104711020354806728e-01,-8.475989305531217433e-01,-8.727476116231630554e-01,-8.904163764046001406e-01,-9.035834649079309555e-01,-9.142226025620227015e-01,-9.236121899905340715e-01,-9.324523326267445400e-01,-9.409924235324124142e-01,-9.491178168471616772e-01,-9.563213173718783100e-01,-9.614386940541116422e-01,-9.619935967576861424e-01,-9.530946118211665041e-01,-9.262623782680134976e-01,-8.694599443258654858e-01,-7.706069369448687034e-01,-1.000000000000000000e+00,-1.000000000000000000e+00,-1.000000000000000000e+00,-1.000000000000000000e+00,-1.000000000000000000e+00,-1.000000000000000000e+00,-1.000000000000000000e+00,-1.000000000000000000e+00,-1.000000000000000000e+00,-1.000000000000000000e+00,-1.000000000000000000e+00,-1.000000000000000000e+00,-1.000000000000000000e+00,-1.000000000000000000e+00,-1.000000000000000000e+00,-1.000000000000000000e+00,-1.000000000000000000e+00,-1.000000000000000000e+00,-1.000000000000000000e+00,-1.000000000000000000e+00,-1.000000000000000000e+00,-1.000000000000000000e+00,-1.000000000000000000e+00,-1.000000000000000000e+00,-1.000000000000000000e+00,-1.000000000000000000e+00,-1.000000000000000000e+00,-1.000000000000000000e+00,-1.000000000000000000e+00,-1.000000000000000000e+00,-1.000000000000000000e+00,-1.000000000000000000e+00,-1.000000000000000000e+00,-1.000000000000000000e+00,-1.000000000000000000e+00,-1.000000000000000000e+00,-1.000000000000000000e+00,-1.000000000000000000e+00,-1.000000000000000000e+00,-1.000000000000000000e+00,-1.000000000000000000e+00,-1.000000000000000000e+00,-1.000000000000000000e+00,-1.000000000000000000e+00,-1.000000000000000000e+00,-1.000000000000000000e+00
-1.000000000000000000e+00,-1.000000000000000000e+00,-1.000000000000000000e+00,-1.000000000000000000e+00,-1.000000000000000000e+00,-1.000000000000000000e+00,-1.000000000000000000e+00,-1.000000000000000000e+00,-1.000000000000000000e+00,-1.000000000000000000e+00,-1.000000000000000000e+00,-1.000000000000000000e+00,-1.000000000000000000e+00,-1.000000000000000000e+00,-1.000000000000000000e+00,-1.000000000000000000e+00,-1.000000000000000000e+00,-1.000000000000000000e+00,-1.000000000000000000e+00,-1.000000000000000000e+00,-1.000000000000000000e+00,-1.000000000000000000e+00,-1.000000000000000000e+00,-1.000000000000000000e+00,-1.000000000000000000e+00,-1.000000000000000000e+00,-1.000000000000000000e+00,-1.000000000000000000e+00,-1.000000000000000000e+00,-1.000000000000000000e+00,-1.000000000000000000e+00,-1.000000000000000000e+00,-1.000000000000000000e+00,-1.000000000000000000e+00,-1.000000000000000000e+00,-1.000000000000000000e+00,-1.000000000000000000e+00,-1.000000000000000000e+00,-1.000000000000000000e+00,-1.000000000000000000e+00,-1.000000000000000000e+00,-1.000000000000000000e+00,-1.000000000000000000e+00,-1.000000000000000000e+00,-1.000000000000000000e+00,-1.000000000000000000e+00,-6.584006367700621087e-01,-8.221164535717373489e-01,-9.107537698067960097e-01,-9.506223377924389872e-01,-9.634471286354781006e-01,-9.629088131659867544e-01,-9.562828153217968197e-01,-9.470340095563182237e-01,-9.367353787569702162e-01,-9.260944003862345841e-01,-9.153583269379629295e-01,-9.043905346423921632e-01,-8.926066952874838201e-01,-8.788741973986403666e-01,-8.614373669909420883e-01,-8.375290574081615258e-01,-8.026112588091589561e-01,-7.511162533110100625e-01,-6.780558160578740168e-01,-5.801303704039753040e-01,-4.572360469010603445e-01,-3.141465503728206876e-01,-1.617935274112118904e-01,-1.739765261556203146e-02,9.719866664500798059e-02,1.599361668814913706e-01,1.599361668393437519e-01,9.719866653654141153e-02,-1.739765279419702715e-02,-1.617935276385500387e-01,-3.141465506549498965e-01,-4.572360472131208331e-01,-5.801303707470353288e-01,-6.780558164207932670e-01,-7.511162536932176614e-01,-8.026112592238955346e-01,-8.375290578593810320e-01,-8.614373674503629230e-01,-8.788741978668574983e-01,-8.926066957390370593e-01,-9.043905350645737862e-01,-9.153583273019452182e-01,-9.260944007342567508e-01,-9.367353790892573029e-01,-9.470340098804228557e-01,-9.562828157066842749e-01,-9.629088136339739590e-01,-9.634471292287363209e-01,-9.506223385065625253e-01,-9.107537706704921243e-01,-8.221164545926740175e-01,-6.584006379852853641e-01,-1.000000000000000000e+00,-1.000000000000000000e+00,-1.000000000000000000e+00,-1.000000000000000000e+00,-1.000000000000000000e+00,-1.000000000000000000e+00,-1.000000000000000000e+00,-1.000000000000000000e+00,-1.000000000000000000e+00,-1.000000000000000000e+00,-1.000000000000000000e+00,-1.000000000000000000e+00,-1.000000000000000000e+00,-1.000000000000000000e+00,-1.000000000000000000e+00,-1.000000000000000000e+00,-1.000000000000000000e+00,-1.000000000000000000e+00,-1.000000000000000000e+00,-1.000000000000000000e+00,-1.000000000000000000e+00,-1.000000000000000000e+00,-1.000000000000000000e+00,-1.000000000000000000e+00,-1.000000000000000000e+00,-1.000000000000000000e+00,-1.000000000000000000e+00,-1.000000000000000000e+00,-1.000000000000000000e+00,-1.000000000000000000e+00,-1.000000000000000000e+00,-1.000000000000000000e+00,-1.000000000000000000e+00,-1.000000000000000000e+00,-1.000000000000000000e+00,-1.000000000000000000e+00,-1.000000000000000000e+00,-1.000000000000000000e+00,-1.000000000000000000e+00,-1.000000000000000000e+00,-1.000000000000000000e+00,-1.000000000000000000e+00,-1.000000000000000000e+00,-1.000000000000000000e+00,-1.000000000000000000e+00,-1.000000000000000000e+00
-1.000000000000000000e+00,-1.000000000000000000e+00,-1.000000000000000000e+00,-1.000000000000000000e+00,-1.000000000000000000e+00,-1.000000000000000000e+00,-1.000000000000000000e+00,-1.000000000000000000e+00,-1.000000000000000000e+00,-1.000000000000000000e+00,-1.000000000000000000e+00,-1.000000000000000000e+00,-1.000000000000000000e+00,-1.000000000000000000e+00,-1.000000000000000000e+00,-1.000000000000000000e+00,-1.000000000000000000e+00,-1.000000000000000000e+00,-1.000000000000000000e+00,-1.000000000000000000e+00,-1.000000000000000000e+00,-1.000000000000000000e+00,-1.000000000000000000e+00,-1.000000000000000000e+00,-1.000000000000000000e+00,-1.000000000000000000e+00,-1.000000000000000000e+00,-1.000000000000000000e+00,-1.000000000000000000e+00,-1.000000000000000000e+00,-1.000000000000000000e+00,-1.000000000000000000e+00,-1.000000000000000000e+00,-1.000000000000000000e+00,-1.000000000000000000e+00,-1.000000000000000000e+00,-1.000000000000000000e+00,-1.000000000000000000e+00,-1.000000000000000000e+00,-1.000000000000000000e+00,-1.000000000000000000e+00,-1.000000000000000000e+00,-1.000000000000000000e+00,-1.000000000000000000e+00,-1.000000000000000000e+00,-1.000000000000000000e+00,-4.847073647890350889e-01,-7.552371657175711572e-01,-8.903803626727326836e-01,-9.470494973509445691e-01,-9.641475579947594854e-01,-9.631967540252142079e-01,-9.545704126316054694e-01,-9.428506683783448583e-01,-9.300239689094514928e-01,-9.169952332324666777e-01,-9.041498596015091760e-01,-8.914756020735461473e-01,-8.785221149019782905e-01,-8.643340979348600461e-01,-8.474301956139775882e-01,-8.252950487885991615e-01,-7.932877764535937182e-01,-7.457021683671436474e-01,-6.778167627508513426e-01,-5.868256489078516047e-01,-4.730778498352626871e-01,-3.414212815651425093e-01,-2.021459596968316896e-01,-7.093107049634506112e-02,3.268376727556887573e-02,8.913487069300063403e-02,8.913487066909087098e-02,3.268376720409627012e-02,-7.093107062352488335e-02,-2.021459598657024959e-01,-3.414212817948278911e-01,-4.730778501053608531e-01,-5.868256492258883128e-01,-6.778167631141085447e-01,-7.457021687576417257e-01,-7.932877768817789832e-01,-8.252950492619769429e-01,-8.474301961113774873e-01,-8.643340984315841524e-01,-8.785221153803444150e-01,-8.914756025276645568e-01,-9.041498600011966813e-01,-9.169952336023433626e-01,-9.300239692499311372e-01,-9.428506687286133392e-01,-9.545704130127383724e-01,-9.631967544696927730e-01,-9.641475586007559606e-01,-9.470494980661992024e-01,-8.903803635547354878e-01,-7.552371668671628013e-01,-4.847073662104688374e-01,-1.000000000000000000e+00,-1.000000000000000000e+00,-1.000000000000000000e+00,-1.000000000000000000e+00,-1.000000000000000000e+00,-1.000000000000000000e+00,-1.000000000000000000e+00,-1.000000000000000000e+00,-1.000000000000000000e+00,-1.000000000000000000e+00,-1.000000000000000000e+00,-1.000000000000000000e+00,-1.000000000000000000e+00,-1.000000000000000000e+00,-1.000000000000000000e+00,-1.000000000000000000e+00,-1.000000000000000000e+00,-1.000000000000000000e+00,-1.000000000000000000e+00,-1.000000000000000000e+00,-1.000000000000000000e+00,-1.000000000000000000e+00,-1.000000000000000000e+00,-1.000000000000000000e+00,-1.000000000000000000e+00,-1.000000000000000000e+00,-1.000000000000000000e+00,-1.000000000000000000e+00,-1.000000000000000000e+00,-1.000000000000000000e+00,-1.000000000000000000e+00,-1.000000000000000000e+00,-1.000000000000000000e+00,-1.000000000000000000e+00,-1.000000000000000000e+00,-1.000000000000000000e+00,-1.000000000000000000e+00,-1.000000000000000000e+00,-1.000000000000000000e+00,-1.000000000000000000e+00,-1.000000000000000000e+00,-1.000000000000000000e+00,-1.000000000000000000e+00,-1.000000000000000000e+00,-1.000000000000000000e+00,-1.000000000000000000e+00
-1.000000000000000000e+00,-1.000000000000000000e+00,-1.000000000000000000e+00,-1.000000000000000000e+00,-1.000000000000000000e+00,-1.000000000000000000e+00,-1.000000000000000000e+00,-1.000000000000000000e+00,-1.000000000000000000e+00,-1.000000000000000000e+00,-1.000000000000000000e+00,-1.000000000000000000e+00,-1.000000000000000000e+00,-1.000000000000000000e+00,-1.000000000000000000e+00,-1.000000000000000000e+00,-1.000000000000000000e+00,-1.000000000000000000e+00,-1.000000000000000000e+00,-1.000000000000000000e+00,-1.000000000000000000e+00,-1.000000000000000000e+00,-1.000000000000000000e+00,-1.000000000000000000e+00,-1.000000000000000000e+00,-1.000000000000000000e+00,-1.000000000000000000e+00,-1.000000000000000000e+00,-1.000000000000000000e+00,-1.000000000000000000e+00,-1.000000000000000000e+00,-1.000000000000000000e+00,-1.000000000000000000e+00,-1.000000000000000000e+00,-1.000000000000000000e+00,-1.000000000000000000e+00,-1.000000000000000000e+00,-1.000000000000000000e+00,-1.000000000000000000e+00,-1.000000000000000000e+00,-1.000000000000000000e+00,-1.000000000000000000e+00,-1.000000000000000000e+00,-1.000000000000000000e+00,-1.000000000000000000e+00,-1.000000000000000000e+00,-2.177024767640108882e-01,-6.655562153024777716e-01,-8.662641199957710203e-01,-9.426283336642435895e-01,-9.633227121255671932e-01,-9.610125012225545493e-01,-9.496873285553860677e-01,-9.349966501423860876e-01,-9.192688321005417773e-01,-9.035835940036963665e-01,-8.884708919805951455e-01,-8.740590394733018798e-01,-8.600521528215883116e-01,-8.457032382335327725e-01,-8.298576801262285141e-01,-8.102714362505128998e-01,-7.820911795432352598e-01,-7.394026348541660187e-01,-6.778483873370457768e-01,-5.952505373899956709e-01,-4.924934552446987857e-01,-3.744716469549739246e-01,-2.506695633930350331e-01,-1.349371600855852060e-01,-4.414695514723665504e-02,4.996743603002506973e-03,4.996743597815545002e-03,-4.414695517426048266e-02,-1.349371601470731319e-01,-2.506695634904584358e-01,-3.744716471145692616e-01,-4.924934554558896282e-01,-5.952505376609578125e-01,-6.778483876759378024e-01,-7.394026352470750574e-01,-7.820911799895465810e-01,-8.102714367408653251e-01,-8.298576806607431688e-01,-8.457032387804243045e-01,-8.600521533546956476e-01,-8.740590399699786905e-01,-8.884708924393855956e-01,-9.035835944155525823e-01,-9.192688324563850211e-01,-9.349966505116139581e-01,-9.496873289388539918e-01,-9.610125016527534259e-01,-9.633227127088511699e-01,-9.426283343721447716e-01,-8.662641208942472026e-01,-6.655562165521534679e-01,-2.177024784534155044e-01,-1.000000000000000000e+00,-1.000000000000000000e+00,-1.000000000000000000e+00,-1.000000000000000000e+00,-1.000000000000000000e+00,-1.000000000000000000e+00,-1.000000000000000000e+00,-1.000000000000000000e+00,-1.000000000000000000e+00,-1.000000000000000000e+00,-1.000000000000000000e+00,-1.000000000000000000e+00,-1.000000000000000000e+00,-1.000000000000000000e+00,-1.000000000000000000e+00,-1.000000000000000000e+00,-1.000000000000000000e+00,-1.000000000000000000e+00,-1.000000000000000000e+00,-1.000000000000000000e+00,-1.000000000000000000e+00,-1.000000000000000000e+00,-1.000000000000000000e+00,-1.000000000000000000e+00,-1.000000000000000000e+00,-1.000000000000000000e+00,-1.000000000000000000e+00,-1.000000000000000000e+00,-1.000000000000000000e+00,-1.000000000000000000e+00,-1.000000000000000000e+00,-1.000000000000000000e+00,-1.000000000000000000e+00,-1.000000000000000000e+00,-1.000000000000000000e+00,-1.000000000000000000e+00,-1.000000000000000000e+00,-1.000000000000000000e+00,-1.000000000000000000e+00,-1.000000000000000000e+00,-1.000000000000000000e+00,-1.000000000000000000e+00,-1.000000000000000000e+00,-1.000000000000000000e+00,-1.000000000000000000e+00,-1.000000000000000000e+00
-1.000000000000000000e+00,-1.000000000000000000e+00,-1.000000000000000000e+00,-1.000000000000000000e+00,-1.000000000000000000e+00,-1.000000000000000000e+00,-1.000000000000000000e+00,-1.000000000000000000e+00,-1.000000000000000000e+00,-1.000000000000000000e+00,-1.000000000000000000e+00,-1.000000000000000000e+00,-1.000000000000000000e+00,-1.000000000000000000e+00,-1.000000000000000000e+00,-1.000000000000000000e+00,-1.000000000000000000e+00,-1.000000000000000000e+00,-1.000000000000000000e+00,-1.000000000000000000e+00,-1.000000000000000000e+00,-1.000000000000000000e+00,-1.000000000000000000e+00,-1.000000000000000000e+00,-1.000000000000000000e+00,-1.000000000000000000e+00,-1.000000000000000000e+00,-1.000000000000000000e+00,-1.000000000000000000e+00,-1.000000000000000000e+00,-1.000000000000000000e+00,-1.000000000000000000e+00,-1.000000000000000000e+00,-1.000000000000000000e+00,-1.000000000000000000e+00,-1.000000000000000000e+00,-1.000000000000000000e+00,-1.000000000000000000e+00,-1.000000000000000000e+00,-1.000000000000000000e+00,-1.000000000000000000e+00,-1.000000000000000000e+00,-1.000000000000000000e+00,-1.000000000000000000e+00,-1.000000000000000000e+00,-1.000000000000000000e+00,1.900554611352587298e-01,-5.540121074771833243e-01,-8.421249315006112957e-01,-9.381311084675320044e-01,-9.600074470326592779e-01,-9.547227147049388574e-01,-9.397529992139546096e-01,-9.214699074429966164e-01,-9.023955076124400287e-01,-8.837651193269459027e-01,-8.662797210813262261e-01,-8.502357627033299003e-01,-8.355090278060353093e-01,-8.215778431879222632e-01,-8.076440372783006971e-01,-7.917099517661443375e-01,-7.685424292807914171e-01,-7.319454699075060855e-01,-6.780531893247494502e-01,-6.054420804511868592e-01,-5.155672861989730738e-01,-4.132863986323351835e-01,-3.070917548062843672e-01,-2.087609006820855262e-01,-1.322493452897823829e-01,-9.118259265437189676e-02,-9.118259264712402778e-02,-1.322493452780150180e-01,-2.087609006763611053e-01,-3.070917548253182527e-01,-4.132863987069536060e-01,-5.155672863399929362e-01,-6.054420806672555777e-01,-6.780531896152548477e-01,-7.319454702687878678e-01,-7.685424297258316439e-01,-7.917099522752542029e-01,-8.076440378481486437e-01,-8.215778437875302931e-01,-8.355090284111744703e-01,-8.502357632574506496e-01,-8.662797216002818823e-01,-8.837651197909435208e-01,-9.023955080127263884e-01,-9.214699078231243234e-01,-9.397529995987281559e-01,-9.547227151385830890e-01,-9.600074475727830015e-01,-9.381311091640479605e-01,-8.421249324203378128e-01,-5.540121088306046992e-01,1.900554589805734107e-01,-1.000000000000000000e+00,-1.000000000000000000e+00,-1.000000000000000000e+00,-1.000000000000000000e+00,-1.000000000000000000e+00,-1.000000000000000000e+00,-1.000000000000000000e+00,-1.000000000000000000e+00,-1.000000000000000000e+00,-1.000000000000000000e+00,-1.000000000000000000e+00,-1.000000000000000000e+00,-1.000000000000000000e+00,-1.000000000000000000e+00,-1.000000000000000000e+00,-1.000000000000000000e+00,-1.000000000000000000e+00,-1.000000000000000000e+00,-1.000000000000000000e+00,-1.000000000000000000e+00,-1.000000000000000000e+00,-1.000000000000000000e+00,-1.000000000000000000e+00,-1.000000000000000000e+00,-1.000000000000000000e+00,-1.000000000000000000e+00,-1.000000000000000000e+00,-1.000000000000000000e+00,-1.000000000000000000e+00,-1.000000000000000000e+00,-1.000000000000000000e+00,-1.000000000000000000e+00,-1.000000000000000000e+00,-1.000000000000000000e+00,-1.000000000000000000e+00,-1.000000000000000000e+00,-1.000000000000000000e+00,-1.000000000000000000e+00,-1.000000000000000000e+00,-1.000000000000000000e+00,-1.000000000000000000e+00,-1.000000000000000000e+00,-1.000000000000000000e+00,-1.000000000000000000e+00,-1.000000000000000000e+00,-1.000000000000000000e+00
-1.000000000000000000e+00,-1.000000000000000000e+00,-1.000000000000000000e+00,-1.000000000000000000e+00,-1.000000000000000000e+00,-1.000000000000000000e+00,-1.000000000000000000e+00,-1.000000000000000000e+00,-1.000000000000000000e+00,-1.000000000000000000e+00,-1.000000000000000000e+00,-1.000000000000000000e+00,-1.000000000000000000e+00,-1.000000000000000000e+00,-1.000000000000000000e+00,-1.000000000000000000e+00,-1.000000000000000000e+00,-1.000000000000000000e+00,-1.000000000000000000e+00,-1.000000000000000000e+00,-1.000000000000000000e+00,-1.000000000000000000e+00,-1.000000000000000000e+00,-1.000000000000000000e+00,-1.000000000000000000e+00,-1.000000000000000000e+00,-1.000000000000000000e+00,-1.000000000000000000e+00,-1.000000000000000000e+00,-1.000000000000000000e+00,-1.000000000000000000e+00,-1.000000000000000000e+00,-1.000000000000000000e+00,-1.000000000000000000e+00,-1.000000000000000000e+00,-1.000000000000000000e+00,-1.000000000000000000e+00,-1.000000000000000000e+00,-1.000000000000000000e+00,-1.000000000000000000e+00,-1.000000000000000000e+00,-1.000000000000000000e+00,-1.000000000000000000e+00,-1.000000000000000000e+00,-1.000000000000000000e+00,-1.000000000000000000e+00,8.060028009274311511e-01,-4.318601594106975528e-01,-8.253230684815684448e-01,-9.347614947828444265e-01,-9.531452137520395329e-01,-9.426050140637819430e-01,-9.227399190342321367e-01,-8.999826956719194637e-01,-8.768990449700153622e-01,-8.549256535522737899e-01,-8.350091841272285764e-01,-8.176468189191169467e-01,-8.028714871094893013e-01,-7.903566815765999953e-01,-7.796373785569643555e-01,-7.688678854472195123e-01,-7.522094134393930709e-01,-7.231315137936521475e-01,-6.784218976845848292e-01,-6.175017565208351655e-01,-5.423539947450615184e-01,-4.576481097716911250e-01,-3.706930489769890702e-01,-2.910395384262953744e-01,-2.296484477134391744e-01,-1.970479401571121336e-01,-1.970479401376870054e-01,-2.296484476658136042e-01,-2.910395383665387303e-01,-3.706930489354609559e-01,-4.576481097716971203e-01,-5.423539948068492045e-01,-6.175017566644949163e-01,-6.784218979152020212e-01,-7.231315141089528220e-01,-7.522094138588125700e-01,-7.688678859638718999e-01,-7.796373791567505762e-01,-7.903566822180680962e-01,-8.028714877784436377e-01,-8.176468195512401893e-01,-8.350091847162879333e-01,-8.549256540669653015e-01,-8.768990454309451010e-01,-8.999826960679051524e-01,-9.227399194151284512e-01,-9.426050145011990455e-01,-9.531452142541961825e-01,-9.347614954604717141e-01,-8.253230694143826041e-01,-4.318601609103872585e-01,8.060027979852000257e-01,-1.000000000000000000e+00,-1.000000000000000000e+00,-1.000000000000000000e+00,-1.000000000000000000e+00,-1.000000000000000000e+00,-1.000000000000000000e+00,-1.000000000000000000e+00,-1.000000000000000000e+00,-1.000000000000000000e+00,-1.000000000000000000e+00,-1.000000000000000000e+00,-1.000000000000000000e+00,-1.000000000000000000e+00,-1.000000000000000000e+00,-1.000000000000000000e+00,-1.000000000000000000e+00,-1.000000000000000000e+00,-1.000000000000000000e+00,-1.000000000000000000e+00,-1.000000000000000000e+00,-1.000000000000000000e+00,-1.000000000000000000e+00,-1.000000000000000000e+00,-1.000000000000000000e+00,-1.000000000000000000e+00,-1.000000000000000000e+00,-1.000000000000000000e+00,-1.000000000000000000e+00,-1.000000000000000000e+00,-1.000000000000000000e+00,-1.000000000000000000e+00,-1.000000000000000000e+00,-1.000000000000000000e+00,-1.000000000000000000e+00,-1.000000000000000000e+00,-1.000000000000000000e+00,-1.000000000000000000e+00,-1.000000000000000000e+00,-1.000000000000000000e+00,-1.000000000000000000e+00,-1.000000000000000000e+00,-1.000000000000000000e+00,-1.000000000000000000e+00,-1.000000000000000000e+00,-1.000000000000000000e+00,-1.000000000000000000e+00
-1.000000000000000000e+00,-1.000000000000000000e+00,-1.000000000000000000e+00,-1.000000000000000000e+00,-1.000000000000000000e+00,-1.000000000000000000e+00,-1.000000000000000000e+00,-1.000000000000000000e+00,-1.000000000000000000e+00,-1.000000000000000000e+00,-1.000000000000000000e+00,-1.000000000000000000e+00,-1.000000000000000000e+00,-1.000000000000000000e+00,-1.000000000000000000e+00,-1.000000000000000000e+00,-1.000000000000000000e+00,-1.000000000000000000e+00,-1.000000000000000000e+00,-1.000000000000000000e+00,-1.000000000000000000e+00,-1.000000000000000000e+00,-1.000000000000000000e+00,-1.000000000000000000e+00,-1.000000000000000000e+00,-1.000000000000000000e+00,-1.000000000000000000e+00,-1.000000000000000000e+00,-1.000000000000000000e+00,-1.000000000000000000e+00,-1.000000000000000000e+00,-1.000000000000000000e+00,-1.000000000000000000e+00,-1.000000000000000000e+00,-1.000000000000000000e+00,-1.000000000000000000e+00,-1.000000000000000000e+00,-1.000000000000000000e+00,-1.000000000000000000e+00,-1.000000000000000000e+00,-1.000000000000000000e+00,-1.000000000000000000e+00,-1.000000000000000000e+00,-1.000000000000000000e+00,-1.000000000000000000e+00,-1.000000000000000000e+00,1.715480176654332389e+00,-3.305644459415688630e-01,-8.264759190483431661e-01,-9.336568826402402710e-01,-9.418893084798160009e-01,-9.233013111863460631e-01,-8.967696720693835166e-01,-8.680657805472009603e-01,-8.398349665583546564e-01,-8.139148209474805773e-01,-7.916219950769378677e-01,-7.736321568167241480e-01,-7.600138607180257910e-01,-7.505043006055570620e-01,-7.448663689991412706e-01,-7.412329188030883920e-01,-7.328992654685478891e-01,-7.130050921885102699e-01,-6.791794596316811372e-01,-6.317035649299773681e-01,-5.729446511927690500e-01,-5.071758837332012160e-01,-4.403635671524097628e-01,-3.798104674483617771e-01,-3.336130547052896800e-01,-3.094074524612911992e-01,-3.094074524357079969e-01,-3.336130546396514074e-01,-3.798104673586559787e-01,-4.403635670690833059e-01,-5.071758836798483383e-01,-5.729446511913089957e-01,-6.317035650018902881e-01,-6.791794597984114334e-01,-7.130050924556843306e-01,-7.328992658448924002e-01,-7.412329192972779701e-01,-7.448663696074280249e-01,-7.505043012815227899e-01,-7.600138614293825423e-01,-7.736321575193604305e-01,-7.916219957404133645e-01,-8.139148215155803667e-01,-8.398349670744762463e-01,-8.680657809776639589e-01,-8.967696724600046077e-01,-9.233013116176278512e-01,-9.418893089589887024e-01,-9.336568832810991925e-01,-8.264759199568939563e-01,-3.305644476165818801e-01,1.715480172473894616e+00,-1.000000000000000000e+00,-1.000000000000000000e+00,-1.000000000000000000e+00,-1.000000000000000000e+00,-1.000000000000000000e+00,-1.000000000000000000e+00,-1.000000000000000000e+00,-1.000000000000000000e+00,-1.000000000000000000e+00,-1.000000000000000000e+00,-1.000000000000000000e+00,-1.000000000000000000e+00,-1.000000000000000000e+00,-1.000000000000000000e+00,-1.000000000000000000e+00,-1.000000000000000000e+00,-1.000000000000000000e+00,-1.000000000000000000e+00,-1.000000000000000000e+00,-1.000000000000000000e+00,-1.000000000000000000e+00,-1.000000000000000000e+00,-1.000000000000000000e+00,-1.000000000000000000e+00,-1.000000000000000000e+00,-1.000000000000000000e+00,-1.000000000000000000e+00,-1.000000000000000000e+00,-1.000000000000000000e+00,-1.000000000000000000e+00,-1.000000000000000000e+00,-1.000000000000000000e+00,-1.000000000000000000e+00,-1.000000000000000000e+00,-1.000000000000000000e+00,-1.000000000000000000e+00,-1.000000000000000000e+00,-1.000000000000000000e+00,-1.000000000000000000e+00,-1.000000000000000000e+00,-1.000000000000000000e+00,-1.000000000000000000e+00,-1.000000000000000000e+00,-1.000000000000000000e+00,-1.000000000000000000e+00,-1.000000000000000000e+00
-1.000000000000000000e+00,-1.000000000000000000e+00,-1.000000000000000000e+00,-1.000000000000000000e+00,-1.000000000000000000e+00,-1.000000000000000000e+00,-1.000000000000000000e+00,-1.000000000000000000e+00,-1.000000000000000000e+00,-1.000000000000000000e+00,-1.000000000000000000e+00,-1.000000000000000000e+00,-1.000000000000000000e+00,-1.000000000000000000e+00,-1.000000000000000000e+00,-1.000000000000000000e+00,-1.000000000000000000e+00,-1.000000000000000000e+00,-1.000000000000000000e+00,-1.000000000000000000e+00,-1.000000000000000000e+00,-1.000000000000000000e+00,-1.000000000000000000e+00,-1.000000000000000000e+00,-1.000000000000000000e+00,-1.000000000000000000e+00,-1.000000000000000000e+00,-1.000000000000000000e+00,-1.000000000000000000e+00,-1.000000000000000000e+00,-1.000000000000000000e+00,-1.000000000000000000e+00,-1.000000000000000000e+00,-1.000000000000000000e+00,-1.000000000000000000e+00,-1.000000000000000000e+00,-1.000000000000000000e+00,-1.000000000000000000e+00,-1.000000000000000000e+00,-1.000000000000000000e+00,-1.000000000000000000e+00,-1.000000000000000000e+00,-1.000000000000000000e+00,-1.000000000000000000e+00,-1.000000000000000000e+00,-1.000000000000000000e+00,2.998520754321775339e+00,-3.120449846272539407e-01,-8.551388177196153073e-01,-9.350532296783402586e-01,-9.260519757962167864e-01,-8.960893761833684801e-01,-8.600132777768444425e-01,-8.227748820180733613e-01,-7.875625182067962360e-01,-7.569908059596739403e-01,-7.328003594706453683e-01,-7.156008949401250208e-01,-7.051502995306151433e-01,-7.009799388066858539e-01,-7.029040267517568941e-01,-7.088123481473089793e-01,-7.108932890099577406e-01,-7.020487938695827435e-01,-6.809262404751431630e-01,-6.485665773642570464e-01,-6.074835991752643993e-01,-5.613323971364762022e-01,-5.146614665720399273e-01,-4.726689929546626923e-01,-4.409228855751295972e-01,-4.245733281031288664e-01,-4.245733280786742059e-01,-4.409228855113634937e-01,-4.726689928637626270e-01,-5.146614664750612800e-01,-5.613323970594624734e-01,-6.074835991438518601e-01,-6.485665773931343914e-01,-6.809262405874763058e-01,-7.020487940865487442e-01,-7.108932893429574795e-01,-7.088123486078448110e-01,-7.029040273401904182e-01,-7.009799394958751151e-01,-7.051503002605099546e-01,-7.156008956824482237e-01,-7.328003601931480926e-01,-7.569908065983385059e-01,-7.875625187728581000e-01,-8.227748824978007303e-01,-8.600132781986333796e-01,-8.960893766024554674e-01,-9.260519762643136810e-01,-9.350532302699715581e-01,-8.551388185451850310e-01,-3.120449863944092517e-01,2.998520748342227371e+00,-1.000000000000000000e+00,-1.000000000000000000e+00,-1.000000000000000000e+00,-1.000000000000000000e+00,-1.000000000000000000e+00,-1.000000000000000000e+00,-1.000000000000000000e+00,-1.000000000000000000e+00,-1.000000000000000000e+00,-1.000000000000000000e+00,-1.000000000000000000e+00,-1.000000000000000000e+00,-1.000000000000000000e+00,-1.000000000000000000e+00,-1.000000000000000000e+00,-1.000000000000000000e+00,-1.000000000000000000e+00,-1.000000000000000000e+00,-1.000000000000000000e+00,-1.000000000000000000e+00,-1.000000000000000000e+00,-1.000000000000000000e+00,-1.000000000000000000e+00,-1.000000000000000000e+00,-1.000000000000000000e+00,-1.000000000000000000e+00,-1.000000000000000000e+00,-1.000000000000000000e+00,-1.000000000000000000e+00,-1.000000000000000000e+00,-1.000000000000000000e+00,-1.000000000000000000e+00,-1.000000000000000000e+00,-1.000000000000000000e+00,-1.000000000000000000e+00,-1.000000000000000000e+00,-1.000000000000000000e+00,-1.000000000000000000e+00,-1.000000000000000000e+00,-1.000000000000000000e+00,-1.000000000000000000e+00,-1.000000000000000000e+00,-1.000000000000000000e+00,-1.000000000000000000e+00,-1.000000000000000000e+00,-1.000000000000000000e+00
-1.000000000000000000e+00,-1.000000000000000000e+00,-1.000000000000000000e+00,-1.000000000000000000e+00,-1.000000000000000000e+00,-1.000000000000000000e+00,-1.000000000000000000e+00,-1.000000000000000000e+00,-1.000000000000000000e+00,-1.000000000000000000e+00,-1.000000000000000000e+00,-1.000000000000000000e+00,-1.000000000000000000e+00,-1.000000000000000000e+00,-1.000000000000000000e+00,-1.000000000000000000e+00,-1.000000000000000000e+00,-1.000000000000000000e+00,-1.000000000000000000e+00,-1.000000000000000000e+00,-1.000000000000000000e+00,-1.000000000000000000e+00,-1.000000000000000000e+00,-1.000000000000000000e+00,-1.000000000000000000e+00,-1.000000000000000000e+00,-1.000000000000000000e+00,-1.000000000000000000e+00,-1.000000000000000000e+00,-1.000000000000000000e+00,-1.000000000000000000e+00,-1.000000000000000000e+00,-1.000000000000000000e+00,-1.000000000000000000e+00,-1.000000000000000000e+00,-1.000000000000000000e+00,-1.000000000000000000e+00,-1.000000000000000000e+00,-1.000000000000000000e+00,-1.000000000000000000e+00,-1.000000000000000000e+00,-1.000000000000000000e+00,-1.000000000000000000e+00,-1.000000000000000000e+00,-1.000000000000000000e+00,-1.000000000000000000e+00,4.657788848216235067e+00,-4.621348965820969434e-01,-9.096318031529351256e-01,-9.376101589013891013e-01,-9.058410624769833719e-01,-8.598606338688765671e-01,-8.094214385633247133e-01,-7.597013586331571311e-01,-7.153412079680676605e-01,-6.800280477697540071e-01,-6.555634533044985002e-01,-6.417856437041824513e-01,-6.375253755536718359e-01,-6.417773910142817728e-01,-6.542484523551581610e-01,-6.723929352912961788e-01,-6.871382171177241593e-01,-6.913167871143097720e-01,-6.846868170561153377e-01,-6.688150122036720102e-01,-6.460806554060349871e-01,-6.193601043553098595e-01,-5.918430804716150462e-01,-5.669321887398075521e-01,-5.481613213640458282e-01,-5.387341481521548125e-01,-5.387341481348721928e-01,-5.481613213169151955e-01,-5.669321886725408044e-01,-5.918430803984304767e-01,-6.193601042951173419e-01,-6.460806553802400654e-01,-6.688150122291844912e-01,-6.846868171532878300e-01,-6.913167873053381873e-01,-6.871382174208542359e-01,-6.723929357238194182e-01,-6.542484529082099876e-01,-6.417773916875080253e-01,-6.375253762889137032e-01,-6.417856444687974893e-01,-6.555634540528432197e-01,-6.800280484728180586e-01,-7.153412085764874195e-01,-7.597013591669302679e-01,-8.094214390376640589e-01,-8.598606342915493528e-01,-9.058410629351202337e-01,-9.376101594315459087e-01,-9.096318038000162920e-01,-4.621348982189015242e-01,4.657788839858191920e+00,-1.000000000000000000e+00,-1.000000000000000000e+00,-1.000000000000000000e+00,-1.000000000000000000e+00,-1.000000000000000000e+00,-1.000000000000000000e+00,-1.000000000000000000e+00,-1.000000000000000000e+00,-1.000000000000000000e+00,-1.000000000000000000e+00,-1.000000000000000000e+00,-1.000000000000000000e+00,-1.000000000000000000e+00,-1.000000000000000000e+00,-1.000000000000000000e+00,-1.000000000000000000e+00,-1.000000000000000000e+00,-1.000000000000000000e+00,-1.000000000000000000e+00,-1.000000000000000000e+00,-1.000000000000000000e+00,-1.000000000000000000e+00,-1.000000000000000000e+00,-1.000000000000000000e+00,-1.000000000000000000e+00,-1.000000000000000000e+00,-1.000000000000000000e+00,-1.000000000000000000e+00,-1.000000000000000000e+00,-1.000000000000000000e+00,-1.000000000000000000e+00,-1.000000000000000000e+00,-1.000000000000000000e+00,-1.000000000000000000e+00,-1.000000000000000000e+00,-1.000000000000000000e+00,-1.000000000000000000e+00,-1.000000000000000000e+00,-1.000000000000000000e+00,-1.000000000000000000e+00,-1.000000000000000000e+00,-1.000000000000000000e+00,-1.000000000000000000e+00,-1.000000000000000000e+00,-1.000000000000000000e+00,-1.000000000000000000e+00
-1.000000000000000000e+00,-1.000000000000000000e+00,-1.000000000000000000e+00,-1.000000000000000000e+00,-1.000000000000000000e+00,-1.000000000000000000e+00,-1.000000000000000000e+00,-1.000000000000000000e+00,-1.000000000000000000e+00,-1.000000000000000000e+00,-1.000000000000000000e+00,-1.000000000000000000e+00,-1.000000000000000000e+00,-1.000000000000000000e+00,-1.000000000000000000e+00,-1.000000000000000000e+00,-1.000000000000000000e+00,-1.000000000000000000e+00,-1.000000000000000000e+00,-1.000000000000000000e+00,-1.000000000000000000e+00,-1.000000000000000000e+00,-1.000000000000000000e+00,-1.000000000000000000e+00,-1.000000000000000000e+00,-1.000000000000000000e+00,-1.000000000000000000e+00,-1.000000000000000000e+00,-1.000000000000000000e+00,-1.000000000000000000e+00,-1.000000000000000000e+00,-1.000000000000000000e+00,-1.000000000000000000e+00,-1.000000000000000000e+00,-1.000000000000000000e+00,-1.000000000000000000e+00,-1.000000000000000000e+00,-1.000000000000000000e+00,-1.000000000000000000e+00,-1.000000000000000000e+00,-1.000000000000000000e+00,-1.000000000000000000e+00,-1.000000000000000000e+00,-1.000000000000000000e+00,-1.000000000000000000e+00,-1.000000000000000000e+00,6.437007982569212139e+00,-8.107914427381576195e-01,-9.672391285664654337e-01,-9.379062201218829609e-01,-8.788401754663803800e-01,-8.097226055270886347e-01,-7.383780261896299990e-01,-6.721836960467657551e-01,-6.179382307874539126e-01,-5.799181695417450211e-01,-5.587917497637403530e-01,-5.524744638274174946e-01,-5.582509039732037603e-01,-5.744237455770513368e-01,-6.005515210914806890e-01,-6.335798513718280400e-01,-6.632017719180591797e-01,-6.823303567606862075e-01,-6.917253025336278505e-01,-6.931458860960990620e-01,-6.885893782775616145e-01,-6.801458871307688447e-01,-6.698621386777263709e-01,-6.597817848705371802e-01,-6.519751078514635090e-01,-6.482775489483230125e-01,-6.482775489417793580e-01,-6.519751078326385674e-01,-6.597817848452369738e-01,-6.698621386557792601e-01,-6.801458871251500060e-01,-6.885893783002985380e-01,-6.931458861643664537e-01,-6.917253026659935244e-01,-6.823303569714944672e-01,-6.632017722219878397e-01,-6.335798517964710275e-01,-6.005515216301566817e-01,-5.744237462311978515e-01,-5.582509046969633681e-01,-5.524744645952646138e-01,-5.587917505029289522e-01,-5.799181702722941978e-01,-6.179382314249168839e-01,-6.721836966253131873e-01,-7.383780267163595479e-01,-8.097226059818993793e-01,-8.788401759189062856e-01,-9.379062205969966870e-01,-9.672391291238471300e-01,-8.107914437107532901e-01,6.437007971891546276e+00,-1.000000000000000000e+00,-1.000000000000000000e+00,-1.000000000000000000e+00,-1.000000000000000000e+00,-1.000000000000000000e+00,-1.000000000000000000e+00,-1.000000000000000000e+00,-1.000000000000000000e+00,-1.000000000000000000e+00,-1.000000000000000000e+00,-1.000000000000000000e+00,-1.000000000000000000e+00,-1.000000000000000000e+00,-1.000000000000000000e+00,-1.000000000000000000e+00,-1.000000000000000000e+00,-1.000000000000000000e+00,-1.000000000000000000e+00,-1.000000000000000000e+00,-1.000000000000000000e+00,-1.000000000000000000e+00,-1.000000000000000000e+00,-1.000000000000000000e+00,-1.000000000000000000e+00,-1.000000000000000000e+00,-1.000000000000000000e+00,-1.000000000000000000e+00,-1.000000000000000000e+00,-1.000000000000000000e+00,-1.000000000000000000e+00,-1.000000000000000000e+00,-1.000000000000000000e+00,-1.000000000000000000e+00,-1.000000000000000000e+00,-1.000000000000000000e+00,-1.000000000000000000e+00,-1.000000000000000000e+00,-1.000000000000000000e+00,-1.000000000000000000e+00,-1.000000000000000000e+00,-1.000000000000000000e+00,-1.000000000000000000e+00,-1.000000000000000000e+00,-1.000000000000000000e+00,-1.000000000000000000e+00,-1.000000000000000000e+00
-1.000000000000000000e+00,-1.000000000000000000e+00,-1.000000000000000000e+00,-1.000000000000000000e+00,-1.000000000000000000e+00,-1.000000000000000000e+00,-1.000000000000000000e+00,-1.000000000000000000e+00,-1.000000000000000000e+00,-1.000000000000000000e+00,-1.000000000000000000e+00,-1.000000000000000000e+00,-1.000000000000000000e+00,-1.000000000000000000e+00,-1.000000000000000000e+00,-1.000000000000000000e+00,-1.000000000000000000e+00,-1.000000000000000000e+00,-1.000000000000000000e+00,-1.000000000000000000e+00,-1.000000000000000000e+00,-1.000000000000000000e+00,-1.000000000000000000e+00,-1.000000000000000000e+00,-1.000000000000000000e+00,-1.000000000000000000e+00,-1.000000000000000000e+00,-1.000000000000000000e+00,-1.000000000000000000e+00,-1.000000000000000000e+00,-1.000000000000000000e+00,-1.000000000000000000e+00,-1.000000000000000000e+00,-1.000000000000000000e+00,-1.000000000000000000e+00,-1.000000000000000000e+00,-1.000000000000000000e+00,-1.000000000000000000e+00,-1.000000000000000000e+00,-1.000000000000000000e+00,-1.000000000000000000e+00,-1.000000000000000000e+00,-1.000000000000000000e+00,-1.000000000000000000e+00,-1.000000000000000000e+00,-1.000000000000000000e+00,7.279400278070180974e+00,-9.955791726530237584e-01,-1.000677477090740508e+00,-9.269035614587964877e-01,-8.337477948847168419e-01,-7.335130028404911462e-01,-6.367180170738244716e-01,-5.540349068086242168e-01,-4.935260524928430925e-01,-4.581523692070642584e-01,-4.457301716307642270e-01,-4.514676621803402901e-01,-4.711020797653270309e-01,-5.023987716446498553e-01,-5.446677841232188122e-01,-5.943302382370680981e-01,-6.404934242319653137e-01,-6.762661056245360403e-01,-7.027808088719302848e-01,-7.216850303478156148e-01,-7.342553750064138018e-01,-7.420601455311215400e-01,-7.463688071727190287e-01,-7.483836863845482190e-01,-7.492677456292178295e-01,-7.500128414927088594e-01,-7.500128414958172618e-01,-7.492677456423317839e-01,-7.483836864118669219e-01,-7.463688072171126286e-01,-7.420601456009587871e-01,-7.342553751111636773e-01,-7.216850305002322497e-01,-7.027808090822907916e-01,-6.762661059053667323e-01,-6.404934245932013548e-01,-5.943302386980957586e-01,-5.446677846876816220e-01,-5.023987723050928889e-01,-4.711020804779531002e-01,-4.514676629429356103e-01,-4.457301723612215882e-01,-4.581523699262549654e-01,-4.935260531340154300e-01,-5.540349073991219786e-01,-6.367180176150968318e-01,-7.335130033365448998e-01,-8.337477953449214940e-01,-9.269035619007357507e-01,-1.000677477607629484e+00,-9.955791731593097715e-01,7.279400266513537332e+00,-1.000000000000000000e+00,-1.000000000000000000e+00,-1.000000000000000000e+00,-1.000000000000000000e+00,-1.000000000000000000e+00,-1.000000000000000000e+00,-1.000000000000000000e+00,-1.000000000000000000e+00,-1.000000000000000000e+00,-1.000000000000000000e+00,-1.000000000000000000e+00,-1.000000000000000000e+00,-1.000000000000000000e+00,-1.000000000000000000e+00,-1.000000000000000000e+00,-1.000000000000000000e+00,-1.000000000000000000e+00,-1.000000000000000000e+00,-1.000000000000000000e+00,-1.000000000000000000e+00,-1.000000000000000000e+00,-1.000000000000000000e+00,-1.000000000000000000e+00,-1.000000000000000000e+00,-1.000000000000000000e+00,-1.000000000000000000e+00,-1.000000000000000000e+00,-1.000000000000000000e+00,-1.000000000000000000e+00,-1.000000000000000000e+00,-1.000000000000000000e+00,-1.000000000000000000e+00,-1.000000000000000000e+00,-1.000000000000000000e+00,-1.000000000000000000e+00,-1.000000000000000000e+00,-1.000000000000000000e+00,-1.000000000000000000e+00,-1.000000000000000000e+00,-1.000000000000000000e+00,-1.000000000000000000e+00,-1.000000000000000000e+00,-1.000000000000000000e+00,-1.000000000000000000e+00,-1.000000000000000000e+00,-1.000000000000000000e+00
-1.000000000000000000e+00,-1.000000000000000000e+00,-1.000000000000000000e+00,-1.000000000000000000e+00,-1.000000000000000000e+00,-1.000000000000000000e+00,-1.000000000000000000e+00,-1.000000000000000000e+00,-1.000000000000000000e+00,-1.000000000000000000e+00,-1.000000000000000000e+00,-1.000000000000000000e+00,-1.000000000000000000e+00,-1.000000000000000000e+00,-1.000000000000000000e+00,-1.000000000000000000e+00,-1.000000000000000000e+00,-1.000000000000000000e+00,-1.000000000000000000e+00,-1.000000000000000000e+00,-1.000000000000000000e+00,-1.000000000000000000e+00,-1.000000000000000000e+00,-1.000000000000000000e+00,-1.000000000000000000e+00,-1.000000000000000000e+00,-1.000000000000000000e+00,-1.000000000000000000e+00,-1.000000000000000000e+00,-1.000000000000000000e+00,-1.000000000000000000e+00,-1.000000000000000000e+00,-1.000000000000000000e+00,-1.000000000000000000e+00,-1.000000000000000000e+00,-1.000000000000000000e+00,-1.000000000000000000e+00,-1.000000000000000000e+00,-1.000000000000000000e+00,-1.000000000000000000e+00,-1.000000000000000000e+00,-1.000000000000000000e+00,-1.000000000000000000e+00,-1.000000000000000000e+00,-1.000000000000000000e+00,-1.000000000000000000e+00,7.221048429084220288e+00,-1.088545569631959253e+00,-1.006678982059185712e+00,-8.855259794579810606e-01,-7.504302033461539567e-01,-6.154888633701987022e-01,-4.954838045378947564e-01,-4.030075898098046672e-01,-3.446522934899566293e-01,-3.196010404109648206e-01,-3.217327288182993961e-01,-3.437615763436644434e-01,-3.805099151801689672e-01,-4.295841992433369061e-01,-4.900997975692810149e-01,-5.580198370326152624e-01,-6.218777367326322469e-01,-6.748047422671121787e-01,-7.180457711845937840e-01,-7.530444795552926340e-01,-7.810566853552485256e-01,-8.028200073591904573e-01,-8.187555498031915402e-01,-8.299975126394920633e-01,-8.373204593732694878e-01,-8.412824125167597256e-01,-8.412824125306359591e-01,-8.373204594175684967e-01,-8.299975127138842224e-01,-8.187555499128398306e-01,-8.028200075091252996e-01,-7.810566855533151998e-01,-7.530444798119132477e-01,-7.180457715009118669e-01,-6.748047426535637161e-01,-6.218777371973114310e-01,-5.580198375790288434e-01,-4.900997982026653599e-01,-4.295841999563145830e-01,-3.805099159232329109e-01,-3.437615771132369602e-01,-3.217327295562990574e-01,-3.196010410962571990e-01,-3.446522941055567557e-01,-4.030075903771418444e-01,-4.954838050442027519e-01,-6.154888638655091615e-01,-7.504302037985424167e-01,-8.855259798755332756e-01,-1.006678982464249250e+00,-1.088545570003772278e+00,7.221048418056142282e+00,-1.000000000000000000e+00,-1.000000000000000000e+00,-1.000000000000000000e+00,-1.000000000000000000e+00,-1.000000000000000000e+00,-1.000000000000000000e+00,-1.000000000000000000e+00,-1.000000000000000000e+00,-1.000000000000000000e+00,-1.000000000000000000e+00,-1.000000000000000000e+00,-1.000000000000000000e+00,-1.000000000000000000e+00,-1.000000000000000000e+00,-1.000000000000000000e+00,-1.000000000000000000e+00,-1.000000000000000000e+00,-1.000000000000000000e+00,-1.000000000000000000e+00,-1.000000000000000000e+00,-1.000000000000000000e+00,-1.000000000000000000e+00,-1.000000000000000000e+00,-1.000000000000000000e+00,-1.000000000000000000e+00,-1.000000000000000000e+00,-1.000000000000000000e+00,-1.000000000000000000e+00,-1.000000000000000000e+00,-1.000000000000000000e+00,-1.000000000000000000e+00,-1.000000000000000000e+00,-1.000000000000000000e+00,-1.000000000000000000e+00,-1.000000000000000000e+00,-1.000000000000000000e+00,-1.000000000000000000e+00,-1.000000000000000000e+00,-1.000000000000000000e+00,-1.000000000000000000e+00,-1.000000000000000000e+00,-1.000000000000000000e+00,-1.000000000000000000e+00,-1.000000000000000000e+00,-1.000000000000000000e+00,-1.000000000000000000e+00
-1.000000000000000000e+00,-1.000000000000000000e+00,-1.000000000000000000e+00,-1.000000000000000000e+00,-1.000000000000000000e+00,-1.000000000000000000e+00,-1.000000000000000000e+00,-1.000000000000000000e+00,-1.000000000000000000e+00,-1.000000000000000000e+00,-1.000000000000000000e+00,-1.000000000000000000e+00,-1.000000000000000000e+00,-1.000000000000000000e+00,-1.000000000000000000e+00,-1.000000000000000000e+00,-1.000000000000000000e+00,-1.000000000000000000e+00,-1.000000000000000000e+00,-1.000000000000000000e+00,-1.000000000000000000e+00,-1.000000000000000000e+00,-1.000000000000000000e+00,-1.000000000000000000e+00,-1.000000000000000000e+00,-1.000000000000000000e+00,-1.000000000000000000e+00,-1.000000000000000000e+00,-1.000000000000000000e+00,-1.000000000000000000e+00,-1.000000000000000000e+00,-1.000000000000000000e+00,-1.000000000000000000e+00,-1.000000000000000000e+00,-1.000000000000000000e+00,-1.000000000000000000e+00,-1.000000000000000000e+00,-1.000000000000000000e+00,-1.000000000000000000e+00,-1.000000000000000000e+00,-1.000000000000000000e+00,-1.000000000000000000e+00,-1.000000000000000000e+00,-1.000000000000000000e+00,-1.000000000000000000e+00,-1.000000000000000000e+00,6.505992139754578574e+00,-1.108539754838183233e+00,-9.604164222361049053e-01,-7.880809680233455961e-01,-6.109963685215646922e-01,-4.478676888042363302e-01,-3.159338712402454119e-01,-2.262252030894472687e-01,-1.807346452708820106e-01,-1.734904805703753050e-01,-1.948546784247933150e-01,-2.362143759570006774e-01,-2.923378728983277997e-01,-3.609243010539057162e-01,-4.409008318149023609e-01,-5.276855159843893972e-01,-6.092455704865863408e-01,-6.785870353156732149e-01,-7.370041748787925506e-01,-7.858552016376475491e-01,-8.262613339072844010e-01,-8.591296937935586353e-01,-8.842777928797268538e-01,-9.020879719424037546e-01,-9.138531312880986412e-01,-9.199818845216846119e-01,-9.199818845432512493e-01,-9.138531313547931800e-01,-9.020879720496863818e-01,-8.842777930388188157e-01,-8.591296940105925817e-01,-8.262613341851301474e-01,-7.858552019838220826e-01,-7.370041752962626092e-01,-6.785870358107042311e-01,-6.092455710623506659e-01,-5.276855166404201825e-01,-4.409008325502498105e-01,-3.609243018515465584e-01,-2.923378737068116351e-01,-2.362143767481137413e-01,-1.948546791864178562e-01,-1.734904812371749205e-01,-1.807346458512288923e-01,-2.262252035966446639e-01,-3.159338716666034719e-01,-4.478676892270337939e-01,-6.109963689201558523e-01,-7.880809684041345520e-01,-9.604164225779218134e-01,-1.108539755110918179e+00,6.505992130928182071e+00,-1.000000000000000000e+00,-1.000000000000000000e+00,-1.000000000000000000e+00,-1.000000000000000000e+00,-1.000000000000000000e+00,-1.000000000000000000e+00,-1.000000000000000000e+00,-1.000000000000000000e+00,-1.000000000000000000e+00,-1.000000000000000000e+00,-1.000000000000000000e+00,-1.000000000000000000e+00,-1.000000000000000000e+00,-1.000000000000000000e+00,-1.000000000000000000e+00,-1.000000000000000000e+00,-1.000000000000000000e+00,-1.000000000000000000e+00,-1.000000000000000000e+00,-1.000000000000000000e+00,-1.000000000000000000e+00,-1.000000000000000000e+00,-1.000000000000000000e+00,-1.000000000000000000e+00,-1.000000000000000000e+00,-1.000000000000000000e+00,-1.000000000000000000e+00,-1.000000000000000000e+00,-1.000000000000000000e+00,-1.000000000000000000e+00,-1.000000000000000000e+00,-1.000000000000000000e+00,-1.000000000000000000e+00,-1.000000000000000000e+00,-1.000000000000000000e+00,-1.000000000000000000e+00,-1.000000000000000000e+00,-1.000000000000000000e+00,-1.000000000000000000e+00,-1.000000000000000000e+00,-1.000000000000000000e+00,-1.000000000000000000e+00,-1.000000000000000000e+00,-1.000000000000000000e+00,-1.000000000000000000e+00,-1.000000000000000000e+00
-1.000000000000000000e+00,-1.000000000000000000e+00,-1.000000000000000000e+00,-1.000000000000000000e+00,-1.000000000000000000e+00,-1.000000000000000000e+00,-1.000000000000000000e+00,-1.000000000000000000e+00,-1.000000000000000000e+00,-1.000000000000000000e+00,-1.000000000000000000e+00,-1.000000000000000000e+00,-1.000000000000000000e+00,-1.000000000000000000e+00,-1.000000000000000000e+00,-1.000000000000000000e+00,-1.000000000000000000e+00,-1.000000000000000000e+00,-1.000000000000000000e+00,-1.000000000000000000e+00,-1.000000000000000000e+00,-1.000000000000000000e+00,-1.000000000000000000e+00,-1.000000000000000000e+00,-1.000000000000000000e+00,-1.000000000000000000e+00,-1.000000000000000000e+00,-1.000000000000000000e+00,-1.000000000000000000e+00,-1.000000000000000000e+00,-1.000000000000000000e+00,-1.000000000000000000e+00,-1.000000000000000000e+00,-1.000000000000000000e+00,-1.000000000000000000e+00,-1.000000000000000000e+00,-1.000000000000000000e+00,-1.000000000000000000e+00,-1.000000000000000000e+00,-1.000000000000000000e+00,-1.000000000000000000e+00,-1.000000000000000000e+00,-1.000000000000000000e+00,-1.000000000000000000e+00,-1.000000000000000000e+00,-1.000000000000000000e+00,5.625677825013124966e+00,-1.050771756816937019e+00,-8.446823377896057750e-01,-6.266215122332288168e-01,-4.189416942949721889e-01,-2.432284817184872105e-01,-1.153744912430245684e-01,-4.142116046991561884e-02,-1.724944543003226194e-02,-3.230255619522881538e-02,-7.501239352520039372e-02,-1.367821920241556466e-01,-2.129091411931037792e-01,-3.012398924470293116e-01,-4.003998350007147433e-01,-5.051725718925336173e-01,-6.029556258698990368e-01,-6.866609220230552868e-01,-7.577081510523531183e-01,-8.175278025315297903e-01,-8.672860831832249762e-01,-9.079171905139651333e-01,-9.401698567994702938e-01,-9.624342314633322903e-01,-9.770432278477351185e-01,-9.845230424305134731e-01,-9.845230424509883171e-01,-9.770432279221039629e-01,-9.624342315893069655e-01,-9.401698569826714147e-01,-9.079171907632640481e-01,-8.672860835041137362e-01,-8.175278029282155856e-01,-7.577081515269287193e-01,-6.866609225834083841e-01,-6.029556265158371176e-01,-5.051725726238964764e-01,-4.003998358113525224e-01,-3.012398933050602912e-01,-2.129091420609057206e-01,-1.367821928445045465e-01,-7.501239430494788252e-02,-3.230255685507310570e-02,-1.724944597380972944e-02,-4.142116088933078810e-02,-1.153744915747575428e-01,-2.432284820186000340e-01,-4.189416945907333822e-01,-6.266215125400793617e-01,-8.446823380648142976e-01,-1.050771757019787422e+00,5.625677819270476832e+00,-1.000000000000000000e+00,-1.000000000000000000e+00,-1.000000000000000000e+00,-1.000000000000000000e+00,-1.000000000000000000e+00,-1.000000000000000000e+00,-1.000000000000000000e+00,-1.000000000000000000e+00,-1.000000000000000000e+00,-1.000000000000000000e+00,-1.000000000000000000e+00,-1.000000000000000000e+00,-1.000000000000000000e+00,-1.000000000000000000e+00,-1.000000000000000000e+00,-1.000000000000000000e+00,-1.000000000000000000e+00,-1.000000000000000000e+00,-1.000000000000000000e+00,-1.000000000000000000e+00,-1.000000000000000000e+00,-1.000000000000000000e+00,-1.000000000000000000e+00,-1.000000000000000000e+00,-1.000000000000000000e+00,-1.000000000000000000e+00,-1.000000000000000000e+00,-1.000000000000000000e+00,-1.000000000000000000e+00,-1.000000000000000000e+00,-1.000000000000000000e+00,-1.000000000000000000e+00,-1.000000000000000000e+00,-1.000000000000000000e+00,-1.000000000000000000e+00,-1.000000000000000000e+00,-1.000000000000000000e+00,-1.000000000000000000e+00,-1.000000000000000000e+00,-1.000000000000000000e+00,-1.000000000000000000e+00,-1.000000000000000000e+00,-1.000000000000000000e+00,-1.000000000000000000e+00,-1.000000000000000000e+00,-1.000000000000000000e+00
-1.000000000000000000e+00,-1.000000000000000000e+00,-1.000000000000000000e+00,-1.000000000000000000e+00,-1.000000000000000000e+00,-1.000000000000000000e+00,-1.000000000000000000e+00,-1.000000000000000000e+00,-1.000000000000000000e+00,-1.000000000000000000e+00,-1.000000000000000000e+00,-1.000000000000000000e+00,-1.000000000000000000e+00,-1.000000000000000000e+00,-1.000000000000000000e+00,-1.000000000000000000e+00,-1.000000000000000000e+00,-1.000000000000000000e+00,-1.000000000000000000e+00,-1.000000000000000000e+00,-1.000000000000000000e+00,-1.000000000000000000e+00,-1.000000000000000000e+00,-1.000000000000000000e+00,-1.000000000000000000e+00,-1.000000000000000000e+00,-1.000000000000000000e+00,-1.000000000000000000e+00,-1.000000000000000000e+00,-1.000000000000000000e+00,-1.000000000000000000e+00,-1.000000000000000000e+00,-1.000000000000000000e+00,-1.000000000000000000e+00,-1.000000000000000000e+00,-1.000000000000000000e+00,-1.000000000000000000e+00,-1.000000000000000000e+00,-1.000000000000000000e+00,-1.000000000000000000e+00,-1.000000000000000000e+00,-1.000000000000000000e+00,-1.000000000000000000e+00,-1.000000000000000000e+00,-1.000000000000000000e+00,-1.000000000000000000e+00,5.060974556229269616e+00,-9.283720651498751364e-01,-6.767775411912428929e-01,-4.278417263082049393e-01,-2.068922227034750705e-01,-3.503315263310802230e-02,7.625677153312926393e-02,1.272142925614454523e-01,1.273506768215850737e-01,9.000797267947358016e-02,2.706062899871675143e-02,-5.370628092820350918e-02,-1.482384236145062317e-01,-2.544194914684972941e-01,-3.704809868762766190e-01,-4.905906745846939643e-01,-6.016837588797513403e-01,-6.966903379012930886e-01,-7.772514439608335657e-01,-8.449950055484640732e-01,-9.012696700247671000e-01,-9.471836984363449785e-01,-9.836340464331807532e-01,-1.009221185903374396e+00,-1.025516366642905464e+00,-1.033770222801647432e+00,-1.033770222818979123e+00,-1.025516366712721616e+00,-1.009221186022532191e+00,-9.836340466074738886e-01,-9.471836986751082099e-01,-9.012696703352932603e-01,-8.449950059349405906e-01,-7.772514444212964557e-01,-6.966903384434530722e-01,-6.016837595065556155e-01,-4.905906752946221916e-01,-3.704809876640841049e-01,-2.544194922970485218e-01,-1.482384244618404345e-01,-5.370628172067593020e-02,2.706062827101107793e-02,9.000797207451549653e-02,1.273506763360314764e-01,1.272142922411181321e-01,7.625677129496333251e-02,-3.503315279149343819e-02,-2.068922228640218686e-01,-4.278417265031850825e-01,-6.767775413751649927e-01,-9.283720652900649961e-01,5.060974553336675896e+00,-1.000000000000000000e+00,-1.000000000000000000e+00,-1.000000000000000000e+00,-1.000000000000000000e+00,-1.000000000000000000e+00,-1.000000000000000000e+00,-1.000000000000000000e+00,-1.000000000000000000e+00,-1.000000000000000000e+00,-1.000000000000000000e+00,-1.000000000000000000e+00,-1.000000000000000000e+00,-1.000000000000000000e+00,-1.000000000000000000e+00,-1.000000000000000000e+00,-1.000000000000000000e+00,-1.000000000000000000e+00,-1.000000000000000000e+00,-1.000000000000000000e+00,-1.000000000000000000e+00,-1.000000000000000000e+00,-1.000000000000000000e+00,-1.000000000000000000e+00,-1.000000000000000000e+00,-1.000000000000000000e+00,-1.000000000000000000e+00,-1.000000000000000000e+00,-1.000000000000000000e+00,-1.000000000000000000e+00,-1.000000000000000000e+00,-1.000000000000000000e+00,-1.000000000000000000e+00,-1.000000000000000000e+00,-1.000000000000000000e+00,-1.000000000000000000e+00,-1.000000000000000000e+00,-1.000000000000000000e+00,-1.000000000000000000e+00,-1.000000000000000000e+00,-1.000000000000000000e+00,-1.000000000000000000e+00,-1.000000000000000000e+00,-1.000000000000000000e+00,-1.000000000000000000e+00,-1.000000000000000000e+00,-1.000000000000000000e+00
-1.000000000000000000e+00,-1.000000000000000000e+00,-1.000000000000000000e+00,-1.000000000000000000e+00,-1.000000000000000000e+00,-1.000000000000000000e+00,-1.000000000000000000e+00,-1.000000000000000000e+00,-1.000000000000000000e+00,-1.000000000000000000e+00,-1.000000000000000000e+00,-1.000000000000000000e+00,-1.000000000000000000e+00,-1.000000000000000000e+00,-1.000000000000000000e+00,-1.000000000000000000e+00,-1.000000000000000000e+00,-1.000000000000000000e+00,-1.000000000000000000e+00,-1.000000000000000000e+00,-1.000000000000000000e+00,-1.000000000000000000e+00,-1.000000000000000000e+00,-1.000000000000000000e+00,-1.000000000000000000e+00,-1.000000000000000000e+00,-1.000000000000000000e+00,-1.000000000000000000e+00,-1.000000000000000000e+00,-1.000000000000000000e+00,-1.000000000000000000e+00,-1.000000000000000000e+00,-1.000000000000000000e+00,-1.000000000000000000e+00,-1.000000000000000000e+00,-1.000000000000000000e+00,-1.000000000000000000e+00,-1.000000000000000000e+00,-1.000000000000000000e+00,-1.000000000000000000e+00,-1.000000000000000000e+00,-1.000000000000000000e+00,-1.000000000000000000e+00,-1.000000000000000000e+00,-1.000000000000000000e+00,-1.000000000000000000e+00,4.948778989734623046e+00,-7.895264448416934311e-01,-5.094326502256616429e-01,-2.458757306645216190e-01,-2.504244265730204422e-02,1.344972936419792653e-01,2.262116948991470533e-01,2.555167352430047778e-01,2.353797995878672555e-01,1.802353370382612230e-01,1.014296481652920967e-01,5.846921279344829969e-03,-1.029271905509587803e-01,-2.227062279819200796e-01,-3.513565285595033894e-01,-4.825775125027076395e-01,-6.030156900536528530e-01,-7.056979115712866957e-01,-7.925038571076559180e-01,-8.652771258880846972e-01,-9.255547305670990266e-01,-9.745965195819782378e-01,-1.013379374885887696e+00,-1.041130100654154678e+00,-1.058316796231544732e+00,-1.066968255203639249e+00,-1.066968255218202044e+00,-1.058316796284672234e+00,-1.041130100738685949e+00,-1.013379375019404671e+00,-9.745965197713792882e-01,-9.255547308076467194e-01,-8.652771261894350863e-01,-7.925038574718785700e-01,-7.056979119964374991e-01,-6.030156905434886916e-01,-4.825775130587479644e-01,-3.513565291816937997e-01,-2.227062286355603327e-01,-1.029271912208981066e-01,5.846920648208131510e-03,1.014296475933722519e-01,1.802353365681905739e-01,2.353797992192487865e-01,2.555167350421305716e-01,2.262116947637460296e-01,1.344972935987200913e-01,-2.504244270092359503e-02,-2.458757307424970229e-01,-5.094326503071683332e-01,-7.895264449100465320e-01,4.948778988806819434e+00,-1.000000000000000000e+00,-1.000000000000000000e+00,-1.000000000000000000e+00,-1.000000000000000000e+00,-1.000000000000000000e+00,-1.000000000000000000e+00,-1.000000000000000000e+00,-1.000000000000000000e+00,-1.000000000000000000e+00,-1.000000000000000000e+00,-1.000000000000000000e+00,-1.000000000000000000e+00,-1.000000000000000000e+00,-1.000000000000000000e+00,-1.000000000000000000e+00,-1.000000000000000000e+00,-1.000000000000000000e+00,-1.000000000000000000e+00,-1.000000000000000000e+00,-1.000000000000000000e+00,-1.000000000000000000e+00,-1.000000000000000000e+00,-1.000000000000000000e+00,-1.000000000000000000e+00,-1.000000000000000000e+00,-1.000000000000000000e+00,-1.000000000000000000e+00,-1.000000000000000000e+00,-1.000000000000000000e+00,-1.000000000000000000e+00,-1.000000000000000000e+00,-1.000000000000000000e+00,-1.000000000000000000e+00,-1.000000000000000000e+00,-1.000000000000000000e+00,-1.000000000000000000e+00,-1.000000000000000000e+00,-1.000000000000000000e+00,-1.000000000000000000e+00,-1.000000000000000000e+00,-1.000000000000000000e+00,-1.000000000000000000e+00,-1.000000000000000000e+00,-1.000000000000000000e+00,-1.000000000000000000e+00,-1.000000000000000000e+00
-1.000000000000000000e+00,-1.000000000000000000e+00,-1.000000000000000000e+00,-1.000000000000000000e+00,-1.000000000000000000e+00,-1.000000000000000000e+00,-1.000000000000000000e+00,-1.000000000000000000e+00,-1.000000000000000000e+00,-1.000000000000000000e+00,-1.000000000000000000e+00,-1.000000000000000000e+00,-1.000000000000000000e+00,-1.000000000000000000e+00,-1.000000000000000000e+00,-1.000000000000000000e+00,-1.000000000000000000e+00,-1.000000000000000000e+00,-1.000000000000000000e+00,-1.000000000000000000e+00,-1.000000000000000000e+00,-1.000000000000000000e+00,-1.000000000000000000e+00,-1.000000000000000000e+00,-1.000000000000000000e+00,-1.000000000000000000e+00,-1.000000000000000000e+00,-1.000000000000000000e+00,-1.000000000000000000e+00,-1.000000000000000000e+00,-1.000000000000000000e+00,-1.000000000000000000e+00,-1.000000000000000000e+00,-1.000000000000000000e+00,-1.000000000000000000e+00,-1.000000000000000000e+00,-1.000000000000000000e+00,-1.000000000000000000e+00,-1.000000000000000000e+00,-1.000000000000000000e+00,-1.000000000000000000e+00,-1.000000000000000000e+00,-1.000000000000000000e+00,-1.000000000000000000e+00,-1.000000000000000000e+00,-1.000000000000000000e+00,5.042971250436358410e+00,-6.980175045101921771e-01,-4.052827800820318904e-01,-1.374419440785124014e-01,7.956613265599354889e-02,2.292880582291816349e-01,3.082797571848170382e-01,3.247245124292998941e-01,2.931242770882509507e-01,2.281348519979145006e-01,1.405992954799850647e-01,3.686543800760588852e-02,-7.970154472276647084e-02,-2.068388799239959663e-01,-3.421975640012855369e-01,-4.792312978648559652e-01,-6.044591728487008764e-01,-7.109918194978712691e-01,-8.008615261325816581e-01,-8.760473836072512066e-01,-9.382005447795251918e-01,-9.886690899565371282e-01,-1.028485677288337730e+00,-1.057297771825161936e+00,-1.074855430948958412e+00,-1.083669449200250767e+00,-1.083669449206101199e+00,-1.074855430973327142e+00,-1.057297771862957481e+00,-1.028485677353721650e+00,-9.886690900537402626e-01,-9.382005449025676569e-01,-8.760473837637581251e-01,-8.008615263235354664e-01,-7.109918197167159892e-01,-6.044591730966123455e-01,-4.792312981425506102e-01,-3.421975643126626832e-01,-2.068388802538960736e-01,-7.970154506286941665e-02,3.686543768075223326e-02,1.405992951777441657e-01,2.281348517577663770e-01,2.931242769064226206e-01,3.247245123487665364e-01,3.082797571446065366e-01,2.292880582445668836e-01,7.956613268124135274e-02,-1.374419440649542468e-01,-4.052827800779583711e-01,-6.980175045048176985e-01,5.042971250515268622e+00,-1.000000000000000000e+00,-1.000000000000000000e+00,-1.000000000000000000e+00,-1.000000000000000000e+00,-1.000000000000000000e+00,-1.000000000000000000e+00,-1.000000000000000000e+00,-1.000000000000000000e+00,-1.000000000000000000e+00,-1.000000000000000000e+00,-1.000000000000000000e+00,-1.000000000000000000e+00,-1.000000000000000000e+00,-1.000000000000000000e+00,-1.000000000000000000e+00,-1.000000000000000000e+00,-1.000000000000000000e+00,-1.000000000000000000e+00,-1.000000000000000000e+00,-1.000000000000000000e+00,-1.000000000000000000e+00,-1.000000000000000000e+00,-1.000000000000000000e+00,-1.000000000000000000e+00,-1.000000000000000000e+00,-1.000000000000000000e+00,-1.000000000000000000e+00,-1.000000000000000000e+00,-1.000000000000000000e+00,-1.000000000000000000e+00,-1.000000000000000000e+00,-1.000000000000000000e+00,-1.000000000000000000e+00,-1.000000000000000000e+00,-1.000000000000000000e+00,-1.000000000000000000e+00,-1.000000000000000000e+00,-1.000000000000000000e+00,-1.000000000000000000e+00,-1.000000000000000000e+00,-1.000000000000000000e+00,-1.000000000000000000e+00,-1.000000000000000000e+00,-1.000000000000000000e+00,-1.000000000000000000e+00,-1.000000000000000000e+00
-1.000000000000000000e+00,-1.000000000000000000e+00,-1.000000000000000000e+00,-1.000000000000000000e+00,-1.000000000000000000e+00,-1.000000000000000000e+00,-1.000000000000000000e+00,-1.000000000000000000e+00,-1.000000000000000000e+00,-1.000000000000000000e+00,-1.000000000000000000e+00,-1.000000000000000000e+00,-1.000000000000000000e+00,-1.000000000000000000e+00,-1.000000000000000000e+00,-1.000000000000000000e+00,-1.000000000000000000e+00,-1.000000000000000000e+00,-1.000000000000000000e+00,-1.000000000000000000e+00,-1.000000000000000000e+00,-1.000000000000000000e+00,-1.000000000000000000e+00,-1.000000000000000000e+00,-1.000000000000000000e+00,-1.000000000000000000e+00,-1.000000000000000000e+00,-1.000000000000000000e+00,-1.000000000000000000e+00,-1.000000000000000000e+00,-1.000000000000000000e+00,-1.000000000000000000e+00,-1.000000000000000000e+00,-1.000000000000000000e+00,-1.000000000000000000e+00,-1.000000000000000000e+00,-1.000000000000000000e+00,-1.000000000000000000e+00,-1.000000000000000000e+00,-1.000000000000000000e+00,-1.000000000000000000e+00,-1.000000000000000000e+00,-1.000000000000000000e+00,-1.000000000000000000e+00,-1.000000000000000000e+00,-1.000000000000000000e+00,5.042971249909366627e+00,-6.980175045608310036e-01,-4.052827801294484056e-01,-1.374419441230101402e-01,7.956613262667988629e-02,2.292880582119904975e-01,3.082797571500863754e-01,3.247245123914326292e-01,2.931242770064099723e-01,2.281348518835373262e-01,1.405992953338566220e-01,3.686543783894125070e-02,-7.970154490673841963e-02,-2.068388801133905774e-01,-3.421975641926497946e-01,-4.792312980431171487e-01,-6.044591730084187819e-01,-7.109918196402515989e-01,-8.008615262579978911e-01,-8.760473837109518103e-01,-9.382005448659672675e-01,-9.886690900320065367e-01,-1.028485677348207616e+00,-1.057297771867916847e+00,-1.074855430984332116e+00,-1.083669449225312942e+00,-1.083669449218695124e+00,-1.074855430973866044e+00,-1.057297771854110557e+00,-1.028485677327465764e+00,-9.886690900084388334e-01,-9.382005448455346119e-01,-8.760473836890771970e-01,-8.008615262275163849e-01,-7.109918196004958446e-01,-6.044591729571924255e-01,-4.792312979756612190e-01,-3.421975641165064808e-01,-2.068388800432562347e-01,-7.970154484155977936e-02,3.686543789604534993e-02,1.405992953710766269e-01,2.281348519186303658e-01,2.931242770325559466e-01,3.247245124120230475e-01,3.082797571886817245e-01,2.292880582511638288e-01,7.956613268291023999e-02,-1.374419440557423933e-01,-4.052827800718394879e-01,-6.980175044989856969e-01,5.042971250496470326e+00,-1.000000000000000000e+00,-1.000000000000000000e+00,-1.000000000000000000e+00,-1.000000000000000000e+00,-1.000000000000000000e+00,-1.000000000000000000e+00,-1.000000000000000000e+00,-1.000000000000000000e+00,-1.000000000000000000e+00,-1.000000000000000000e+00,-1.000000000000000000e+00,-1.000000000000000000e+00,-1.000000000000000000e+00,-1.000000000000000000e+00,-1.000000000000000000e+00,-1.000000000000000000e+00,-1.000000000000000000e+00,-1.000000000000000000e+00,-1.000000000000000000e+00,-1.000000000000000000e+00,-1.000000000000000000e+00,-1.000000000000000000e+00,-1.000000000000000000e+00,-1.000000000000000000e+00,-1.000000000000000000e+00,-1.000000000000000000e+00,-1.000000000000000000e+00,-1.000000000000000000e+00,-1.000000000000000000e+00,-1.000000000000000000e+00,-1.000000000000000000e+00,-1.000000000000000000e+00,-1.000000000000000000e+00,-1.000000000000000000e+00,-1.000000000000000000e+00,-1.000000000000000000e+00,-1.000000000000000000e+00,-1.000000000000000000e+00,-1.000000000000000000e+00,-1.000000000000000000e+00,-1.000000000000000000e+00,-1.000000000000000000e+00,-1.000000000000000000e+00,-1.000000000000000000e+00,-1.000000000000000000e+00,-1.000000000000000000e+00
-1.000000000000000000e+00,-1.000000000000000000e+00,-1.000000000000000000e+00,-1.000000000000000000e+00,-1.000000000000000000e+00,-1.000000000000000000e+00,-1.000000000000000000e+00,-1.000000000000000000e+00,-1.000000000000000000e+00,-1.000000000000000000e+00,-1.000000000000000000e+00,-1.000000000000000000e+00,-1.000000000000000000e+00,-1.000000000000000000e+00,-1.000000000000000000e+00,-1.000000000000000000e+00,-1.000000000000000000e+00,-1.000000000000000000e+00,-1.000000000000000000e+00,-1.000000000000000000e+00,-1.000000000000000000e+00,-1.000000000000000000e+00,-1.000000000000000000e+00,-1.000000000000000000e+00,-1.000000000000000000e+00,-1.000000000000000000e+00,-1.000000000000000000e+00,-1.000000000000000000e+00,-1.000000000000000000e+00,-1.000000000000000000e+00,-1.000000000000000000e+00,-1.000000000000000000e+00,-1.000000000000000000e+00,-1.000000000000000000e+00,-1.000000000000000000e+00,-1.000000000000000000e+00,-1.000000000000000000e+00,-1.000000000000000000e+00,-1.000000000000000000e+00,-1.000000000000000000e+00,-1.000000000000000000e+00,-1.000000000000000000e+00,-1.000000000000000000e+00,-1.000000000000000000e+00,-1.000000000000000000e+00,-1.000000000000000000e+00,4.948778987697328269e+00,-7.895264449997763112e-01,-5.094326503876089873e-01,-2.458757308148777909e-01,-2.504244275712796952e-02,1.344972935795181179e-01,2.262116947948236145e-01,2.555167351174769674e-01,2.353797993606798755e-01,1.802353367399898154e-01,1.014296477826575060e-01,5.846920828058044250e-03,-1.029271910574351967e-01,-2.227062285027384680e-01,-3.513565290807009189e-01,-4.825775129915645945e-01,-6.030156904969750098e-01,-7.056979119645244714e-01,-7.925038574519502887e-01,-8.652771261803655634e-01,-9.255547308110052551e-01,-9.745965197850472439e-01,-1.013379375048085285e+00,-1.041130100776699319e+00,-1.058316796328512499e+00,-1.066968255267958687e+00,-1.066968255253332609e+00,-1.058316796285210248e+00,-1.041130100707067463e+00,-1.013379374945621914e+00,-9.745965196490591342e-01,-9.255547306441749278e-01,-8.652771259757285893e-01,-7.925038572046607666e-01,-7.056979116721711076e-01,-6.030156901539536207e-01,-4.825775125973963409e-01,-3.513565286472244420e-01,-2.227062280626497248e-01,-1.029271906207555043e-01,5.846921221706491423e-03,1.014296481055496635e-01,1.802353369847611297e-01,2.353797995412671984e-01,2.555167352076979093e-01,2.262116948693380092e-01,1.344972936141628495e-01,-2.504244269519795285e-02,-2.458757307139084469e-01,-5.094326502825299308e-01,-7.895264448948828839e-01,4.948778989070197198e+00,-1.000000000000000000e+00,-1.000000000000000000e+00,-1.000000000000000000e+00,-1.000000000000000000e+00,-1.000000000000000000e+00,-1.000000000000000000e+00,-1.000000000000000000e+00,-1.000000000000000000e+00,-1.000000000000000000e+00,-1.000000000000000000e+00,-1.000000000000000000e+00,-1.000000000000000000e+00,-1.000000000000000000e+00,-1.000000000000000000e+00,-1.000000000000000000e+00,-1.000000000000000000e+00,-1.000000000000000000e+00,-1.000000000000000000e+00,-1.000000000000000000e+00,-1.000000000000000000e+00,-1.000000000000000000e+00,-1.000000000000000000e+00,-1.000000000000000000e+00,-1.000000000000000000e+00,-1.000000000000000000e+00,-1.000000000000000000e+00,-1.000000000000000000e+00,-1.000000000000000000e+00,-1.000000000000000000e+00,-1.000000000000000000e+00,-1.000000000000000000e+00,-1.000000000000000000e+00,-1.000000000000000000e+00,-1.000000000000000000e+00,-1.000000000000000000e+00,-1.000000000000000000e+00,-1.000000000000000000e+00,-1.000000000000000000e+00,-1.000000000000000000e+00,-1.000000000000000000e+00,-1.000000000000000000e+00,-1.000000000000000000e+00,-1.000000000000000000e+00,-1.000000000000000000e+00,-1.000000000000000000e+00,-1.000000000000000000e+00
-1.000000000000000000e+00,-1.000000000000000000e+00,-1.000000000000000000e+00,-1.000000000000000000e+00,-1.000000000000000000e+00,-1.000000000000000000e+00,-1.000000000000000000e+00,-1.000000000000000000e+00,-1.000000000000000000e+00,-1.000000000000000000e+00,-1.000000000000000000e+00,-1.000000000000000000e+00,-1.000000000000000000e+00,-1.000000000000000000e+00,-1.000000000000000000e+00,-1.000000000000000000e+00,-1.000000000000000000e+00,-1.000000000000000000e+00,-1.000000000000000000e+00,-1.000000000000000000e+00,-1.000000000000000000e+00,-1.000000000000000000e+00,-1.000000000000000000e+00,-1.000000000000000000e+00,-1.000000000000000000e+00,-1.000000000000000000e+00,-1.000000000000000000e+00,-1.000000000000000000e+00,-1.000000000000000000e+00,-1.000000000000000000e+00,-1.000000000000000000e+00,-1.000000000000000000e+00,-1.000000000000000000e+00,-1.000000000000000000e+00,-1.000000000000000000e+00,-1.000000000000000000e+00,-1.000000000000000000e+00,-1.000000000000000000e+00,-1.000000000000000000e+00,-1.000000000000000000e+00,-1.000000000000000000e+00,-1.000000000000000000e+00,-1.000000000000000000e+00,-1.000000000000000000e+00,-1.000000000000000000e+00,-1.000000000000000000e+00,5.060974551657048792e+00,-9.283720654189524524e-01,-6.767775414874173112e-01,-4.278417265936631519e-01,-2.068922229260063972e-01,-3.503315280421415157e-02,7.625677134352892850e-02,1.272142923388670521e-01,1.273506764894625221e-01,9.000797225933010459e-02,2.706062846202339500e-02,-5.370628154734446991e-02,-1.482384243163642479e-01,-2.544194921967217748e-01,-3.704809876043826389e-01,-4.905906752708760754e-01,-6.016837595090824831e-01,-6.966903384618918782e-01,-7.772514444491778196e-01,-8.449950059700199745e-01,-9.012696703779764507e-01,-9.471836987221435855e-01,-9.836340466630336676e-01,-1.009221186083011146e+00,-1.025516366778721267e+00,-1.033770222886611689e+00,-1.033770222867825384e+00,-1.025516366710619076e+00,-1.009221185966680201e+00,-9.836340464979117515e-01,-9.471836985013109000e-01,-9.012696700936926320e-01,-8.449950056217218064e-01,-7.772514440373619049e-01,-6.966903379773475846e-01,-6.016837589515544593e-01,-4.905906746485952930e-01,-3.704809869302859715e-01,-2.544194915150417291e-01,-1.482384236550637890e-01,-5.370628096960505804e-02,2.706062894568539434e-02,9.000797260449555637e-02,1.273506767304051213e-01,1.272142924500463401e-01,7.625677140962738854e-02,-3.503315275956231378e-02,-2.068922228357787940e-01,-4.278417264476646054e-01,-6.767775413248364735e-01,-9.283720652733918888e-01,5.060974554683693505e+00,-1.000000000000000000e+00,-1.000000000000000000e+00,-1.000000000000000000e+00,-1.000000000000000000e+00,-1.000000000000000000e+00,-1.000000000000000000e+00,-1.000000000000000000e+00,-1.000000000000000000e+00,-1.000000000000000000e+00,-1.000000000000000000e+00,-1.000000000000000000e+00,-1.000000000000000000e+00,-1.000000000000000000e+00,-1.000000000000000000e+00,-1.000000000000000000e+00,-1.000000000000000000e+00,-1.000000000000000000e+00,-1.000000000000000000e+00,-1.000000000000000000e+00,-1.000000000000000000e+00,-1.000000000000000000e+00,-1.000000000000000000e+00,-1.000000000000000000e+00,-1.000000000000000000e+00,-1.000000000000000000e+00,-1.000000000000000000e+00,-1.000000000000000000e+00,-1.000000000000000000e+00,-1.000000000000000000e+00,-1.000000000000000000e+00,-1.000000000000000000e+00,-1.000000000000000000e+00,-1.000000000000000000e+00,-1.000000000000000000e+00,-1.000000000000000000e+00,-1.000000000000000000e+00,-1.000000000000000000e+00,-1.000000000000000000e+00,-1.000000000000000000e+00,-1.000000000000000000e+00,-1.000000000000000000e+00,-1.000000000000000000e+00,-1.000000000000000000e+00,-1.000000000000000000e+00,-1.000000000000000000e+00,-1.000000000000000000e+00
-1.000000000000000000e+00,-1.000000000000000000e+00,-1.000000000000000000e+00,-1.000000000000000000e+00,-1.000000000000000000e+00,-1.000000000000000000e+00,-1.000000000000000000e+00,-1.000000000000000000e+00,-1.000000000000000000e+00,-1.000000000000000000e+00,-1.000000000000000000e+00,-1.000000000000000000e+00,-1.000000000000000000e+00,-1.000000000000000000e+00,-1.000000000000000000e+00,-1.000000000000000000e+00,-1.000000000000000000e+00,-1.000000000000000000e+00,-1.000000000000000000e+00,-1.000000000000000000e+00,-1.000000000000000000e+00,-1.000000000000000000e+00,-1.000000000000000000e+00,-1.000000000000000000e+00,-1.000000000000000000e+00,-1.000000000000000000e+00,-1.000000000000000000e+00,-1.000000000000000000e+00,-1.000000000000000000e+00,-1.000000000000000000e+00,-1.000000000000000000e+00,-1.000000000000000000e+00,-1.000000000000000000e+00,-1.000000000000000000e+00,-1.000000000000000000e+00,-1.000000000000000000e+00,-1.000000000000000000e+00,-1.000000000000000000e+00,-1.000000000000000000e+00,-1.000000000000000000e+00,-1.000000000000000000e+00,-1.000000000000000000e+00,-1.000000000000000000e+00,-1.000000000000000000e+00,-1.000000000000000000e+00,-1.000000000000000000e+00,5.625677816840313206e+00,-1.050771757215457125e+00,-8.446823382367691924e-01,-6.266215126805920743e-01,-4.189416946930333285e-01,-2.432284820680492565e-01,-1.153744915602475940e-01,-4.142116081105007286e-02,-1.724944584649501511e-02,-3.230255669640058613e-02,-7.501239414995086729e-02,-1.367821927123968884e-01,-2.129091419566895294e-01,-3.012398932465790713e-01,-4.003998358029096094e-01,-5.051725726486812063e-01,-6.029556265653994718e-01,-6.866609226486923845e-01,-7.577081515983656868e-01,-8.175278030016969177e-01,-8.672860835788733791e-01,-9.079171908374651379e-01,-9.401698570586783932e-01,-9.624342316629811434e-01,-9.770432279983379820e-01,-9.845230425254056783e-01,-9.845230425014198650e-01,-9.770432279162736267e-01,-9.624342315253795466e-01,-9.401698568591980720e-01,-9.079171905690192057e-01,-8.672860832361508621e-01,-8.175278025832448670e-01,-7.577081511033867400e-01,-6.866609220724539941e-01,-6.029556259157501374e-01,-5.051725719373221235e-01,-4.003998350466054790e-01,-3.012398924972695680e-01,-2.129091412501049607e-01,-1.367821921070280222e-01,-7.501239363795231263e-02,-3.230255635530254743e-02,-1.724944562138797099e-02,-4.142116069363210862e-02,-1.153744914854353265e-01,-2.432284819618725225e-01,-4.189416945311974505e-01,-6.266215124635927669e-01,-8.446823379974655044e-01,-1.050771757006465634e+00,5.625677822594472133e+00,-1.000000000000000000e+00,-1.000000000000000000e+00,-1.000000000000000000e+00,-1.000000000000000000e+00,-1.000000000000000000e+00,-1.000000000000000000e+00,-1.000000000000000000e+00,-1.000000000000000000e+00,-1.000000000000000000e+00,-1.000000000000000000e+00,-1.000000000000000000e+00,-1.000000000000000000e+00,-1.000000000000000000e+00,-1.000000000000000000e+00,-1.000000000000000000e+00,-1.000000000000000000e+00,-1.000000000000000000e+00,-1.000000000000000000e+00,-1.000000000000000000e+00,-1.000000000000000000e+00,-1.000000000000000000e+00,-1.000000000000000000e+00,-1.000000000000000000e+00,-1.000000000000000000e+00,-1.000000000000000000e+00,-1.000000000000000000e+00,-1.000000000000000000e+00,-1.000000000000000000e+00,-1.000000000000000000e+00,-1.000000000000000000e+00,-1.000000000000000000e+00,-1.000000000000000000e+00,-1.000000000000000000e+00,-1.000000000000000000e+00,-1.000000000000000000e+00,-1.000000000000000000e+00,-1.000000000000000000e+00,-1.000000000000000000e+00,-1.000000000000000000e+00,-1.000000000000000000e+00,-1.000000000000000000e+00,-1.000000000000000000e+00,-1.000000000000000000e+00,-1.000000000000000000e+00,-1.000000000000000000e+00,-1.000000000000000000e+00
-1.000000000000000000e+00,-1.000000000000000000e+00,-1.000000000000000000e+00,-1.000000000000000000e+00,-1.000000000000000000e+00,-1.000000000000000000e+00,-1.000000000000000000e+00,-1.000000000000000000e+00,-1.000000000000000000e+00,-1.000000000000000000e+00,-1.000000000000000000e+00,-1.000000000000000000e+00,-1.000000000000000000e+00,-1.000000000000000000e+00,-1.000000000000000000e+00,-1.000000000000000000e+00,-1.000000000000000000e+00,-1.000000000000000000e+00,-1.000000000000000000e+00,-1.000000000000000000e+00,-1.000000000000000000e+00,-1.000000000000000000e+00,-1.000000000000000000e+00,-1.000000000000000000e+00,-1.000000000000000000e+00,-1.000000000000000000e+00,-1.000000000000000000e+00,-1.000000000000000000e+00,-1.000000000000000000e+00,-1.000000000000000000e+00,-1.000000000000000000e+00,-1.000000000000000000e+00,-1.000000000000000000e+00,-1.000000000000000000e+00,-1.000000000000000000e+00,-1.000000000000000000e+00,-1.000000000000000000e+00,-1.000000000000000000e+00,-1.000000000000000000e+00,-1.000000000000000000e+00,-1.000000000000000000e+00,-1.000000000000000000e+00,-1.000000000000000000e+00,-1.000000000000000000e+00,-1.000000000000000000e+00,-1.000000000000000000e+00,6.505992127665527036e+00,-1.108539755402211835e+00,-9.604164228425740024e-01,-7.880809686355652044e-01,-6.109963691058335478e-01,-4.478676893536448489e-01,-3.159338717336928060e-01,-2.262252035890375268e-01,-1.807346457931333639e-01,-1.734904811401529745e-01,-1.948546790891081404e-01,-2.362143766756652496e-01,-2.923378736656815358e-01,-3.609243018437175987e-01,-4.409008325920493743e-01,-5.276855167124365753e-01,-6.092455711544545460e-01,-6.785870359154524412e-01,-7.370041754042975235e-01,-7.858552020897910939e-01,-8.262613342859355114e-01,-8.591296941051332903e-01,-8.842777931300868088e-01,-9.020879721335562929e-01,-9.138531314357880575e-01,-9.199818846184371068e-01,-9.199818845923263266e-01,-9.138531313534671296e-01,-9.020879720003904811e-01,-8.842777929330842834e-01,-8.591296938418460094e-01,-8.262613339525356482e-01,-7.858552016798137085e-01,-7.370041749196235559e-01,-6.785870353590921500e-01,-6.092455705327752824e-01,-5.276855160416145107e-01,-4.409008318932138293e-01,-3.609243011612340846e-01,-2.923378730314207807e-01,-2.362143761373842743e-01,-1.948546786481827331e-01,-1.734904808526676057e-01,-1.807346455931614360e-01,-2.262252034409751866e-01,-3.159338716023152305e-01,-4.478676891545450012e-01,-6.109963688480106736e-01,-7.880809683301024382e-01,-9.604164225080339401e-01,-1.108539755085309331e+00,6.505992136651292057e+00,-1.000000000000000000e+00,-1.000000000000000000e+00,-1.000000000000000000e+00,-1.000000000000000000e+00,-1.000000000000000000e+00,-1.000000000000000000e+00,-1.000000000000000000e+00,-1.000000000000000000e+00,-1.000000000000000000e+00,-1.000000000000000000e+00,-1.000000000000000000e+00,-1.000000000000000000e+00,-1.000000000000000000e+00,-1.000000000000000000e+00,-1.000000000000000000e+00,-1.000000000000000000e+00,-1.000000000000000000e+00,-1.000000000000000000e+00,-1.000000000000000000e+00,-1.000000000000000000e+00,-1.000000000000000000e+00,-1.000000000000000000e+00,-1.000000000000000000e+00,-1.000000000000000000e+00,-1.000000000000000000e+00,-1.000000000000000000e+00,-1.000000000000000000e+00,-1.000000000000000000e+00,-1.000000000000000000e+00,-1.000000000000000000e+00,-1.000000000000000000e+00,-1.000000000000000000e+00,-1.000000000000000000e+00,-1.000000000000000000e+00,-1.000000000000000000e+00,-1.000000000000000000e+00,-1.000000000000000000e+00,-1.000000000000000000e+00,-1.000000000000000000e+00,-1.000000000000000000e+00,-1.000000000000000000e+00,-1.000000000000000000e+00,-1.000000000000000000e+00,-1.000000000000000000e+00,-1.000000000000000000e+00,-1.000000000000000000e+00
-1.000000000000000000e+00,-1.000000000000000000e+00,-1.000000000000000000e+00,-1.000000000000000000e+00,-1.000000000000000000e+00,-1.000000000000000000e+00,-1.000000000000000000e+00,-1.000000000000000000e+00,-1.000000000000000000e+00,-1.000000000000000000e+00,-1.000000000000000000e+00,-1.000000000000000000e+00,-1.000000000000000000e+00,-1.000000000000000000e+00,-1.000000000000000000e+00,-1.000000000000000000e+00,-1.000000000000000000e+00,-1.000000000000000000e+00,-1.000000000000000000e+00,-1.000000000000000000e+00,-1.000000000000000000e+00,-1.000000000000000000e+00,-1.000000000000000000e+00,-1.000000000000000000e+00,-1.000000000000000000e+00,-1.000000000000000000e+00,-1.000000000000000000e+00,-1.000000000000000000e+00,-1.000000000000000000e+00,-1.000000000000000000e+00,-1.000000000000000000e+00,-1.000000000000000000e+00,-1.000000000000000000e+00,-1.000000000000000000e+00,-1.000000000000000000e+00,-1.000000000000000000e+00,-1.000000000000000000e+00,-1.000000000000000000e+00,-1.000000000000000000e+00,-1.000000000000000000e+00,-1.000000000000000000e+00,-1.000000000000000000e+00,-1.000000000000000000e+00,-1.000000000000000000e+00,-1.000000000000000000e+00,-1.000000000000000000e+00,7.221048414146700622e+00,-1.088545570398456119e+00,-1.006678982829805724e+00,-8.855259802137160907e-01,-7.504302040945629582e-01,-6.154888640974929270e-01,-4.954838052182378716e-01,-4.030075904687101529e-01,-3.446522941412883956e-01,-3.196010410906150456e-01,-3.217327295385237207e-01,-3.437615771036950374e-01,-3.805099159463344316e-01,-4.295842000043746944e-01,-4.900997982901071914e-01,-5.580198376894485168e-01,-6.218777373225325977e-01,-6.748047427862322589e-01,-7.180457716342111274e-01,-7.530444799409312662e-01,-7.810566856739993291e-01,-8.028200076187872458e-01,-8.187555500141161513e-01,-8.299975128054131179e-01,-8.373204595026035868e-01,-8.412824126064775143e-01,-8.412824125865996372e-01,-8.373204594366674414e-01,-8.299975126975196460e-01,-8.187555498569079049e-01,-8.028200074097587846e-01,-7.810566854067981790e-01,-7.530444796089432735e-01,-7.180457712420882377e-01,-6.748047423355872931e-01,-6.218777368165313568e-01,-5.580198371433238158e-01,-4.900997977194959665e-01,-4.295841994454192569e-01,-3.805099154288917873e-01,-3.437615766551644914e-01,-3.217327291791809429e-01,-3.196010408192960783e-01,-3.446522939286301712e-01,-4.030075902618528438e-01,-4.954838049878341755e-01,-6.154888637961197784e-01,-7.504302037355224941e-01,-8.855259798164467622e-01,-1.006678982376625342e+00,-1.088545569924536105e+00,7.221048425730646869e+00,-1.000000000000000000e+00,-1.000000000000000000e+00,-1.000000000000000000e+00,-1.000000000000000000e+00,-1.000000000000000000e+00,-1.000000000000000000e+00,-1.000000000000000000e+00,-1.000000000000000000e+00,-1.000000000000000000e+00,-1.000000000000000000e+00,-1.000000000000000000e+00,-1.000000000000000000e+00,-1.000000000000000000e+00,-1.000000000000000000e+00,-1.000000000000000000e+00,-1.000000000000000000e+00,-1.000000000000000000e+00,-1.000000000000000000e+00,-1.000000000000000000e+00,-1.000000000000000000e+00,-1.000000000000000000e+00,-1.000000000000000000e+00,-1.000000000000000000e+00,-1.000000000000000000e+00,-1.000000000000000000e+00,-1.000000000000000000e+00,-1.000000000000000000e+00,-1.000000000000000000e+00,-1.000000000000000000e+00,-1.000000000000000000e+00,-1.000000000000000000e+00,-1.000000000000000000e+00,-1.000000000000000000e+00,-1.000000000000000000e+00,-1.000000000000000000e+00,-1.000000000000000000e+00,-1.000000000000000000e+00,-1.000000000000000000e+00,-1.000000000000000000e+00,-1.000000000000000000e+00,-1.000000000000000000e+00,-1.000000000000000000e+00,-1.000000000000000000e+00,-1.000000000000000000e+00,-1.000000000000000000e+00,-1.000000000000000000e+00
-1.000000000000000000e+00,-1.000000000000000000e+00,-1.000000000000000000e+00,-1.000000000000000000e+00,-1.000000000000000000e+00,-1.000000000000000000e+00,-1.000000000000000000e+00,-1.000000000000000000e+00,-1.000000000000000000e+00,-1.000000000000000000e+00,-1.000000000000000000e+00,-1.000000000000000000e+00,-1.000000000000000000e+00,-1.000000000000000000e+00,-1.000000000000000000e+00,-1.000000000000000000e+00,-1.000000000000000000e+00,-1.000000000000000000e+00,-1.000000000000000000e+00,-1.000000000000000000e+00,-1.000000000000000000e+00,-1.000000000000000000e+00,-1.000000000000000000e+00,-1.000000000000000000e+00,-1.000000000000000000e+00,-1.000000000000000000e+00,-1.000000000000000000e+00,-1.000000000000000000e+00,-1.000000000000000000e+00,-1.000000000000000000e+00,-1.000000000000000000e+00,-1.000000000000000000e+00,-1.000000000000000000e+00,-1.000000000000000000e+00,-1.000000000000000000e+00,-1.000000000000000000e+00,-1.000000000000000000e+00,-1.000000000000000000e+00,-1.000000000000000000e+00,-1.000000000000000000e+00,-1.000000000000000000e+00,-1.000000000000000000e+00,-1.000000000000000000e+00,-1.000000000000000000e+00,-1.000000000000000000e+00,-1.000000000000000000e+00,7.279400262351643391e+00,-9.955791736484984611e-01,-1.000677478056667180e+00,-9.269035623286340231e-01,-8.337477957425308839e-01,-7.335130036745252102e-01,-6.367180178985276662e-01,-5.540349075973289850e-01,-4.935260532592297134e-01,-4.581523700026354229e-01,-4.457301724221583994e-01,-4.514676629923408679e-01,-4.711020805453115523e-01,-5.023987723928765581e-01,-5.446677848040943903e-01,-5.943302388277950099e-01,-6.404934247335043462e-01,-6.762661060476675701e-01,-7.027808092223681857e-01,-7.216850306352842193e-01,-7.342553752381126841e-01,-7.420601457159231584e-01,-7.463688073202076056e-01,-7.483836865029004359e-01,-7.492677457246472716e-01,-7.500128415687453698e-01,-7.500128415596977183e-01,-7.492677456900800337e-01,-7.483836864434674219e-01,-7.463688072322471889e-01,-7.420601455933417689e-01,-7.342553750760667519e-01,-7.216850304289399443e-01,-7.027808089691831572e-01,-6.762661057431542666e-01,-6.404934243803661609e-01,-5.943302384290559681e-01,-5.446677843695222343e-01,-5.023987719525491169e-01,-4.711020801286335269e-01,-4.514676626045844854e-01,-4.457301721043470666e-01,-4.581523697086394842e-01,-4.935260530050725736e-01,-5.540349073104346989e-01,-6.367180175574542744e-01,-7.335130032931956867e-01,-8.337477953011861453e-01,-9.269035618431131773e-01,-1.000677477435120366e+00,-9.955791729877616625e-01,7.279400274862807052e+00,-1.000000000000000000e+00,-1.000000000000000000e+00,-1.000000000000000000e+00,-1.000000000000000000e+00,-1.000000000000000000e+00,-1.000000000000000000e+00,-1.000000000000000000e+00,-1.000000000000000000e+00,-1.000000000000000000e+00,-1.000000000000000000e+00,-1.000000000000000000e+00,-1.000000000000000000e+00,-1.000000000000000000e+00,-1.000000000000000000e+00,-1.000000000000000000e+00,-1.000000000000000000e+00,-1.000000000000000000e+00,-1.000000000000000000e+00,-1.000000000000000000e+00,-1.000000000000000000e+00,-1.000000000000000000e+00,-1.000000000000000000e+00,-1.000000000000000000e+00,-1.000000000000000000e+00,-1.000000000000000000e+00,-1.000000000000000000e+00,-1.000000000000000000e+00,-1.000000000000000000e+00,-1.000000000000000000e+00,-1.000000000000000000e+00,-1.000000000000000000e+00,-1.000000000000000000e+00,-1.000000000000000000e+00,-1.000000000000000000e+00,-1.000000000000000000e+00,-1.000000000000000000e+00,-1.000000000000000000e+00,-1.000000000000000000e+00,-1.000000000000000000e+00,-1.000000000000000000e+00,-1.000000000000000000e+00,-1.000000000000000000e+00,-1.000000000000000000e+00,-1.000000000000000000e+00,-1.000000000000000000e+00,-1.000000000000000000e+00
-1.000000000000000000e+00,-1.000000000000000000e+00,-1.000000000000000000e+00,-1.000000000000000000e+00,-1.000000000000000000e+00,-1.000000000000000000e+00,-1.000000000000000000e+00,-1.000000000000000000e+00,-1.000000000000000000e+00,-1.000000000000000000e+00,-1.000000000000000000e+00,-1.000000000000000000e+00,-1.000000000000000000e+00,-1.000000000000000000e+00,-1.000000000000000000e+00,-1.000000000000000000e+00,-1.000000000000000000e+00,-1.000000000000000000e+00,-1.000000000000000000e+00,-1.000000000000000000e+00,-1.000000000000000000e+00,-1.000000000000000000e+00,-1.000000000000000000e+00,-1.000000000000000000e+00,-1.000000000000000000e+00,-1.000000000000000000e+00,-1.000000000000000000e+00,-1.000000000000000000e+00,-1.000000000000000000e+00,-1.000000000000000000e+00,-1.000000000000000000e+00,-1.000000000000000000e+00,-1.000000000000000000e+00,-1.000000000000000000e+00,-1.000000000000000000e+00,-1.000000000000000000e+00,-1.000000000000000000e+00,-1.000000000000000000e+00,-1.000000000000000000e+00,-1.000000000000000000e+00,-1.000000000000000000e+00,-1.000000000000000000e+00,-1.000000000000000000e+00,-1.000000000000000000e+00,-1.000000000000000000e+00,-1.000000000000000000e+00,6.437007968140662229e+00,-8.107914442803889621e-01,-9.672391296195190780e-01,-9.379062210736828220e-01,-8.788401763752554663e-01,-8.097226063885448744e-01,-7.383780270712242411e-01,-6.721836969054544308e-01,-6.179382316225761063e-01,-5.799181704015021754e-01,-5.587917506068695861e-01,-5.524744646804351511e-01,-5.582509047806634150e-01,-5.744237463299615154e-01,-6.005515217489743041e-01,-6.335798519180955157e-01,-6.632017723505277962e-01,-6.823303570995606915e-01,-6.917253027887428907e-01,-6.931458862815538247e-01,-6.885893784108625404e-01,-6.801458872245529363e-01,-6.698621387432397434e-01,-6.597817849196399020e-01,-6.519751078964013402e-01,-6.482775489972031346e-01,-6.482775490006189578e-01,-6.519751079027742424e-01,-6.597817849252483047e-01,-6.698621387404364302e-01,-6.801458872061002525e-01,-6.885893783697689674e-01,-6.931458862090766893e-01,-6.917253026774013991e-01,-6.823303569367962229e-01,-6.632017721354167561e-01,-6.335798516425628080e-01,-6.005515214242065358e-01,-5.744237459695316073e-01,-5.582509044217346394e-01,-5.524744643203161054e-01,-5.587917502928856361e-01,-5.799181700765032588e-01,-6.179382313139824001e-01,-6.721836965469981662e-01,-7.383780266610049381e-01,-8.097226059650316499e-01,-8.788401758762239835e-01,-9.379062205075688885e-01,-9.672391289201793807e-01,-8.107914431343767880e-01,6.437007979712427108e+00,-1.000000000000000000e+00,-1.000000000000000000e+00,-1.000000000000000000e+00,-1.000000000000000000e+00,-1.000000000000000000e+00,-1.000000000000000000e+00,-1.000000000000000000e+00,-1.000000000000000000e+00,-1.000000000000000000e+00,-1.000000000000000000e+00,-1.000000000000000000e+00,-1.000000000000000000e+00,-1.000000000000000000e+00,-1.000000000000000000e+00,-1.000000000000000000e+00,-1.000000000000000000e+00,-1.000000000000000000e+00,-1.000000000000000000e+00,-1.000000000000000000e+00,-1.000000000000000000e+00,-1.000000000000000000e+00,-1.000000000000000000e+00,-1.000000000000000000e+00,-1.000000000000000000e+00,-1.000000000000000000e+00,-1.000000000000000000e+00,-1.000000000000000000e+00,-1.000000000000000000e+00,-1.000000000000000000e+00,-1.000000000000000000e+00,-1.000000000000000000e+00,-1.000000000000000000e+00,-1.000000000000000000e+00,-1.000000000000000000e+00,-1.000000000000000000e+00,-1.000000000000000000e+00,-1.000000000000000000e+00,-1.000000000000000000e+00,-1.000000000000000000e+00,-1.000000000000000000e+00,-1.000000000000000000e+00,-1.000000000000000000e+00,-1.000000000000000000e+00,-1.000000000000000000e+00,-1.000000000000000000e+00,-1.000000000000000000e+00
-1.000000000000000000e+00,-1.000000000000000000e+00,-1.000000000000000000e+00,-1.000000000000000000e+00,-1.000000000000000000e+00,-1.000000000000000000e+00,-1.000000000000000000e+00,-1.000000000000000000e+00,-1.000000000000000000e+00,-1.000000000000000000e+00,-1.000000000000000000e+00,-1.000000000000000000e+00,-1.000000000000000000e+00,-1.000000000000000000e+00,-1.000000000000000000e+00,-1.000000000000000000e+00,-1.000000000000000000e+00,-1.000000000000000000e+00,-1.000000000000000000e+00,-1.000000000000000000e+00,-1.000000000000000000e+00,-1.000000000000000000e+00,-1.000000000000000000e+00,-1.000000000000000000e+00,-1.000000000000000000e+00,-1.000000000000000000e+00,-1.000000000000000000e+00,-1.000000000000000000e+00,-1.000000000000000000e+00,-1.000000000000000000e+00,-1.000000000000000000e+00,-1.000000000000000000e+00,-1.000000000000000000e+00,-1.000000000000000000e+00,-1.000000000000000000e+00,-1.000000000000000000e+00,-1.000000000000000000e+00,-1.000000000000000000e+00,-1.000000000000000000e+00,-1.000000000000000000e+00,-1.000000000000000000e+00,-1.000000000000000000e+00,-1.000000000000000000e+00,-1.000000000000000000e+00,-1.000000000000000000e+00,-1.000000000000000000e+00,4.657788837120555137e+00,-4.621348988739304442e-01,-9.096318042959093964e-01,-9.376101599074048165e-01,-9.058410633967790559e-01,-8.598606347213814116e-01,-8.094214394159006121e-01,-7.597013594792778601e-01,-7.153412088144810443e-01,-6.800280486343215358e-01,-6.555634541671525595e-01,-6.417856445570213619e-01,-6.375253763581629762e-01,-6.417773917642364268e-01,-6.542484529999864629e-01,-6.723929358120733779e-01,-6.871382175084106425e-01,-6.913167873915500028e-01,-6.846868172332991609e-01,-6.688150123026781468e-01,-6.460806554480291730e-01,-6.193601043524057381e-01,-5.918430804448649996e-01,-5.669321887060239096e-01,-5.481613213401157481e-01,-5.387341481518413966e-01,-5.387341481694727374e-01,-5.481613213894650505e-01,-5.669321887790474968e-01,-5.918430805294702113e-01,-6.193601044376813025e-01,-6.460806555171596521e-01,-6.688150123434020156e-01,-6.846868172376576744e-01,-6.913167873373388117e-01,-6.871382173914297731e-01,-6.723929356218392162e-01,-6.542484527462384403e-01,-6.417773914502931110e-01,-6.375253760369420375e-01,-6.417856442135545514e-01,-6.555634538319394800e-01,-6.800280482837539608e-01,-7.153412084551464822e-01,-7.597013590847927489e-01,-8.094214389834445411e-01,-8.598606342611720965e-01,-9.058410628546404997e-01,-9.376101592714488620e-01,-9.096318035075497965e-01,-4.621348970895192698e-01,4.657788845965554536e+00,-1.000000000000000000e+00,-1.000000000000000000e+00,-1.000000000000000000e+00,-1.000000000000000000e+00,-1.000000000000000000e+00,-1.000000000000000000e+00,-1.000000000000000000e+00,-1.000000000000000000e+00,-1.000000000000000000e+00,-1.000000000000000000e+00,-1.000000000000000000e+00,-1.000000000000000000e+00,-1.000000000000000000e+00,-1.000000000000000000e+00,-1.000000000000000000e+00,-1.000000000000000000e+00,-1.000000000000000000e+00,-1.000000000000000000e+00,-1.000000000000000000e+00,-1.000000000000000000e+00,-1.000000000000000000e+00,-1.000000000000000000e+00,-1.000000000000000000e+00,-1.000000000000000000e+00,-1.000000000000000000e+00,-1.000000000000000000e+00,-1.000000000000000000e+00,-1.000000000000000000e+00,-1.000000000000000000e+00,-1.000000000000000000e+00,-1.000000000000000000e+00,-1.000000000000000000e+00,-1.000000000000000000e+00,-1.000000000000000000e+00,-1.000000000000000000e+00,-1.000000000000000000e+00,-1.000000000000000000e+00,-1.000000000000000000e+00,-1.000000000000000000e+00,-1.000000000000000000e+00,-1.000000000000000000e+00,-1.000000000000000000e+00,-1.000000000000000000e+00,-1.000000000000000000e+00,-1.000000000000000000e+00,-1.000000000000000000e+00
-1.000000000000000000e+00,-1.000000000000000000e+00,-1.000000000000000000e+00,-1.000000000000000000e+00,-1.000000000000000000e+00,-1.000000000000000000e+00,-1.000000000000000000e+00,-1.000000000000000000e+00,-1.000000000000000000e+00,-1.000000000000000000e+00,-1.000000000000000000e+00,-1.000000000000000000e+00,-1.000000000000000000e+00,-1.000000000000000000e+00,-1.000000000000000000e+00,-1.000000000000000000e+00,-1.000000000000000000e+00,-1.000000000000000000e+00,-1.000000000000000000e+00,-1.000000000000000000e+00,-1.000000000000000000e+00,-1.000000000000000000e+00,-1.000000000000000000e+00,-1.000000000000000000e+00,-1.000000000000000000e+00,-1.000000000000000000e+00,-1.000000000000000000e+00,-1.000000000000000000e+00,-1.000000000000000000e+00,-1.000000000000000000e+00,-1.000000000000000000e+00,-1.000000000000000000e+00,-1.000000000000000000e+00,-1.000000000000000000e+00,-1.000000000000000000e+00,-1.000000000000000000e+00,-1.000000000000000000e+00,-1.000000000000000000e+00,-1.000000000000000000e+00,-1.000000000000000000e+00,-1.000000000000000000e+00,-1.000000000000000000e+00,-1.000000000000000000e+00,-1.000000000000000000e+00,-1.000000000000000000e+00,-1.000000000000000000e+00,2.998520746523610114e+00,-3.120449870162836925e-01,-8.551388190012121360e-01,-9.350532307095054119e-01,-9.260519766885952908e-01,-8.960893770147493331e-01,-8.600132785699668991e-01,-8.227748828056464792e-01,-7.875625190110425722e-01,-7.569908067667896479e-01,-7.328003602980477371e-01,-7.156008957500848977e-01,-7.051503002943944054e-01,-7.009799395250539966e-01,-7.029040273770819081e-01,-7.088123486441832988e-01,-7.108932893731365610e-01,-7.020487941109756491e-01,-6.809262406050433647e-01,-6.485665774044677701e-01,-6.074835991487865794e-01,-5.613323970534782603e-01,-5.146614664593405220e-01,-4.726689928341896163e-01,-4.409228854727512692e-01,-4.245733280377942398e-01,-4.245733280683626765e-01,-4.409228855587672413e-01,-4.726689929659586564e-01,-5.146614666165971741e-01,-5.613323972189483424e-01,-6.074835992992629885e-01,-6.485665775248252718e-01,-6.809262406820999480e-01,-7.020487941192958825e-01,-7.108932893118515839e-01,-7.088123485031354587e-01,-7.029040271634787729e-01,-7.009799392466006251e-01,-7.051502999991785536e-01,-7.156008954153040280e-01,-7.328003599437821203e-01,-7.569908064100911993e-01,-7.875625186209193052e-01,-8.227748823953875412e-01,-8.600132781243176039e-01,-8.960893765123169041e-01,-9.260519761222254509e-01,-9.350532300183640455e-01,-8.551388180631018798e-01,-3.120449851618497528e-01,2.998520752649596943e+00,-1.000000000000000000e+00,-1.000000000000000000e+00,-1.000000000000000000e+00,-1.000000000000000000e+00,-1.000000000000000000e+00,-1.000000000000000000e+00,-1.000000000000000000e+00,-1.000000000000000000e+00,-1.000000000000000000e+00,-1.000000000000000000e+00,-1.000000000000000000e+00,-1.000000000000000000e+00,-1.000000000000000000e+00,-1.000000000000000000e+00,-1.000000000000000000e+00,-1.000000000000000000e+00,-1.000000000000000000e+00,-1.000000000000000000e+00,-1.000000000000000000e+00,-1.000000000000000000e+00,-1.000000000000000000e+00,-1.000000000000000000e+00,-1.000000000000000000e+00,-1.000000000000000000e+00,-1.000000000000000000e+00,-1.000000000000000000e+00,-1.000000000000000000e+00,-1.000000000000000000e+00,-1.000000000000000000e+00,-1.000000000000000000e+00,-1.000000000000000000e+00,-1.000000000000000000e+00,-1.000000000000000000e+00,-1.000000000000000000e+00,-1.000000000000000000e+00,-1.000000000000000000e+00,-1.000000000000000000e+00,-1.000000000000000000e+00,-1.000000000000000000e+00,-1.000000000000000000e+00,-1.000000000000000000e+00,-1.000000000000000000e+00,-1.000000000000000000e+00,-1.000000000000000000e+00,-1.000000000000000000e+00,-1.000000000000000000e+00
-1.000000000000000000e+00,-1.000000000000000000e+00,-1.000000000000000000e+00,-1.000000000000000000e+00,-1.000000000000000000e+00,-1.000000000000000000e+00,-1.000000000000000000e+00,-1.000000000000000000e+00,-1.000000000000000000e+00,-1.000000000000000000e+00,-1.000000000000000000e+00,-1.000000000000000000e+00,-1.000000000000000000e+00,-1.000000000000000000e+00,-1.000000000000000000e+00,-1.000000000000000000e+00,-1.000000000000000000e+00,-1.000000000000000000e+00,-1.000000000000000000e+00,-1.000000000000000000e+00,-1.000000000000000000e+00,-1.000000000000000000e+00,-1.000000000000000000e+00,-1.000000000000000000e+00,-1.000000000000000000e+00,-1.000000000000000000e+00,-1.000000000000000000e+00,-1.000000000000000000e+00,-1.000000000000000000e+00,-1.000000000000000000e+00,-1.000000000000000000e+00,-1.000000000000000000e+00,-1.000000000000000000e+00,-1.000000000000000000e+00,-1.000000000000000000e+00,-1.000000000000000000e+00,-1.000000000000000000e+00,-1.000000000000000000e+00,-1.000000000000000000e+00,-1.000000000000000000e+00,-1.000000000000000000e+00,-1.000000000000000000e+00,-1.000000000000000000e+00,-1.000000000000000000e+00,-1.000000000000000000e+00,-1.000000000000000000e+00,1.715480171344002436e+00,-3.305644481268166235e-01,-8.264759203413362121e-01,-9.336568836676197858e-01,-9.418893093297746599e-01,-9.233013119828042958e-01,-8.967696727997835904e-01,-8.680657812644038129e-01,-8.398349672918348219e-01,-8.139148216715930140e-01,-7.916219958273902346e-01,-7.736321575571791787e-01,-7.600138614246526592e-01,-7.505043012633721977e-01,-7.448663695816132302e-01,-7.412329192719119275e-01,-7.328992658163168139e-01,-7.130050924178290561e-01,-6.791794597486697782e-01,-6.317035649455522428e-01,-5.729446511268332376e-01,-5.071758836022493000e-01,-4.403635669818757314e-01,-3.798104672568198836e-01,-3.336130545304073491e-01,-3.094074523274628064e-01,-3.094074523669342325e-01,-3.336130546402419350e-01,-3.798104674254645374e-01,-4.403635671790718797e-01,-5.071758838116549040e-01,-5.729446513225697757e-01,-6.317035651040925348e-01,-6.791794598528200222e-01,-7.130050924484584440e-01,-7.328992657737241068e-01,-7.412329191500672820e-01,-7.448663693896830917e-01,-7.505043010130124648e-01,-7.600138611372810882e-01,-7.736321572303002103e-01,-7.916219954696809280e-01,-8.139148213114527630e-01,-8.398349668834643733e-01,-8.680657808415559451e-01,-8.967696723411675563e-01,-9.233013114532448995e-01,-9.418893087514387252e-01,-9.336568829399227720e-01,-8.264759193632451595e-01,-3.305644464142235561e-01,1.715480175507594574e+00,-1.000000000000000000e+00,-1.000000000000000000e+00,-1.000000000000000000e+00,-1.000000000000000000e+00,-1.000000000000000000e+00,-1.000000000000000000e+00,-1.000000000000000000e+00,-1.000000000000000000e+00,-1.000000000000000000e+00,-1.000000000000000000e+00,-1.000000000000000000e+00,-1.000000000000000000e+00,-1.000000000000000000e+00,-1.000000000000000000e+00,-1.000000000000000000e+00,-1.000000000000000000e+00,-1.000000000000000000e+00,-1.000000000000000000e+00,-1.000000000000000000e+00,-1.000000000000000000e+00,-1.000000000000000000e+00,-1.000000000000000000e+00,-1.000000000000000000e+00,-1.000000000000000000e+00,-1.000000000000000000e+00,-1.000000000000000000e+00,-1.000000000000000000e+00,-1.000000000000000000e+00,-1.000000000000000000e+00,-1.000000000000000000e+00,-1.000000000000000000e+00,-1.000000000000000000e+00,-1.000000000000000000e+00,-1.000000000000000000e+00,-1.000000000000000000e+00,-1.000000000000000000e+00,-1.000000000000000000e+00,-1.000000000000000000e+00,-1.000000000000000000e+00,-1.000000000000000000e+00,-1.000000000000000000e+00,-1.000000000000000000e+00,-1.000000000000000000e+00,-1.000000000000000000e+00,-1.000000000000000000e+00,-1.000000000000000000e+00
-1.000000000000000000e+00,-1.000000000000000000e+00,-1.000000000000000000e+00,-1.000000000000000000e+00,-1.000000000000000000e+00,-1.000000000000000000e+00,-1.000000000000000000e+00,-1.000000000000000000e+00,-1.000000000000000000e+00,-1.000000000000000000e+00,-1.000000000000000000e+00,-1.000000000000000000e+00,-1.000000000000000000e+00,-1.000000000000000000e+00,-1.000000000000000000e+00,-1.000000000000000000e+00,-1.000000000000000000e+00,-1.000000000000000000e+00,-1.000000000000000000e+00,-1.000000000000000000e+00,-1.000000000000000000e+00,-1.000000000000000000e+00,-1.000000000000000000e+00,-1.000000000000000000e+00,-1.000000000000000000e+00,-1.000000000000000000e+00,-1.000000000000000000e+00,-1.000000000000000000e+00,-1.000000000000000000e+00,-1.000000000000000000e+00,-1.000000000000000000e+00,-1.000000000000000000e+00,-1.000000000000000000e+00,-1.000000000000000000e+00,-1.000000000000000000e+00,-1.000000000000000000e+00,-1.000000000000000000e+00,-1.000000000000000000e+00,-1.000000000000000000e+00,-1.000000000000000000e+00,-1.000000000000000000e+00,-1.000000000000000000e+00,-1.000000000000000000e+00,-1.000000000000000000e+00,-1.000000000000000000e+00,-1.000000000000000000e+00,8.060027972927943374e-01,-4.318601612945206503e-01,-8.253230697131576088e-01,-9.347614957838550342e-01,-9.531452145780241469e-01,-9.426050148215854296e-01,-9.227399197151768817e-01,-8.999826963280548320e-01,-8.768990456251529730e-01,-8.549256542052275920e-01,-8.350091847902628706e-01,-8.176468195651951376e-01,-8.028714877392624238e-01,-7.903566821635807926e-01,-7.796373790836351736e-01,-7.688678858815487516e-01,-7.522094137739125941e-01,-7.231315140170917477e-01,-6.784218978065689187e-01,-6.175017565452682877e-01,-5.423539946758730856e-01,-4.576481096257605241e-01,-3.706930487786873618e-01,-2.910395381947870064e-01,-2.296484474905706730e-01,-1.970479399672024901e-01,-1.970479400087772337e-01,-2.296484476038482825e-01,-2.910395383705671746e-01,-3.706930489849301624e-01,-4.576481098463295316e-01,-5.423539948781908038e-01,-6.175017567042939692e-01,-6.784218979112990322e-01,-7.231315140517892148e-01,-7.522094137323545038e-01,-7.688678857691733093e-01,-7.796373789034151125e-01,-7.903566819296965473e-01,-8.028714874580572536e-01,-8.176468192572889926e-01,-8.350091844361907656e-01,-8.549256538322447252e-01,-8.768990452142118031e-01,-8.999826958935970289e-01,-9.227399192407478301e-01,-9.426050142794841769e-01,-9.531452139811120716e-01,-9.347614950430539471e-01,-8.253230687666246457e-01,-4.318601597946889470e-01,8.060028001852137525e-01,-1.000000000000000000e+00,-1.000000000000000000e+00,-1.000000000000000000e+00,-1.000000000000000000e+00,-1.000000000000000000e+00,-1.000000000000000000e+00,-1.000000000000000000e+00,-1.000000000000000000e+00,-1.000000000000000000e+00,-1.000000000000000000e+00,-1.000000000000000000e+00,-1.000000000000000000e+00,-1.000000000000000000e+00,-1.000000000000000000e+00,-1.000000000000000000e+00,-1.000000000000000000e+00,-1.000000000000000000e+00,-1.000000000000000000e+00,-1.000000000000000000e+00,-1.000000000000000000e+00,-1.000000000000000000e+00,-1.000000000000000000e+00,-1.000000000000000000e+00,-1.000000000000000000e+00,-1.000000000000000000e+00,-1.000000000000000000e+00,-1.000000000000000000e+00,-1.000000000000000000e+00,-1.000000000000000000e+00,-1.000000000000000000e+00,-1.000000000000000000e+00,-1.000000000000000000e+00,-1.000000000000000000e+00,-1.000000000000000000e+00,-1.000000000000000000e+00,-1.000000000000000000e+00,-1.000000000000000000e+00,-1.000000000000000000e+00,-1.000000000000000000e+00,-1.000000000000000000e+00,-1.000000000000000000e+00,-1.000000000000000000e+00,-1.000000000000000000e+00,-1.000000000000000000e+00,-1.000000000000000000e+00,-1.000000000000000000e+00
-1.000000000000000000e+00,-1.000000000000000000e+00,-1.000000000000000000e+00,-1.000000000000000000e+00,-1.000000000000000000e+00,-1.000000000000000000e+00,-1.000000000000000000e+00,-1.000000000000000000e+00,-1.000000000000000000e+00,-1.000000000000000000e+00,-1.000000000000000000e+00,-1.000000000000000000e+00,-1.000000000000000000e+00,-1.000000000000000000e+00,-1.000000000000000000e+00,-1.000000000000000000e+00,-1.000000000000000000e+00,-1.000000000000000000e+00,-1.000000000000000000e+00,-1.000000000000000000e+00,-1.000000000000000000e+00,-1.000000000000000000e+00,-1.000000000000000000e+00,-1.000000000000000000e+00,-1.000000000000000000e+00,-1.000000000000000000e+00,-1.000000000000000000e+00,-1.000000000000000000e+00,-1.000000000000000000e+00,-1.000000000000000000e+00,-1.000000000000000000e+00,-1.000000000000000000e+00,-1.000000000000000000e+00,-1.000000000000000000e+00,-1.000000000000000000e+00,-1.000000000000000000e+00,-1.000000000000000000e+00,-1.000000000000000000e+00,-1.000000000000000000e+00,-1.000000000000000000e+00,-1.000000000000000000e+00,-1.000000000000000000e+00,-1.000000000000000000e+00,-1.000000000000000000e+00,-1.000000000000000000e+00,-1.000000000000000000e+00,1.900554585505764837e-01,-5.540121091101177786e-01,-8.421249326500979127e-01,-9.381311094236670645e-01,-9.600074478522364618e-01,-9.547227154264976701e-01,-9.397529998659023276e-01,-9.214699080560810884e-01,-9.023955081841957826e-01,-8.837651199033513816e-01,-8.662797216565337743e-01,-8.502357632531444276e-01,-8.355090283430435250e-01,-8.215778436966494347e-01,-8.076440377385506464e-01,-7.917099521505122084e-01,-7.685424295910866510e-01,-7.319454701264640484e-01,-6.780531894559280737e-01,-6.054420804940392475e-01,-5.155672861484585923e-01,-4.132863984992493078e-01,-3.070917546065337067e-01,-2.087609004441732807e-01,-1.322493450475497045e-01,-9.118259242624926486e-02,-9.118259246443971566e-02,-1.322493451471842274e-01,-2.087609006012114410e-01,-3.070917547952092264e-01,-4.132863986981979432e-01,-5.155672863278490947e-01,-6.054420806367579733e-01,-6.780531895496325623e-01,-7.319454701548333553e-01,-7.685424295471714462e-01,-7.917099520497618004e-01,-8.076440375677281791e-01,-8.215778434784593021e-01,-8.355090280805601566e-01,-8.502357629642519621e-01,-8.662797213123553108e-01,-8.837651195330691323e-01,-9.023955077929586288e-01,-9.214699076143034739e-01,-9.397529993797060222e-01,-9.547227148888144388e-01,-9.600074472388986369e-01,-9.381311086943223687e-01,-8.421249317588528349e-01,-5.540121077978003017e-01,1.900554606343745068e-01,-1.000000000000000000e+00,-1.000000000000000000e+00,-1.000000000000000000e+00,-1.000000000000000000e+00,-1.000000000000000000e+00,-1.000000000000000000e+00,-1.000000000000000000e+00,-1.000000000000000000e+00,-1.000000000000000000e+00,-1.000000000000000000e+00,-1.000000000000000000e+00,-1.000000000000000000e+00,-1.000000000000000000e+00,-1.000000000000000000e+00,-1.000000000000000000e+00,-1.000000000000000000e+00,-1.000000000000000000e+00,-1.000000000000000000e+00,-1.000000000000000000e+00,-1.000000000000000000e+00,-1.000000000000000000e+00,-1.000000000000000000e+00,-1.000000000000000000e+00,-1.000000000000000000e+00,-1.000000000000000000e+00,-1.000000000000000000e+00,-1.000000000000000000e+00,-1.000000000000000000e+00,-1.000000000000000000e+00,-1.000000000000000000e+00,-1.000000000000000000e+00,-1.000000000000000000e+00,-1.000000000000000000e+00,-1.000000000000000000e+00,-1.000000000000000000e+00,-1.000000000000000000e+00,-1.000000000000000000e+00,-1.000000000000000000e+00,-1.000000000000000000e+00,-1.000000000000000000e+00,-1.000000000000000000e+00,-1.000000000000000000e+00,-1.000000000000000000e+00,-1.000000000000000000e+00,-1.000000000000000000e+00,-1.000000000000000000e+00
-1.000000000000000000e+00,-1.000000000000000000e+00,-1.000000000000000000e+00,-1.000000000000000000e+00,-1.000000000000000000e+00,-1.000000000000000000e+00,-1.000000000000000000e+00,-1.000000000000000000e+00,-1.000000000000000000e+00,-1.000000000000000000e+00,-1.000000000000000000e+00,-1.000000000000000000e+00,-1.000000000000000000e+00,-1.000000000000000000e+00,-1.000000000000000000e+00,-1.000000000000000000e+00,-1.000000000000000000e+00,-1.000000000000000000e+00,-1.000000000000000000e+00,-1.000000000000000000e+00,-1.000000000000000000e+00,-1.000000000000000000e+00,-1.000000000000000000e+00,-1.000000000000000000e+00,-1.000000000000000000e+00,-1.000000000000000000e+00,-1.000000000000000000e+00,-1.000000000000000000e+00,-1.000000000000000000e+00,-1.000000000000000000e+00,-1.000000000000000000e+00,-1.000000000000000000e+00,-1.000000000000000000e+00,-1.000000000000000000e+00,-1.000000000000000000e+00,-1.000000000000000000e+00,-1.000000000000000000e+00,-1.000000000000000000e+00,-1.000000000000000000e+00,-1.000000000000000000e+00,-1.000000000000000000e+00,-1.000000000000000000e+00,-1.000000000000000000e+00,-1.000000000000000000e+00,-1.000000000000000000e+00,-1.000000000000000000e+00,-2.177024786818715363e-01,-6.655562167195339107e-01,-8.662641210559917093e-01,-9.426283345659723922e-01,-9.633227129296364488e-01,-9.610125018972094368e-01,-9.496873291659041483e-01,-9.349966507040744501e-01,-9.192688325960174378e-01,-9.035835944898458205e-01,-8.884708924560525967e-01,-8.740590399306273905e-01,-8.600521532563281113e-01,-8.457032386482995490e-01,-8.298576805069644013e-01,-8.102714365757349713e-01,-7.820911798124970948e-01,-7.394026350554797622e-01,-6.778483874643835838e-01,-5.952505374343568523e-01,-4.924934552052562253e-01,-3.744716468464388548e-01,-2.506695632106579197e-01,-1.349371598589609311e-01,-4.414695489540998441e-02,4.996743860994801167e-03,4.996743829010386051e-03,-4.414695497438025917e-02,-1.349371599808329991e-01,-2.506695633597351147e-01,-3.744716470010794884e-01,-4.924934553514632718e-01,-5.952505375549115296e-01,-6.778483875384365698e-01,-7.394026350756848220e-01,-7.820911797712282176e-01,-8.102714364862472207e-01,-8.298576803503687760e-01,-8.457032384534579617e-01,-8.600521530231105549e-01,-8.740590396619526414e-01,-8.884708921474132604e-01,-9.035835941524404946e-01,-9.192688322349347185e-01,-9.349966502804448742e-01,-9.496873287008493758e-01,-9.610125013908262792e-01,-9.633227123287689819e-01,-9.426283338734683381e-01,-8.662641202291589959e-01,-6.655562155907599475e-01,-2.177024771525868374e-01,-1.000000000000000000e+00,-1.000000000000000000e+00,-1.000000000000000000e+00,-1.000000000000000000e+00,-1.000000000000000000e+00,-1.000000000000000000e+00,-1.000000000000000000e+00,-1.000000000000000000e+00,-1.000000000000000000e+00,-1.000000000000000000e+00,-1.000000000000000000e+00,-1.000000000000000000e+00,-1.000000000000000000e+00,-1.000000000000000000e+00,-1.000000000000000000e+00,-1.000000000000000000e+00,-1.000000000000000000e+00,-1.000000000000000000e+00,-1.000000000000000000e+00,-1.000000000000000000e+00,-1.000000000000000000e+00,-1.000000000000000000e+00,-1.000000000000000000e+00,-1.000000000000000000e+00,-1.000000000000000000e+00,-1.000000000000000000e+00,-1.000000000000000000e+00,-1.000000000000000000e+00,-1.000000000000000000e+00,-1.000000000000000000e+00,-1.000000000000000000e+00,-1.000000000000000000e+00,-1.000000000000000000e+00,-1.000000000000000000e+00,-1.000000000000000000e+00,-1.000000000000000000e+00,-1.000000000000000000e+00,-1.000000000000000000e+00,-1.000000000000000000e+00,-1.000000000000000000e+00,-1.000000000000000000e+00,-1.000000000000000000e+00,-1.000000000000000000e+00,-1.000000000000000000e+00,-1.000000000000000000e+00,-1.000000000000000000e+00
-1.000000000000000000e+00,-1.000000000000000000e+00,-1.000000000000000000e+00,-1.000000000000000000e+00,-1.000000000000000000e+00,-1.000000000000000000e+00,-1.000000000000000000e+00,-1.000000000000000000e+00,-1.000000000000000000e+00,-1.000000000000000000e+00,-1.000000000000000000e+00,-1.000000000000000000e+00,-1.000000000000000000e+00,-1.000000000000000000e+00,-1.000000000000000000e+00,-1.000000000000000000e+00,-1.000000000000000000e+00,-1.000000000000000000e+00,-1.000000000000000000e+00,-1.000000000000000000e+00,-1.000000000000000000e+00,-1.000000000000000000e+00,-1.000000000000000000e+00,-1.000000000000000000e+00,-1.000000000000000000e+00,-1.000000000000000000e+00,-1.000000000000000000e+00,-1.000000000000000000e+00,-1.000000000000000000e+00,-1.000000000000000000e+00,-1.000000000000000000e+00,-1.000000000000000000e+00,-1.000000000000000000e+00,-1.000000000000000000e+00,-1.000000000000000000e+00,-1.000000000000000000e+00,-1.000000000000000000e+00,-1.000000000000000000e+00,-1.000000000000000000e+00,-1.000000000000000000e+00,-1.000000000000000000e+00,-1.000000000000000000e+00,-1.000000000000000000e+00,-1.000000000000000000e+00,-1.000000000000000000e+00,-1.000000000000000000e+00,-4.847073662817211748e-01,-7.552371669197848192e-01,-8.903803636303052604e-01,-9.470494981840228421e-01,-9.641475587452631446e-01,-9.631967546477981923e-01,-9.545704131827768002e-01,-9.428506688586271167e-01,-9.300239693348867354e-01,-9.169952336256801395e-01,-9.041498599625352739e-01,-8.914756024252730171e-01,-8.785221152320757954e-01,-8.643340982520492100e-01,-8.474301959046292021e-01,-8.252950490431273378e-01,-7.932877766565825661e-01,-7.457021685160478697e-01,-6.778167628475143536e-01,-5.868256489398357978e-01,-4.730778497908812996e-01,-3.414212814645558591e-01,-2.021459595236015927e-01,-7.093107027899459016e-02,3.268376753171087223e-02,8.913487097129424441e-02,8.913487095171679364e-02,3.268376747946954985e-02,-7.093107036133994292e-02,-2.021459596324596264e-01,-3.414212815785928612e-01,-4.730778499055502406e-01,-5.868256490326353436e-01,-6.778167629048619247e-01,-7.457021685400426758e-01,-7.932877766272879994e-01,-8.252950489676026402e-01,-8.474301957744939662e-01,-8.643340980846323518e-01,-8.785221150348797581e-01,-8.914756021928650354e-01,-9.041498597104834500e-01,-9.169952333347077822e-01,-9.300239690114220359e-01,-9.428506684941186933e-01,-9.545704127675439521e-01,-9.631967541809199895e-01,-9.641475581921682414e-01,-9.470494975480687749e-01,-8.903803628707293027e-01,-7.552371659675780613e-01,-4.847073651061569732e-01,-1.000000000000000000e+00,-1.000000000000000000e+00,-1.000000000000000000e+00,-1.000000000000000000e+00,-1.000000000000000000e+00,-1.000000000000000000e+00,-1.000000000000000000e+00,-1.000000000000000000e+00,-1.000000000000000000e+00,-1.000000000000000000e+00,-1.000000000000000000e+00,-1.000000000000000000e+00,-1.000000000000000000e+00,-1.000000000000000000e+00,-1.000000000000000000e+00,-1.000000000000000000e+00,-1.000000000000000000e+00,-1.000000000000000000e+00,-1.000000000000000000e+00,-1.000000000000000000e+00,-1.000000000000000000e+00,-1.000000000000000000e+00,-1.000000000000000000e+00,-1.000000000000000000e+00,-1.000000000000000000e+00,-1.000000000000000000e+00,-1.000000000000000000e+00,-1.000000000000000000e+00,-1.000000000000000000e+00,-1.000000000000000000e+00,-1.000000000000000000e+00,-1.000000000000000000e+00,-1.000000000000000000e+00,-1.000000000000000000e+00,-1.000000000000000000e+00,-1.000000000000000000e+00,-1.000000000000000000e+00,-1.000000000000000000e+00,-1.000000000000000000e+00,-1.000000000000000000e+00,-1.000000000000000000e+00,-1.000000000000000000e+00,-1.000000000000000000e+00,-1.000000000000000000e+00,-1.000000000000000000e+00,-1.000000000000000000e+00
-1.000000000000000000e+00,-1.000000000000000000e+00,-1.000000000000000000e+00,-1.000000000000000000e+00,-1.000000000000000000e+00,-1.000000000000000000e+00,-1.000000000000000000e+00,-1.000000000000000000e+00,-1.000000000000000000e+00,-1.000000000000000000e+00,-1.000000000000000000e+00,-1.000000000000000000e+00,-1.000000000000000000e+00,-1.000000000000000000e+00,-1.000000000000000000e+00,-1.000000000000000000e+00,-1.000000000000000000e+00,-1.000000000000000000e+00,-1.000000000000000000e+00,-1.000000000000000000e+00,-1.000000000000000000e+00,-1.000000000000000000e+00,-1.000000000000000000e+00,-1.000000000000000000e+00,-1.000000000000000000e+00,-1.000000000000000000e+00,-1.000000000000000000e+00,-1.000000000000000000e+00,-1.000000000000000000e+00,-1.000000000000000000e+00,-1.000000000000000000e+00,-1.000000000000000000e+00,-1.000000000000000000e+00,-1.000000000000000000e+00,-1.000000000000000000e+00,-1.000000000000000000e+00,-1.000000000000000000e+00,-1.000000000000000000e+00,-1.000000000000000000e+00,-1.000000000000000000e+00,-1.000000000000000000e+00,-1.000000000000000000e+00,-1.000000000000000000e+00,-1.000000000000000000e+00,-1.000000000000000000e+00,-1.000000000000000000e+00,-6.584006379549982579e-01,-8.221164545621042485e-01,-9.107537706639741160e-01,-9.506223385488749011e-01,-9.634471292938681097e-01,-9.629088137296994976e-01,-9.562828158070597606e-01,-9.470340099404899181e-01,-9.367353791028660837e-01,-9.260944006928608641e-01,-9.153583272080618727e-01,-9.043905348967022917e-01,-8.926066955262456082e-01,-8.788741976320617599e-01,-8.614373671957353817e-01,-8.375290575906285673e-01,-8.026112589499099226e-01,-7.511162534049932171e-01,-6.780558161095592284e-01,-5.801303704132310113e-01,-4.572360468458148697e-01,-3.141465502733394866e-01,-1.617935272473508546e-01,-1.739765240851398609e-02,9.719866690158984746e-02,1.599361671719896627e-01,1.599361671649548455e-01,9.719866687083200674e-02,-1.739765245590096931e-02,-1.617935273180635125e-01,-3.141465503483065191e-01,-4.572360469272798156e-01,-5.801303704799307681e-01,-6.780558161566365705e-01,-7.511162534257765921e-01,-8.026112589217826443e-01,-8.375290575222890110e-01,-8.614373670892477852e-01,-8.788741974826362879e-01,-8.926066953619098410e-01,-9.043905347037837217e-01,-9.153583269965849256e-01,-9.260944004463167456e-01,-9.367353788286882921e-01,-9.470340096479278325e-01,-9.562828154462593711e-01,-9.629088133080554446e-01,-9.634471288111389198e-01,-9.506223379698965914e-01,-9.107537699586168989e-01,-8.221164537507187342e-01,-6.584006369893948829e-01,-1.000000000000000000e+00,-1.000000000000000000e+00,-1.000000000000000000e+00,-1.000000000000000000e+00,-1.000000000000000000e+00,-1.000000000000000000e+00,-1.000000000000000000e+00,-1.000000000000000000e+00,-1.000000000000000000e+00,-1.000000000000000000e+00,-1.000000000000000000e+00,-1.000000000000000000e+00,-1.000000000000000000e+00,-1.000000000000000000e+00,-1.000000000000000000e+00,-1.000000000000000000e+00,-1.000000000000000000e+00,-1.000000000000000000e+00,-1.000000000000000000e+00,-1.000000000000000000e+00,-1.000000000000000000e+00,-1.000000000000000000e+00,-1.000000000000000000e+00,-1.000000000000000000e+00,-1.000000000000000000e+00,-1.000000000000000000e+00,-1.000000000000000000e+00,-1.000000000000000000e+00,-1.000000000000000000e+00,-1.000000000000000000e+00,-1.000000000000000000e+00,-1.000000000000000000e+00,-1.000000000000000000e+00,-1.000000000000000000e+00,-1.000000000000000000e+00,-1.000000000000000000e+00,-1.000000000000000000e+00,-1.000000000000000000e+00,-1.000000000000000000e+00,-1.000000000000000000e+00,-1.000000000000000000e+00,-1.000000000000000000e+00,-1.000000000000000000e+00,-1.000000000000000000e+00,-1.000000000000000000e+00,-1.000000000000000000e+00
-1.000000000000000000e+00,-1.000000000000000000e+00,-1.000000000000000000e+00,-1.000000000000000000e+00,-1.000000000000000000e+00,-1.000000000000000000e+00,-1.000000000000000000e+00,-1.000000000000000000e+00,-1.000000000000000000e+00,-1.000000000000000000e+00,-1.000000000000000000e+00,-1.000000000000000000e+00,-1.000000000000000000e+00,-1.000000000000000000e+00,-1.000000000000000000e+00,-1.000000000000000000e+00,-1.000000000000000000e+00,-1.000000000000000000e+00,-1.000000000000000000e+00,-1.000000000000000000e+00,-1.000000000000000000e+00,-1.000000000000000000e+00,-1.000000000000000000e+00,-1.000000000000000000e+00,-1.000000000000000000e+00,-1.000000000000000000e+00,-1.000000000000000000e+00,-1.000000000000000000e+00,-1.000000000000000000e+00,-1.000000000000000000e+00,-1.000000000000000000e+00,-1.000000000000000000e+00,-1.000000000000000000e+00,-1.000000000000000000e+00,-1.000000000000000000e+00,-1.000000000000000000e+00,-1.000000000000000000e+00,-1.000000000000000000e+00,-1.000000000000000000e+00,-1.000000000000000000e+00,-1.000000000000000000e+00,-1.000000000000000000e+00,-1.000000000000000000e+00,-1.000000000000000000e+00,-1.000000000000000000e+00,-1.000000000000000000e+00,-7.706069368617709525e-01,-8.694599442517799703e-01,-9.262623782081284007e-01,-9.530946118076907281e-01,-9.619935967665459442e-01,-9.614386940782498892e-01,-9.563213174012192841e-01,-9.491178168477724109e-01,-9.409924234900903794e-01,-9.324523325287588094e-01,-9.236121898538537378e-01,-9.142226023598488682e-01,-9.035834646598958075e-01,-8.904163761319875414e-01,-8.727476113402669045e-01,-8.475989302639265199e-01,-8.104711017425874076e-01,-7.558807728016190275e-01,-6.786473035859973413e-01,-5.751025024326712476e-01,-4.447902425894610934e-01,-2.924175115038688544e-01,-1.294204561972904788e-01,2.573447021749175612e-02,1.493178502060732438e-01,2.172126661323863228e-01,2.172126661334510267e-01,1.493178501909366851e-01,2.573447020296626420e-02,-1.294204562292525784e-01,-2.924175115377070089e-01,-4.447902426344063631e-01,-5.751025024703741995e-01,-6.786473036097022682e-01,-7.558807727958549716e-01,-8.104711016995127526e-01,-8.475989301837975054e-01,-8.727476112295604604e-01,-8.904163759790266752e-01,-9.035834645044290570e-01,-9.142226021833531613e-01,-9.236121896534232878e-01,-9.324523323224596094e-01,-9.409924232628288365e-01,-9.491178166010423300e-01,-9.563213170993587475e-01,-9.614386937187119342e-01,-9.619935963446976102e-01,-9.530946112802342052e-01,-9.262623775576634966e-01,-8.694599435372265539e-01,-7.706069360307650218e-01,-1.000000000000000000e+00,-1.000000000000000000e+00,-1.000000000000000000e+00,-1.000000000000000000e+00,-1.000000000000000000e+00,-1.000000000000000000e+00,-1.000000000000000000e+00,-1.000000000000000000e+00,-1.000000000000000000e+00,-1.000000000000000000e+00,-1.000000000000000000e+00,-1.000000000000000000e+00,-1.000000000000000000e+00,-1.000000000000000000e+00,-1.000000000000000000e+00,-1.000000000000000000e+00,-1.000000000000000000e+00,-1.000000000000000000e+00,-1.000000000000000000e+00,-1.000000000000000000e+00,-1.000000000000000000e+00,-1.000000000000000000e+00,-1.000000000000000000e+00,-1.000000000000000000e+00,-1.000000000000000000e+00,-1.000000000000000000e+00,-1.000000000000000000e+00,-1.000000000000000000e+00,-1.000000000000000000e+00,-1.000000000000000000e+00,-1.000000000000000000e+00,-1.000000000000000000e+00,-1.000000000000000000e+00,-1.000000000000000000e+00,-1.000000000000000000e+00,-1.000000000000000000e+00,-1.000000000000000000e+00,-1.000000000000000000e+00,-1.000000000000000000e+00,-1.000000000000000000e+00,-1.000000000000000000e+00,-1.000000000000000000e+00,-1.000000000000000000e+00,-1.000000000000000000e+00,-1.000000000000000000e+00,-1.000000000000000000e+00
-1.000000000000000000e+00,-1.000000000000000000e+00,-1.000000000000000000e+00,-1.000000000000000000e+00,-1.000000000000000000e+00,-1.000000000000000000e+00,-1.000000000000000000e+00,-1.000000000000000000e+00,-1.000000000000000000e+00,-1.000000000000000000e+00,-1.000000000000000000e+00,-1.000000000000000000e+00,-1.000000000000000000e+00,-1.000000000000000000e+00,-1.000000000000000000e+00,-1.000000000000000000e+00,-1.000000000000000000e+00,-1.000000000000000000e+00,-1.000000000000000000e+00,-1.000000000000000000e+00,-1.000000000000000000e+00,-1.000000000000000000e+00,-1.000000000000000000e+00,-1.000000000000000000e+00,-1.000000000000000000e+00,-1.000000000000000000e+00,-1.000000000000000000e+00,-1.000000000000000000e+00,-1.000000000000000000e+00,-1.000000000000000000e+00,-1.000000000000000000e+00,-1.000000000000000000e+00,-1.000000000000000000e+00,-1.000000000000000000e+00,-1.000000000000000000e+00,-1.000000000000000000e+00,-1.000000000000000000e+00,-1.000000000000000000e+00,-1.000000000000000000e+00,-1.000000000000000000e+00,-1.000000000000000000e+00,-1.000000000000000000e+00,-1.000000000000000000e+00,-1.000000000000000000e+00,-1.000000000000000000e+00,-1.000000000000000000e+00,-8.423860011608509391e-01,-9.016420813925273281e-01,-9.372267056363599025e-01,-9.545866437078665001e-01,-9.603499008340388166e-01,-9.596687594244075470e-01,-9.557209995262281321e-01,-9.501939633040745736e-01,-9.438956817614748696e-01,-9.371501737424371425e-01,-9.299508537681304698e-01,-9.219477208391009260e-01,-9.123416819810299394e-01,-8.997369552140868088e-01,-8.819930176537755795e-01,-8.559665875917830125e-01,-8.171641340775662732e-01,-7.601498021251598125e-01,-6.796076749938123607e-01,-5.716076243847951766e-01,-4.354391849565529826e-01,-2.757655482779872713e-01,-1.044146544767201590e-01,5.917847500268313965e-02,1.898102750417505202e-01,2.617526138063022145e-01,2.617526138135077840e-01,1.898102750433539043e-01,5.917847501325868009e-02,-1.044146544853928882e-01,-2.757655482851587569e-01,-4.354391849733030284e-01,-5.716076243957477487e-01,-6.796076749908369630e-01,-7.601498020970889336e-01,-8.171641340226473149e-01,-8.559665874920643347e-01,-8.819930175246627480e-01,-8.997369550519676018e-01,-9.123416818112515259e-01,-9.219477206610362519e-01,-9.299508535693099542e-01,-9.371501735614788942e-01,-9.438956815671253331e-01,-9.501939630873629250e-01,-9.557209992925476127e-01,-9.596687591296799713e-01,-9.603499004487719981e-01,-9.545866432405074598e-01,-9.372267050542184563e-01,-9.016420807311587016e-01,-8.423860004203480578e-01,-1.000000000000000000e+00,-1.000000000000000000e+00,-1.000000000000000000e+00,-1.000000000000000000e+00,-1.000000000000000000e+00,-1.000000000000000000e+00,-1.000000000000000000e+00,-1.000000000000000000e+00,-1.000000000000000000e+00,-1.000000000000000000e+00,-1.000000000000000000e+00,-1.000000000000000000e+00,-1.000000000000000000e+00,-1.000000000000000000e+00,-1.000000000000000000e+00,-1.000000000000000000e+00,-1.000000000000000000e+00,-1.000000000000000000e+00,-1.000000000000000000e+00,-1.000000000000000000e+00,-1.000000000000000000e+00,-1.000000000000000000e+00,-1.000000000000000000e+00,-1.000000000000000000e+00,-1.000000000000000000e+00,-1.000000000000000000e+00,-1.000000000000000000e+00,-1.000000000000000000e+00,-1.000000000000000000e+00,-1.000000000000000000e+00,-1.000000000000000000e+00,-1.000000000000000000e+00,-1.000000000000000000e+00,-1.000000000000000000e+00,-1.000000000000000000e+00,-1.000000000000000000e+00,-1.000000000000000000e+00,-1.000000000000000000e+00,-1.000000000000000000e+00,-1.000000000000000000e+00,-1.000000000000000000e+00,-1.000000000000000000e+00,-1.000000000000000000e+00,-1.000000000000000000e+00,-1.000000000000000000e+00,-1.000000000000000000e+00
-1.000000000000000000e+00,-1.000000000000000000e+00,-1.000000000000000000e+00,-1.000000000000000000e+00,-1.000000000000000000e+00,-1.000000000000000000e+00,-1.000000000000000000e+00,-1.000000000000000000e+00,-1.000000000000000000e+00,-1.000000000000000000e+00,-1.000000000000000000e+00,-1.000000000000000000e+00,-1.000000000000000000e+00,-1.000000000000000000e+00,-1.000000000000000000e+00,-1.000000000000000000e+00,-1.000000000000000000e+00,-1.000000000000000000e+00,-1.000000000000000000e+00,-1.000000000000000000e+00,-1.000000000000000000e+00,-1.000000000000000000e+00,-1.000000000000000000e+00,-1.000000000000000000e+00,-1.000000000000000000e+00,-1.000000000000000000e+00,-1.000000000000000000e+00,-1.000000000000000000e+00,-1.000000000000000000e+00,-1.000000000000000000e+00,-1.000000000000000000e+00,-1.000000000000000000e+00,-1.000000000000000000e+00,-1.000000000000000000e+00,-1.000000000000000000e+00,-1.000000000000000000e+00,-1.000000000000000000e+00,-1.000000000000000000e+00,-1.000000000000000000e+00,-1.000000000000000000e+00,-1.000000000000000000e+00,-1.000000000000000000e+00,-1.000000000000000000e+00,-1.000000000000000000e+00,-1.000000000000000000e+00,-1.000000000000000000e+00,-8.876997513471226453e-01,-9.227882606682967781e-01,-9.445640394898590086e-01,-9.553871958763505701e-01,-9.588786888276907838e-01,-9.581133818800746660e-01,-9.550944786815231957e-01,-9.509225503748823805e-01,-9.461210245005109432e-01,-9.408596353024317738e-01,-9.350272847800106257e-01,-9.281874600048326540e-01,-9.194584069090674383e-01,-9.073517934344853542e-01,-8.896034009120754593e-01,-8.629475799354960897e-01,-8.228823020234663499e-01,-7.639966752200090250e-01,-6.808830543814419212e-01,-5.694342655665934894e-01,-4.287687147641703334e-01,-2.635304281651501546e-01,-8.584698181890437763e-02,8.412034248526123470e-02,2.200655213809883382e-01,2.950568383001721529e-01,2.950568383059655186e-01,2.200655213864510795e-01,8.412034250048594508e-02,-8.584698181931704752e-02,-2.635304281605614918e-01,-4.287687147716056080e-01,-5.694342655752218096e-01,-6.808830543778894295e-01,-7.639966751965860947e-01,-8.228823019693237706e-01,-8.629475798329040437e-01,-8.896034007809755506e-01,-9.073517932770081007e-01,-9.194584067278900319e-01,-9.281874598328356818e-01,-9.350272845933457200e-01,-9.408596351301276028e-01,-9.461210243419713173e-01,-9.509225502056118939e-01,-9.550944785094453993e-01,-9.581133816482891863e-01,-9.588786884963950152e-01,-9.553871954814346923e-01,-9.445640389784962787e-01,-9.227882600537548052e-01,-8.876997506883897993e-01,-1.000000000000000000e+00,-1.000000000000000000e+00,-1.000000000000000000e+00,-1.000000000000000000e+00,-1.000000000000000000e+00,-1.000000000000000000e+00,-1.000000000000000000e+00,-1.000000000000000000e+00,-1.000000000000000000e+00,-1.000000000000000000e+00,-1.000000000000000000e+00,-1.000000000000000000e+00,-1.000000000000000000e+00,-1.000000000000000000e+00,-1.000000000000000000e+00,-1.000000000000000000e+00,-1.000000000000000000e+00,-1.000000000000000000e+00,-1.000000000000000000e+00,-1.000000000000000000e+00,-1.000000000000000000e+00,-1.000000000000000000e+00,-1.000000000000000000e+00,-1.000000000000000000e+00,-1.000000000000000000e+00,-1.000000000000000000e+00,-1.000000000000000000e+00,-1.000000000000000000e+00,-1.000000000000000000e+00,-1.000000000000000000e+00,-1.000000000000000000e+00,-1.000000000000000000e+00,-1.000000000000000000e+00,-1.000000000000000000e+00,-1.000000000000000000e+00,-1.000000000000000000e+00,-1.000000000000000000e+00,-1.000000000000000000e+00,-1.000000000000000000e+00,-1.000000000000000000e+00,-1.000000000000000000e+00,-1.000000000000000000e+00,-1.000000000000000000e+00,-1.000000000000000000e+00,-1.000000000000000000e+00,-1.000000000000000000e+00
-1.000000000000000000e+00,-1.000000000000000000e+00,-1.000000000000000000e+00,-1.000000000000000000e+00,-1.000000000000000000e+00,-1.000000000000000000e+00,-1.000000000000000000e+00,-1.000000000000000000e+00,-1.000000000000000000e+00,-1.000000000000000000e+00,-1.000000000000000000e+00,-1.000000000000000000e+00,-1.000000000000000000e+00,-1.000000000000000000e+00,-1.000000000000000000e+00,-1.000000000000000000e+00,-1.000000000000000000e+00,-1.000000000000000000e+00,-1.000000000000000000e+00,-1.000000000000000000e+00,-1.000000000000000000e+00,-1.000000000000000000e+00,-1.000000000000000000e+00,-1.000000000000000000e+00,-1.000000000000000000e+00,-1.000000000000000000e+00,-1.000000000000000000e+00,-1.000000000000000000e+00,-1.000000000000000000e+00,-1.000000000000000000e+00,-1.000000000000000000e+00,-1.000000000000000000e+00,-1.000000000000000000e+00,-1.000000000000000000e+00,-1.000000000000000000e+00,-1.000000000000000000e+00,-1.000000000000000000e+00,-1.000000000000000000e+00,-1.000000000000000000e+00,-1.000000000000000000e+00,-1.000000000000000000e+00,-1.000000000000000000e+00,-1.000000000000000000e+00,-1.000000000000000000e+00,-1.000000000000000000e+00,-1.000000000000000000e+00,-9.158489098445758980e-01,-9.362854436849719075e-01,-9.492862784593073533e-01,-9.557947497320565811e-01,-9.577660033653844218e-01,-9.570015871197539159e-01,-9.547281736098350846e-01,-9.516322251533942955e-01,-9.480237541078249119e-01,-9.439505770211066293e-01,-9.392162351568464906e-01,-9.333129222501005406e-01,-9.252920075684908374e-01,-9.135939347542311184e-01,-8.958652678391719748e-01,-8.687534740135902656e-01,-8.277440716306778690e-01,-7.674386343731858240e-01,-6.823700953371992783e-01,-5.683177022980367976e-01,-4.242926821534680482e-01,-2.549391778287337651e-01,-7.260960722843634585e-02,1.020082659927639135e-01,2.418159180083805371e-01,3.190196660151758401e-01,3.190196660173536536e-01,2.418159180134349384e-01,1.020082660023160503e-01,-7.260960722866072192e-02,-2.549391778295104771e-01,-4.242926821668165926e-01,-5.683177023157262031e-01,-6.823700953409570502e-01,-7.674386343625065887e-01,-8.277440715849486708e-01,-8.687534739279874074e-01,-8.958652677155332089e-01,-9.135939346010821804e-01,-9.252920073826291780e-01,-9.333129220785834068e-01,-9.392162349803132582e-01,-9.439505768512698181e-01,-9.480237539880963515e-01,-9.516322250394921856e-01,-9.547281734805361797e-01,-9.570015869624260985e-01,-9.577660031365531346e-01,-9.557947494173237857e-01,-9.492862780369659692e-01,-9.362854431828071533e-01,-9.158489093137694992e-01,-1.000000000000000000e+00,-1.000000000000000000e+00,-1.000000000000000000e+00,-1.000000000000000000e+00,-1.000000000000000000e+00,-1.000000000000000000e+00,-1.000000000000000000e+00,-1.000000000000000000e+00,-1.000000000000000000e+00,-1.000000000000000000e+00,-1.000000000000000000e+00,-1.000000000000000000e+00,-1.000000000000000000e+00,-1.000000000000000000e+00,-1.000000000000000000e+00,-1.000000000000000000e+00,-1.000000000000000000e+00,-1.000000000000000000e+00,-1.000000000000000000e+00,-1.000000000000000000e+00,-1.000000000000000000e+00,-1.000000000000000000e+00,-1.000000000000000000e+00,-1.000000000000000000e+00,-1.000000000000000000e+00,-1.000000000000000000e+00,-1.000000000000000000e+00,-1.000000000000000000e+00,-1.000000000000000000e+00,-1.000000000000000000e+00,-1.000000000000000000e+00,-1.000000000000000000e+00,-1.000000000000000000e+00,-1.000000000000000000e+00,-1.000000000000000000e+00,-1.000000000000000000e+00,-1.000000000000000000e+00,-1.000000000000000000e+00,-1.000000000000000000e+00,-1.000000000000000000e+00,-1.000000000000000000e+00,-1.000000000000000000e+00,-1.000000000000000000e+00,-1.000000000000000000e+00,-1.000000000000000000e+00,-1.000000000000000000e+00
-1.000000000000000000e+00,-1.000000000000000000e+00,-1.000000000000000000e+00,-1.000000000000000000e+00,-1.000000000000000000e+00,-1.000000000000000000e+00,-1.000000000000000000e+00,-1.000000000000000000e+00,-1.000000000000000000e+00,-1.000000000000000000e+00,-1.000000000000000000e+00,-1.000000000000000000e+00,-1.000000000000000000e+00,-1.000000000000000000e+00,-1.000000000000000000e+00,-1.000000000000000000e+00,-1.000000000000000000e+00,-1.000000000000000000e+00,-1.000000000000000000e+00,-1.000000000000000000e+00,-1.000000000000000000e+00,-1.000000000000000000e+00,-1.000000000000000000e+00,-1.000000000000000000e+00,-1.000000000000000000e+00,-1.000000000000000000e+00,-1.000000000000000000e+00,-1.000000000000000000e+00,-1.000000000000000000e+00,-1.000000000000000000e+00,-1.000000000000000000e+00,-1.000000000000000000e+00,-1.000000000000000000e+00,-1.000000000000000000e+00,-1.000000000000000000e+00,-1.000000000000000000e+00,-1.000000000000000000e+00,-1.000000000000000000e+00,-1.000000000000000000e+00,-1.000000000000000000e+00,-1.000000000000000000e+00,-1.000000000000000000e+00,-1.000000000000000000e+00,-1.000000000000000000e+00,-1.000000000000000000e+00,-1.000000000000000000e+00,-9.330278657976924794e-01,-9.446949814353524655e-01,-9.522585809568304693e-01,-9.560340935145912322e-01,-9.570596741184272949e-01,-9.563694315391730871e-01,-9.546917203866540635e-01,-9.524325093308182444e-01,-9.497493408570623075e-01,-9.465983661778401004e-01,-9.427165601648437310e-01,-9.375397379699538236e-01,-9.300669870001012640e-01,-9.186853748503845951e-01,-9.009787659405321669e-01,-8.735351648951275028e-01,-8.318284432939326845e-01,-7.704663061332719387e-01,-6.839452321493795228e-01,-5.679755951430244254e-01,-4.215066135741468711e-01,-2.491944918979889234e-01,-6.355678599462211142e-02,1.143487292043408043e-01,2.568736763543135737e-01,3.356298234099508448e-01,3.356298234102119693e-01,2.568736763609154039e-01,1.143487292066409644e-01,-6.355678599527314621e-02,-2.491944919066281239e-01,-4.215066135841458728e-01,-5.679755951575120587e-01,-6.839452321493972864e-01,-7.704663061252361445e-01,-8.318284432484265301e-01,-8.735351648142607450e-01,-9.009787658070860239e-01,-9.186853746838681278e-01,-9.300669868030055909e-01,-9.375397377696466084e-01,-9.427165599757559855e-01,-9.465983659997398991e-01,-9.497493407376917940e-01,-9.524325092429792861e-01,-9.546917202933983271e-01,-9.563694314515267525e-01,-9.570596739972043743e-01,-9.560340932918015566e-01,-9.522585806537663400e-01,-9.446949810874393227e-01,-9.330278654188810528e-01,-1.000000000000000000e+00,-1.000000000000000000e+00,-1.000000000000000000e+00,-1.000000000000000000e+00,-1.000000000000000000e+00,-1.000000000000000000e+00,-1.000000000000000000e+00,-1.000000000000000000e+00,-1.000000000000000000e+00,-1.000000000000000000e+00,-1.000000000000000000e+00,-1.000000000000000000e+00,-1.000000000000000000e+00,-1.000000000000000000e+00,-1.000000000000000000e+00,-1.000000000000000000e+00,-1.000000000000000000e+00,-1.000000000000000000e+00,-1.000000000000000000e+00,-1.000000000000000000e+00,-1.000000000000000000e+00,-1.000000000000000000e+00,-1.000000000000000000e+00,-1.000000000000000000e+00,-1.000000000000000000e+00,-1.000000000000000000e+00,-1.000000000000000000e+00,-1.000000000000000000e+00,-1.000000000000000000e+00,-1.000000000000000000e+00,-1.000000000000000000e+00,-1.000000000000000000e+00,-1.000000000000000000e+00,-1.000000000000000000e+00,-1.000000000000000000e+00,-1.000000000000000000e+00,-1.000000000000000000e+00,-1.000000000000000000e+00,-1.000000000000000000e+00,-1.000000000000000000e+00,-1.000000000000000000e+00,-1.000000000000000000e+00,-1.000000000000000000e+00,-1.000000000000000000e+00,-1.000000000000000000e+00,-1.000000000000000000e+00
-1.000000000000000000e+00,-1.000000000000000000e+00,-1.000000000000000000e+00,-1.000000000000000000e+00,-1.000000000000000000e+00,-1.000000000000000000e+00,-1.000000000000000000e+00,-1.000000000000000000e+00,-1.000000000000000000e+00,-1.000000000000000000e+00,-1.000000000000000000e+00,-1.000000000000000000e+00,-1.000000000000000000e+00,-1.000000000000000000e+00,-1.000000000000000000e+00,-1.000000000000000000e+00,-1.000000000000000000e+00,-1.000000000000000000e+00,-1.000000000000000000e+00,-1.000000000000000000e+00,-1.000000000000000000e+00,-1.000000000000000000e+00,-1.000000000000000000e+00,-1.000000000000000000e+00,-1.000000000000000000e+00,-1.000000000000000000e+00,-1.000000000000000000e+00,-1.000000000000000000e+00,-1.000000000000000000e+00,-1.000000000000000000e+00,-1.000000000000000000e+00,-1.000000000000000000e+00,-1.000000000000000000e+00,-1.000000000000000000e+00,-1.000000000000000000e+00,-1.000000000000000000e+00,-1.000000000000000000e+00,-1.000000000000000000e+00,-1.000000000000000000e+00,-1.000000000000000000e+00,-1.000000000000000000e+00,-1.000000000000000000e+00,-1.000000000000000000e+00,-1.000000000000000000e+00,-1.000000000000000000e+00,-1.000000000000000000e+00,-9.433267269262856081e-01,-9.498390501626391424e-01,-9.541232156628409733e-01,-9.562360158859801729e-01,-9.567163325005879626e-01,-9.561435921492670298e-01,-9.549346272600325314e-01,-9.533116949708833054e-01,-9.513274725388243258e-01,-9.488718461025122952e-01,-9.456318569412448527e-01,-9.410003705097835791e-01,-9.339369442082873229e-01,-9.227897022692788109e-01,-9.050994898809257005e-01,-8.774148708145423914e-01,-8.352005232013718361e-01,-7.730672992061461413e-01,-6.854906949976973252e-01,-5.681418895724984486e-01,-4.199376227198440281e-01,-2.455516551508201140e-01,-5.762022633090058132e-02,1.225458987127534538e-01,2.669284857702232117e-01,3.467424356356489934e-01,3.467424356312378553e-01,2.669284857717710846e-01,1.225458987050860316e-01,-5.762022632922914056e-02,-2.455516551601844011e-01,-4.199376227203323042e-01,-5.681418895847063499e-01,-6.854906949957828566e-01,-7.730672991971510033e-01,-8.352005231555149622e-01,-8.774148707305798878e-01,-9.050994897424776697e-01,-9.227897020901603131e-01,-9.339369440000327982e-01,-9.410003702761848832e-01,-9.456318567271784215e-01,-9.488718459057841059e-01,-9.513274723812216171e-01,-9.533116948749785768e-01,-9.549346271957821486e-01,-9.561435920867387139e-01,-9.567163324321922291e-01,-9.562360157572633579e-01,-9.541232154734184956e-01,-9.498390499179406588e-01,-9.433267266521887517e-01,-1.000000000000000000e+00,-1.000000000000000000e+00,-1.000000000000000000e+00,-1.000000000000000000e+00,-1.000000000000000000e+00,-1.000000000000000000e+00,-1.000000000000000000e+00,-1.000000000000000000e+00,-1.000000000000000000e+00,-1.000000000000000000e+00,-1.000000000000000000e+00,-1.000000000000000000e+00,-1.000000000000000000e+00,-1.000000000000000000e+00,-1.000000000000000000e+00,-1.000000000000000000e+00,-1.000000000000000000e+00,-1.000000000000000000e+00,-1.000000000000000000e+00,-1.000000000000000000e+00,-1.000000000000000000e+00,-1.000000000000000000e+00,-1.000000000000000000e+00,-1.000000000000000000e+00,-1.000000000000000000e+00,-1.000000000000000000e+00,-1.000000000000000000e+00,-1.000000000000000000e+00,-1.000000000000000000e+00,-1.000000000000000000e+00,-1.000000000000000000e+00,-1.000000000000000000e+00,-1.000000000000000000e+00,-1.000000000000000000e+00,-1.000000000000000000e+00,-1.000000000000000000e+00,-1.000000000000000000e+00,-1.000000000000000000e+00,-1.000000000000000000e+00,-1.000000000000000000e+00,-1.000000000000000000e+00,-1.000000000000000000e+00,-1.000000000000000000e+00,-1.000000000000000000e+00,-1.000000000000000000e+00,-1.000000000000000000e+00
-1.000000000000000000e+00,-1.000000000000000000e+00,-1.000000000000000000e+00,-1.000000000000000000e+00,-1.000000000000000000e+00,-1.000000000000000000e+00,-1.000000000000000000e+00,-1.000000000000000000e+00,-1.000000000000000000e+00,-1.000000000000000000e+00,-1.000000000000000000e+00,-1.000000000000000000e+00,-1.000000000000000000e+00,-1.000000000000000000e+00,-1.000000000000000000e+00,-1.000000000000000000e+00,-1.000000000000000000e+00,-1.000000000000000000e+00,-1.000000000000000000e+00,-1.000000000000000000e+00,-1.000000000000000000e+00,-1.000000000000000000e+00,-1.000000000000000000e+00,-1.000000000000000000e+00,-1.000000000000000000e+00,-1.000000000000000000e+00,-1.000000000000000000e+00,-1.000000000000000000e+00,-1.000000000000000000e+00,-1.000000000000000000e+00,-1.000000000000000000e+00,-1.000000000000000000e+00,-1.000000000000000000e+00,-1.000000000000000000e+00,-1.000000000000000000e+00,-1.000000000000000000e+00,-1.000000000000000000e+00,-1.000000000000000000e+00,-1.000000000000000000e+00,-1.000000000000000000e+00,-1.000000000000000000e+00,-1.000000000000000000e+00,-1.000000000000000000e+00,-1.000000000000000000e+00,-1.000000000000000000e+00,-1.000000000000000000e+00,-9.494008340283596192e-01,-9.529490728018604750e-01,-9.553114110972756867e-01,-9.564535305437255053e-01,-9.566468150246817403e-01,-9.562061609182086475e-01,-9.553582540518781308e-01,-9.542083790617116312e-01,-9.527392464370338931e-01,-9.507943165997682078e-01,-9.480243674585480118e-01,-9.437905974321865177e-01,-9.370235727307585361e-01,-9.260437063627426912e-01,-9.083629411695779421e-01,-8.805043388422258976e-01,-8.379259386737556436e-01,-7.752403570361674490e-01,-6.869118916277328069e-01,-5.685910647670409102e-01,-4.191800052189094128e-01,-2.433710365822836508e-01,-5.388404924406819951e-02,1.278011316363625305e-01,2.734238387730962838e-01,3.539412500600893630e-01,3.539412500525354055e-01,2.734238387712677465e-01,1.278011316200420300e-01,-5.388404924883127833e-02,-2.433710366023251748e-01,-4.191800052269490928e-01,-5.685910647900792592e-01,-6.869118916368273098e-01,-7.752403570405687061e-01,-8.379259386541527688e-01,-8.805043387783667574e-01,-9.083629410605140730e-01,-9.260437061965779426e-01,-9.370235725302205054e-01,-9.437905971994263732e-01,-9.480243672267367749e-01,-9.507943163874543746e-01,-9.527392462540000828e-01,-9.542083789406505812e-01,-9.553582539869830415e-01,-9.562061608516905231e-01,-9.566468149703909463e-01,-9.564535304789991699e-01,-9.553114109838268808e-01,-9.529490726209525198e-01,-9.494008338276186398e-01,-1.000000000000000000e+00,-1.000000000000000000e+00,-1.000000000000000000e+00,-1.000000000000000000e+00,-1.000000000000000000e+00,-1.000000000000000000e+00,-1.000000000000000000e+00,-1.000000000000000000e+00,-1.000000000000000000e+00,-1.000000000000000000e+00,-1.000000000000000000e+00,-1.000000000000000000e+00,-1.000000000000000000e+00,-1.000000000000000000e+00,-1.000000000000000000e+00,-1.000000000000000000e+00,-1.000000000000000000e+00,-1.000000000000000000e+00,-1.000000000000000000e+00,-1.000000000000000000e+00,-1.000000000000000000e+00,-1.000000000000000000e+00,-1.000000000000000000e+00,-1.000000000000000000e+00,-1.000000000000000000e+00,-1.000000000000000000e+00,-1.000000000000000000e+00,-1.000000000000000000e+00,-1.000000000000000000e+00,-1.000000000000000000e+00,-1.000000000000000000e+00,-1.000000000000000000e+00,-1.000000000000000000e+00,-1.000000000000000000e+00,-1.000000000000000000e+00,-1.000000000000000000e+00,-1.000000000000000000e+00,-1.000000000000000000e+00,-1.000000000000000000e+00,-1.000000000000000000e+00,-1.000000000000000000e+00,-1.000000000000000000e+00,-1.000000000000000000e+00,-1.000000000000000000e+00,-1.000000000000000000e+00,-1.000000000000000000e+00
-1.000000000000000000e+00,-1.000000000000000000e+00,-1.000000000000000000e+00,-1.000000000000000000e+00,-1.000000000000000000e+00,-1.000000000000000000e+00,-1.000000000000000000e+00,-1.000000000000000000e+00,-1.000000000000000000e+00,-1.000000000000000000e+00,-1.000000000000000000e+00,-1.000000000000000000e+00,-1.000000000000000000e+00,-1.000000000000000000e+00,-1.000000000000000000e+00,-1.000000000000000000e+00,-1.000000000000000000e+00,-1.000000000000000000e+00,-1.000000000000000000e+00,-1.000000000000000000e+00,-1.000000000000000000e+00,-1.000000000000000000e+00,-1.000000000000000000e+00,-1.000000000000000000e+00,-1.000000000000000000e+00,-1.000000000000000000e+00,-1.000000000000000000e+00,-1.000000000000000000e+00,-1.000000000000000000e+00,-1.000000000000000000e+00,-1.000000000000000000e+00,-1.000000000000000000e+00,-1.000000000000000000e+00,-1.000000000000000000e+00,-1.000000000000000000e+00,-1.000000000000000000e+00,-1.000000000000000000e+00,-1.000000000000000000e+00,-1.000000000000000000e+00,-1.000000000000000000e+00,-1.000000000000000000e+00,-1.000000000000000000e+00,-1.000000000000000000e+00,-1.000000000000000000e+00,-1.000000000000000000e+00,-1.000000000000000000e+00,-9.529346311111921430e-01,-9.548204303413705407e-01,-9.560905957061990312e-01,-9.566906643136824373e-01,-9.567516412316838803e-01,-9.564374332349991903e-01,-9.558612047162121650e-01,-9.550555264119844345e-01,-9.539575495222137880e-01,-9.523790136912152482e-01,-9.499450592673419624e-01,-9.459941789594339401e-01,-9.394362319495489499e-01,-9.285723336390916405e-01,-9.108953266110667579e-01,-8.829120748915788575e-01,-8.400760228914171401e-01,-7.770008256634362009e-01,-6.881453238884953638e-01,-5.691502180872332062e-01,-4.189129457263682799e-01,-2.421428587235828767e-01,-5.161794603091485190e-02,1.310708609964725824e-01,2.775070349822037485e-01,3.584838835064310114e-01,3.584838834974621857e-01,2.775070349782655654e-01,1.310708609782491596e-01,-5.161794603751346244e-02,-2.421428587409738542e-01,-4.189129457356423059e-01,-5.691502181127245930e-01,-6.881453239131234412e-01,-7.770008256872513730e-01,-8.400760229046226879e-01,-8.829120748504289962e-01,-9.108953265366827035e-01,-9.285723335015649837e-01,-9.394362317699979092e-01,-9.459941787568511007e-01,-9.499450590354798774e-01,-9.523790134719662959e-01,-9.539575493422834951e-01,-9.550555262641067245e-01,-9.558612046252220606e-01,-9.564374331817487862e-01,-9.567516412053337360e-01,-9.566906642826891183e-01,-9.560905956539587081e-01,-9.548204302680690647e-01,-9.529346310301634038e-01,-1.000000000000000000e+00,-1.000000000000000000e+00,-1.000000000000000000e+00,-1.000000000000000000e+00,-1.000000000000000000e+00,-1.000000000000000000e+00,-1.000000000000000000e+00,-1.000000000000000000e+00,-1.000000000000000000e+00,-1.000000000000000000e+00,-1.000000000000000000e+00,-1.000000000000000000e+00,-1.000000000000000000e+00,-1.000000000000000000e+00,-1.000000000000000000e+00,-1.000000000000000000e+00,-1.000000000000000000e+00,-1.000000000000000000e+00,-1.000000000000000000e+00,-1.000000000000000000e+00,-1.000000000000000000e+00,-1.000000000000000000e+00,-1.000000000000000000e+00,-1.000000000000000000e+00,-1.000000000000000000e+00,-1.000000000000000000e+00,-1.000000000000000000e+00,-1.000000000000000000e+00,-1.000000000000000000e+00,-1.000000000000000000e+00,-1.000000000000000000e+00,-1.000000000000000000e+00,-1.000000000000000000e+00,-1.000000000000000000e+00,-1.000000000000000000e+00,-1.000000000000000000e+00,-1.000000000000000000e+00,-1.000000000000000000e+00,-1.000000000000000000e+00,-1.000000000000000000e+00,-1.000000000000000000e+00,-1.000000000000000000e+00,-1.000000000000000000e+00,-1.000000000000000000e+00,-1.000000000000000000e+00,-1.000000000000000000e+00
-1.000000000000000000e+00,-1.000000000000000000e+00,-1.000000000000000000e+00,-1.000000000000000000e+00,-1.000000000000000000e+00,-1.000000000000000000e+00,-1.000000000000000000e+00,-1.000000000000000000e+00,-1.000000000000000000e+00,-1.000000000000000000e+00,-1.000000000000000000e+00,-1.000000000000000000e+00,-1.000000000000000000e+00,-1.000000000000000000e+00,-1.000000000000000000e+00,-1.000000000000000000e+00,-1.000000000000000000e+00,-1.000000000000000000e+00,-1.000000000000000000e+00,-1.000000000000000000e+00,-1.000000000000000000e+00,-1.000000000000000000e+00,-1.000000000000000000e+00,-1.000000000000000000e+00,-1.000000000000000000e+00,-1.000000000000000000e+00,-1.000000000000000000e+00,-1.000000000000000000e+00,-1.000000000000000000e+00,-1.000000000000000000e+00,-1.000000000000000000e+00,-1.000000000000000000e+00,-1.000000000000000000e+00,-1.000000000000000000e+00,-1.000000000000000000e+00,-1.000000000000000000e+00,-1.000000000000000000e+00,-1.000000000000000000e+00,-1.000000000000000000e+00,-1.000000000000000000e+00,-1.000000000000000000e+00,-1.000000000000000000e+00,-1.000000000000000000e+00,-1.000000000000000000e+00,-1.000000000000000000e+00,-1.000000000000000000e+00,-9.549686351388296801e-01,-9.559469193008925947e-01,-9.566165451097889960e-01,-9.569289463371417614e-01,-9.569432243745163991e-01,-9.567387594142613416e-01,-9.563623035560595564e-01,-9.558021296431390423e-01,-9.549662896102072418e-01,-9.536452769801859741e-01,-9.514465013171855556e-01,-9.476925471765941245e-01,-9.412788009702451886e-01,-9.304931616704248398e-01,-9.128159734708860551e-01,-8.847438816764863212e-01,-8.417271467314875188e-01,-7.783799601861547401e-01,-6.891587670998327031e-01,-5.697002976143665798e-01,-4.189022232711349103e-01,-2.414883145726932634e-01,-5.027662204644656185e-02,1.330694856513991997e-01,2.800343347026448271e-01,3.613083313113372164e-01,3.613083313074931802e-01,2.800343347080045397e-01,1.330694856535832304e-01,-5.027662203309457567e-02,-2.414883145626585126e-01,-4.189022232655240652e-01,-5.697002976216892778e-01,-6.891587671231292900e-01,-7.783799602059082723e-01,-8.417271467538015584e-01,-8.847438816496135949e-01,-9.128159734192502484e-01,-9.304931615684316482e-01,-9.412788008147623398e-01,-9.476925470061939860e-01,-9.514465011094305202e-01,-9.536452767629270966e-01,-9.549662894370331001e-01,-9.558021294935008516e-01,-9.563623034503396791e-01,-9.567387593697741499e-01,-9.569432243711784025e-01,-9.569289463366269510e-01,-9.566165451125488994e-01,-9.559469193227962958e-01,-9.549686351601628376e-01,-1.000000000000000000e+00,-1.000000000000000000e+00,-1.000000000000000000e+00,-1.000000000000000000e+00,-1.000000000000000000e+00,-1.000000000000000000e+00,-1.000000000000000000e+00,-1.000000000000000000e+00,-1.000000000000000000e+00,-1.000000000000000000e+00,-1.000000000000000000e+00,-1.000000000000000000e+00,-1.000000000000000000e+00,-1.000000000000000000e+00,-1.000000000000000000e+00,-1.000000000000000000e+00,-1.000000000000000000e+00,-1.000000000000000000e+00,-1.000000000000000000e+00,-1.000000000000000000e+00,-1.000000000000000000e+00,-1.000000000000000000e+00,-1.000000000000000000e+00,-1.000000000000000000e+00,-1.000000000000000000e+00,-1.000000000000000000e+00,-1.000000000000000000e+00,-1.000000000000000000e+00,-1.000000000000000000e+00,-1.000000000000000000e+00,-1.000000000000000000e+00,-1.000000000000000000e+00,-1.000000000000000000e+00,-1.000000000000000000e+00,-1.000000000000000000e+00,-1.000000000000000000e+00,-1.000000000000000000e+00,-1.000000000000000000e+00,-1.000000000000000000e+00,-1.000000000000000000e+00,-1.000000000000000000e+00,-1.000000000000000000e+00,-1.000000000000000000e+00,-1.000000000000000000e+00,-1.000000000000000000e+00,-1.000000000000000000e+00
-1.000000000000000000e+00,-1.000000000000000000e+00,-1.000000000000000000e+00,-1.000000000000000000e+00,-1.000000000000000000e+00,-1.000000000000000000e+00,-1.000000000000000000e+00,-1.000000000000000000e+00,-1.000000000000000000e+00,-1.000000000000000000e+00,-1.000000000000000000e+00,-1.000000000000000000e+00,-1.000000000000000000e+00,-1.000000000000000000e+00,-1.000000000000000000e+00,-1.000000000000000000e+00,-1.000000000000000000e+00,-1.000000000000000000e+00,-1.000000000000000000e+00,-1.000000000000000000e+00,-1.000000000000000000e+00,-1.000000000000000000e+00,-1.000000000000000000e+00,-1.000000000000000000e+00,-1.000000000000000000e+00,-1.000000000000000000e+00,-1.000000000000000000e+00,-1.000000000000000000e+00,-1.000000000000000000e+00,-1.000000000000000000e+00,-1.000000000000000000e+00,-1.000000000000000000e+00,-1.000000000000000000e+00,-1.000000000000000000e+00,-1.000000000000000000e+00,-1.000000000000000000e+00,-1.000000000000000000e+00,-1.000000000000000000e+00,-1.000000000000000000e+00,-1.000000000000000000e+00,-1.000000000000000000e+00,-1.000000000000000000e+00,-1.000000000000000000e+00,-1.000000000000000000e+00,-1.000000000000000000e+00,-1.000000000000000000e+00,-9.561283570407306254e-01,-9.566252677591572384e-01,-9.569763997546841816e-01,-9.571455442896293908e-01,-9.571559273146861280e-01,-9.570404901872301417e-01,-9.568078292351258618e-01,-9.564196713492467694e-01,-9.557657548439427719e-01,-9.546225609175337246e-01,-9.525854497477290739e-01,-9.489660621421429632e-01,-9.426498321033056627e-01,-9.319156990119615847e-01,-9.142358332624576089e-01,-8.861003719508675491e-01,-8.429572601496572171e-01,-7.794207889493738328e-01,-6.899464201368219474e-01,-5.701697498933416819e-01,-4.189907166467434774e-01,-2.411447367041510415e-01,-4.947757088196480524e-02,1.342999972233489547e-01,2.816091165110863326e-01,3.630755988334273265e-01,3.630755988405394152e-01,2.816091165317309297e-01,1.342999972539113962e-01,-4.947757084761006396e-02,-2.411447366693838523e-01,-4.189907166306817698e-01,-5.701697498838487199e-01,-6.899464201595635338e-01,-7.794207889692930102e-01,-8.429572601851572644e-01,-8.861003719570206272e-01,-9.142358332388922371e-01,-9.319156989606599550e-01,-9.426498319931870817e-01,-9.489660620060839102e-01,-9.525854495864949367e-01,-9.546225607190286233e-01,-9.557657546620130784e-01,-9.564196712036219239e-01,-9.568078291156433268e-01,-9.570404900981409613e-01,-9.571559272729427414e-01,-9.571455442891896315e-01,-9.569763997592676263e-01,-9.566252677683879657e-01,-9.561283570452367986e-01,-1.000000000000000000e+00,-1.000000000000000000e+00,-1.000000000000000000e+00,-1.000000000000000000e+00,-1.000000000000000000e+00,-1.000000000000000000e+00,-1.000000000000000000e+00,-1.000000000000000000e+00,-1.000000000000000000e+00,-1.000000000000000000e+00,-1.000000000000000000e+00,-1.000000000000000000e+00,-1.000000000000000000e+00,-1.000000000000000000e+00,-1.000000000000000000e+00,-1.000000000000000000e+00,-1.000000000000000000e+00,-1.000000000000000000e+00,-1.000000000000000000e+00,-1.000000000000000000e+00,-1.000000000000000000e+00,-1.000000000000000000e+00,-1.000000000000000000e+00,-1.000000000000000000e+00,-1.000000000000000000e+00,-1.000000000000000000e+00,-1.000000000000000000e+00,-1.000000000000000000e+00,-1.000000000000000000e+00,-1.000000000000000000e+00,-1.000000000000000000e+00,-1.000000000000000000e+00,-1.000000000000000000e+00,-1.000000000000000000e+00,-1.000000000000000000e+00,-1.000000000000000000e+00,-1.000000000000000000e+00,-1.000000000000000000e+00,-1.000000000000000000e+00,-1.000000000000000000e+00,-1.000000000000000000e+00,-1.000000000000000000e+00,-1.000000000000000000e+00,-1.000000000000000000e+00,-1.000000000000000000e+00,-1.000000000000000000e+00
-1.000000000000000000e+00,-1.000000000000000000e+00,-1.000000000000000000e+00,-1.000000000000000000e+00,-1.000000000000000000e+00,-1.000000000000000000e+00,-1.000000000000000000e+00,-1.000000000000000000e+00,-1.000000000000000000e+00,-1.000000000000000000e+00,-1.000000000000000000e+00,-1.000000000000000000e+00,-1.000000000000000000e+00,-1.000000000000000000e+00,-1.000000000000000000e+00,-1.000000000000000000e+00,-1.000000000000000000e+00,-1.000000000000000000e+00,-1.000000000000000000e+00,-1.000000000000000000e+00,-1.000000000000000000e+00,-1.000000000000000000e+00,-1.000000000000000000e+00,-1.000000000000000000e+00,-1.000000000000000000e+00,-1.000000000000000000e+00,-1.000000000000000000e+00,-1.000000000000000000e+00,-1.000000000000000000e+00,-1.000000000000000000e+00,-1.000000000000000000e+00,-1.000000000000000000e+00,-1.000000000000000000e+00,-1.000000000000000000e+00,-1.000000000000000000e+00,-1.000000000000000000e+00,-1.000000000000000000e+00,-1.000000000000000000e+00,-1.000000000000000000e+00,-1.000000000000000000e+00,-1.000000000000000000e+00,-1.000000000000000000e+00,-1.000000000000000000e+00,-1.000000000000000000e+00,-1.000000000000000000e+00,-1.000000000000000000e+00,-9.567805575543624208e-01,-9.570297669066487600e-01,-9.572187768540417752e-01,-9.573227313083364498e-01,-9.573474195600975012e-01,-9.573007006152818299e-01,-9.571695810277957017e-01,-9.569000777689070647e-01,-9.563705235940549443e-01,-9.553482624815169411e-01,-9.534205735189335007e-01,-9.498916676353406086e-01,-9.436402031035685534e-01,-9.329390579865973754e-01,-9.152549931783466874e-01,-8.870738683232677335e-01,-8.438417912364544193e-01,-7.801727478472232358e-01,-6.905216976274037854e-01,-5.705242440681961291e-01,-4.190831000686880969e-01,-2.409428574762176867e-01,-4.896875281583956685e-02,1.350967780398231177e-01,2.826338771013909845e-01,3.642271282597819848e-01,3.642271282771989416e-01,2.826338771319432119e-01,1.350967780935179441e-01,-4.896875276382040010e-02,-2.409428574205085827e-01,-4.190831000423451691e-01,-5.705242440495309486e-01,-6.905216976531758366e-01,-7.801727478781405045e-01,-8.438417912846942759e-01,-8.870738683654292300e-01,-9.152549931870508360e-01,-9.329390579871837952e-01,-9.436402030572565991e-01,-9.498916675410919996e-01,-9.534205734059778559e-01,-9.553482623275250107e-01,-9.563705234177324321e-01,-9.569000776163983923e-01,-9.571695808935285488e-01,-9.573007004945023324e-01,-9.573474194739456378e-01,-9.573227312665056887e-01,-9.572187768124784668e-01,-9.570297668773103394e-01,-9.567805575282908315e-01,-1.000000000000000000e+00,-1.000000000000000000e+00,-1.000000000000000000e+00,-1.000000000000000000e+00,-1.000000000000000000e+00,-1.000000000000000000e+00,-1.000000000000000000e+00,-1.000000000000000000e+00,-1.000000000000000000e+00,-1.000000000000000000e+00,-1.000000000000000000e+00,-1.000000000000000000e+00,-1.000000000000000000e+00,-1.000000000000000000e+00,-1.000000000000000000e+00,-1.000000000000000000e+00,-1.000000000000000000e+00,-1.000000000000000000e+00,-1.000000000000000000e+00,-1.000000000000000000e+00,-1.000000000000000000e+00,-1.000000000000000000e+00,-1.000000000000000000e+00,-1.000000000000000000e+00,-1.000000000000000000e+00,-1.000000000000000000e+00,-1.000000000000000000e+00,-1.000000000000000000e+00,-1.000000000000000000e+00,-1.000000000000000000e+00,-1.000000000000000000e+00,-1.000000000000000000e+00,-1.000000000000000000e+00,-1.000000000000000000e+00,-1.000000000000000000e+00,-1.000000000000000000e+00,-1.000000000000000000e+00,-1.000000000000000000e+00,-1.000000000000000000e+00,-1.000000000000000000e+00,-1.000000000000000000e+00,-1.000000000000000000e+00,-1.000000000000000000e+00,-1.000000000000000000e+00,-1.000000000000000000e+00,-1.000000000000000000e+00
-1.000000000000000000e+00,-1.000000000000000000e+00,-1.000000000000000000e+00,-1.000000000000000000e+00,-1.000000000000000000e+00,-1.000000000000000000e+00,-1.000000000000000000e+00,-1.000000000000000000e+00,-1.000000000000000000e+00,-1.000000000000000000e+00,-1.000000000000000000e+00,-1.000000000000000000e+00,-1.000000000000000000e+00,-1.000000000000000000e+00,-1.000000000000000000e+00,-1.000000000000000000e+00,-1.000000000000000000e+00,-1.000000000000000000e+00,-1.000000000000000000e+00,-1.000000000000000000e+00,-1.000000000000000000e+00,-1.000000000000000000e+00,-1.000000000000000000e+00,-1.000000000000000000e+00,-1.000000000000000000e+00,-1.000000000000000000e+00,-1.000000000000000000e+00,-1.000000000000000000e+00,-1.000000000000000000e+00,-1.000000000000000000e+00,-1.000000000000000000e+00,-1.000000000000000000e+00,-1.000000000000000000e+00,-1.000000000000000000e+00,-1.000000000000000000e+00,-1.000000000000000000e+00,-1.000000000000000000e+00,-1.000000000000000000e+00,-1.000000000000000000e+00,-1.000000000000000000e+00,-1.000000000000000000e+00,-1.000000000000000000e+00,-1.000000000000000000e+00,-1.000000000000000000e+00,-1.000000000000000000e+00,-1.000000000000000000e+00,-9.571360976197703652e-01,-9.572619014182045527e-01,-9.573723654857997367e-01,-9.574509481768329611e-01,-9.574951574150684097e-01,-9.574994924191582157e-01,-9.574388841974393882e-01,-9.572501285547404537e-01,-9.568044992609280319e-01,-9.558634259640891306e-01,-9.540088153999580767e-01,-9.505398726457902070e-01,-9.443306555931473278e-01,-9.336499090626683151e-01,-9.159607155439479786e-01,-8.877459611043716503e-01,-8.444501460239205448e-01,-7.806865884131618527e-01,-6.909097563915804763e-01,-5.707555314753324227e-01,-4.191292029287034815e-01,-2.407825408729479255e-01,-4.859488777833376183e-02,1.356693764744971720e-01,2.833627217811407473e-01,3.650423944053784453e-01,3.650423944333536230e-01,2.833627218272314341e-01,1.356693765570493593e-01,-4.859488769782183137e-02,-2.407825407878335655e-01,-4.191292028737994002e-01,-5.707555314313764727e-01,-6.909097563874306847e-01,-7.806865884283686885e-01,-8.444501460562969797e-01,-8.877459611569611386e-01,-9.159607155817052204e-01,-9.336499090992473882e-01,-9.443306556082017300e-01,-9.505398726164834278e-01,-9.540088153416347305e-01,-9.558634258777366499e-01,-9.568044991472215433e-01,-9.572501284345837913e-01,-9.574388840811776102e-01,-9.574994923252110324e-01,-9.574951573377956660e-01,-9.574509481100235142e-01,-9.573723654113577286e-01,-9.572619013745367056e-01,-9.571360975883331790e-01,-1.000000000000000000e+00,-1.000000000000000000e+00,-1.000000000000000000e+00,-1.000000000000000000e+00,-1.000000000000000000e+00,-1.000000000000000000e+00,-1.000000000000000000e+00,-1.000000000000000000e+00,-1.000000000000000000e+00,-1.000000000000000000e+00,-1.000000000000000000e+00,-1.000000000000000000e+00,-1.000000000000000000e+00,-1.000000000000000000e+00,-1.000000000000000000e+00,-1.000000000000000000e+00,-1.000000000000000000e+00,-1.000000000000000000e+00,-1.000000000000000000e+00,-1.000000000000000000e+00,-1.000000000000000000e+00,-1.000000000000000000e+00,-1.000000000000000000e+00,-1.000000000000000000e+00,-1.000000000000000000e+00,-1.000000000000000000e+00,-1.000000000000000000e+00,-1.000000000000000000e+00,-1.000000000000000000e+00,-1.000000000000000000e+00,-1.000000000000000000e+00,-1.000000000000000000e+00,-1.000000000000000000e+00,-1.000000000000000000e+00,-1.000000000000000000e+00,-1.000000000000000000e+00,-1.000000000000000000e+00,-1.000000000000000000e+00,-1.000000000000000000e+00,-1.000000000000000000e+00,-1.000000000000000000e+00,-1.000000000000000000e+00,-1.000000000000000000e+00,-1.000000000000000000e+00,-1.000000000000000000e+00,-1.000000000000000000e+00
-1.000000000000000000e+00,-1.000000000000000000e+00,-1.000000000000000000e+00,-1.000000000000000000e+00,-1.000000000000000000e+00,-1.000000000000000000e+00,-1.000000000000000000e+00,-1.000000000000000000e+00,-1.000000000000000000e+00,-1.000000000000000000e+00,-1.000000000000000000e+00,-1.000000000000000000e+00,-1.000000000000000000e+00,-1.000000000000000000e+00,-1.000000000000000000e+00,-1.000000000000000000e+00,-1.000000000000000000e+00,-1.000000000000000000e+00,-1.000000000000000000e+00,-1.000000000000000000e+00,-1.000000000000000000e+00,-1.000000000000000000e+00,-1.000000000000000000e+00,-1.000000000000000000e+00,-1.000000000000000000e+00,-1.000000000000000000e+00,-1.000000000000000000e+00,-1.000000000000000000e+00,-1.000000000000000000e+00,-1.000000000000000000e+00,-1.000000000000000000e+00,-1.000000000000000000e+00,-1.000000000000000000e+00,-1.000000000000000000e+00,-1.000000000000000000e+00,-1.000000000000000000e+00,-1.000000000000000000e+00,-1.000000000000000000e+00,-1.000000000000000000e+00,-1.000000000000000000e+00,-1.000000000000000000e+00,-1.000000000000000000e+00,-1.000000000000000000e+00,-1.000000000000000000e+00,-1.000000000000000000e+00,-1.000000000000000000e+00,-9.573149034639821808e-01,-9.573813558488100117e-01,-9.574561659490352650e-01,-9.575281804570013877e-01,-9.575910332842495487e-01,-9.576321732205068660e-01,-9.576198238116304662e-01,-9.574853869730127753e-01,-9.570957764838142756e-01,-9.562086068058596178e-01,-9.544022274240689940e-01,-9.509724752993277130e-01,-9.447902667980109248e-01,-9.341214727794656669e-01,-9.164265646324871728e-01,-8.881861995807684984e-01,-8.448433594359834320e-01,-7.810103889446124992e-01,-6.911410793582039025e-01,-5.708714702119088713e-01,-4.191089743088185493e-01,-2.406110215171084477e-01,-4.826761558146230868e-02,1.361407974196491288e-01,2.839468809780811842e-01,3.656886279825606323e-01,3.656886280124505006e-01,2.839468810294090151e-01,1.361407975126673886e-01,-4.826761548210400932e-02,-2.406110214105405820e-01,-4.191089742224820558e-01,-5.708714701461479191e-01,-6.911410793247771966e-01,-7.810103889504278474e-01,-8.448433594616788778e-01,-8.881861996349680322e-01,-9.164265646977656221e-01,-9.341214728438981263e-01,-9.447902668571352969e-01,-9.509724753441377576e-01,-9.544022274290661079e-01,-9.562086067743346129e-01,-9.570957764360583653e-01,-9.574853869082602387e-01,-9.576198237201674068e-01,-9.576321731256055569e-01,-9.575910331918928708e-01,-9.575281803709373429e-01,-9.574561658494844529e-01,-9.573813557558796816e-01,-9.573149033664177798e-01,-1.000000000000000000e+00,-1.000000000000000000e+00,-1.000000000000000000e+00,-1.000000000000000000e+00,-1.000000000000000000e+00,-1.000000000000000000e+00,-1.000000000000000000e+00,-1.000000000000000000e+00,-1.000000000000000000e+00,-1.000000000000000000e+00,-1.000000000000000000e+00,-1.000000000000000000e+00,-1.000000000000000000e+00,-1.000000000000000000e+00,-1.000000000000000000e+00,-1.000000000000000000e+00,-1.000000000000000000e+00,-1.000000000000000000e+00,-1.000000000000000000e+00,-1.000000000000000000e+00,-1.000000000000000000e+00,-1.000000000000000000e+00,-1.000000000000000000e+00,-1.000000000000000000e+00,-1.000000000000000000e+00,-1.000000000000000000e+00,-1.000000000000000000e+00,-1.000000000000000000e+00,-1.000000000000000000e+00,-1.000000000000000000e+00,-1.000000000000000000e+00,-1.000000000000000000e+00,-1.000000000000000000e+00,-1.000000000000000000e+00,-1.000000000000000000e+00,-1.000000000000000000e+00,-1.000000000000000000e+00,-1.000000000000000000e+00,-1.000000000000000000e+00,-1.000000000000000000e+00,-1.000000000000000000e+00,-1.000000000000000000e+00,-1.000000000000000000e+00,-1.000000000000000000e+00,-1.000000000000000000e+00,-1.000000000000000000e+00
-1.000000000000000000e+00,-1.000000000000000000e+00,-1.000000000000000000e+00,-1.000000000000000000e+00,-1.000000000000000000e+00,-1.000000000000000000e+00,-1.000000000000000000e+00,-1.000000000000000000e+00,-1.000000000000000000e+00,-1.000000000000000000e+00,-1.000000000000000000e+00,-1.000000000000000000e+00,-1.000000000000000000e+00,-1.000000000000000000e+00,-1.000000000000000000e+00,-1.000000000000000000e+00,-1.000000000000000000e+00,-1.000000000000000000e+00,-1.000000000000000000e+00,-1.000000000000000000e+00,-1.000000000000000000e+00,-1.000000000000000000e+00,-1.000000000000000000e+00,-1.000000000000000000e+00,-1.000000000000000000e+00,-1.000000000000000000e+00,-1.000000000000000000e+00,-1.000000000000000000e+00,-1.000000000000000000e+00,-1.000000000000000000e+00,-1.000000000000000000e+00,-1.000000000000000000e+00,-1.000000000000000000e+00,-1.000000000000000000e+00,-1.000000000000000000e+00,-1.000000000000000000e+00,-1.000000000000000000e+00,-1.000000000000000000e+00,-1.000000000000000000e+00,-1.000000000000000000e+00,-1.000000000000000000e+00,-1.000000000000000000e+00,-1.000000000000000000e+00,-1.000000000000000000e+00,-1.000000000000000000e+00,-1.000000000000000000e+00,-9.573853101980424052e-01,-9.574243401917769125e-01,-9.574844888507418883e-01,-9.575578072677615182e-01,-9.576361168268534563e-01,-9.577031558717955528e-01,-9.577234268565238962e-01,-9.576251711285368451e-01,-9.572726035193911409e-01,-9.564208754738552365e-01,-9.546459779608932328e-01,-9.512414682883314487e-01,-9.450760839728171714e-01,-9.344136335238346636e-01,-9.167126291888130218e-01,-8.884519185871736502e-01,-8.450729850810807520e-01,-7.811869591880263863e-01,-6.912467209019504955e-01,-5.708882148260214784e-01,-4.190204931898146024e-01,-2.404055370222546451e-01,-4.794182169520211367e-02,1.365776646301744002e-01,2.844703610400267646e-01,3.662596433788056771e-01,3.662596434027971526e-01,2.844703610898160484e-01,1.365776647159422375e-01,-4.794182159171900270e-02,-2.404055369137481080e-01,-4.190204930898515645e-01,-5.708882147570641941e-01,-6.912467208585850731e-01,-7.811869591900029164e-01,-8.450729851076823618e-01,-8.884519186370144483e-01,-9.167126292663325682e-01,-9.344136336161044110e-01,-9.450760840584063738e-01,-9.512414683755390232e-01,-9.546459780263927275e-01,-9.564208754931200485e-01,-9.572726035082825824e-01,-9.576251711024021951e-01,-9.577234268004279905e-01,-9.577031557838882048e-01,-9.576361167204625602e-01,-9.575578071536572367e-01,-9.574844887064501986e-01,-9.574243400363374734e-01,-9.573853100354100532e-01,-1.000000000000000000e+00,-1.000000000000000000e+00,-1.000000000000000000e+00,-1.000000000000000000e+00,-1.000000000000000000e+00,-1.000000000000000000e+00,-1.000000000000000000e+00,-1.000000000000000000e+00,-1.000000000000000000e+00,-1.000000000000000000e+00,-1.000000000000000000e+00,-1.000000000000000000e+00,-1.000000000000000000e+00,-1.000000000000000000e+00,-1.000000000000000000e+00,-1.000000000000000000e+00,-1.000000000000000000e+00,-1.000000000000000000e+00,-1.000000000000000000e+00,-1.000000000000000000e+00,-1.000000000000000000e+00,-1.000000000000000000e+00,-1.000000000000000000e+00,-1.000000000000000000e+00,-1.000000000000000000e+00,-1.000000000000000000e+00,-1.000000000000000000e+00,-1.000000000000000000e+00,-1.000000000000000000e+00,-1.000000000000000000e+00,-1.000000000000000000e+00,-1.000000000000000000e+00,-1.000000000000000000e+00,-1.000000000000000000e+00,-1.000000000000000000e+00,-1.000000000000000000e+00,-1.000000000000000000e+00,-1.000000000000000000e+00,-1.000000000000000000e+00,-1.000000000000000000e+00,-1.000000000000000000e+00,-1.000000000000000000e+00,-1.000000000000000000e+00,-1.000000000000000000e+00,-1.000000000000000000e+00,-1.000000000000000000e+00
-1.000000000000000000e+00,-1.000000000000000000e+00,-1.000000000000000000e+00,-1.000000000000000000e+00,-1.000000000000000000e+00,-1.000000000000000000e+00,-1.000000000000000000e+00,-1.000000000000000000e+00,-1.000000000000000000e+00,-1.000000000000000000e+00,-1.000000000000000000e+00,-1.000000000000000000e+00,-1.000000000000000000e+00,-1.000000000000000000e+00,-1.000000000000000000e+00,-1.000000000000000000e+00,-1.000000000000000000e+00,-1.000000000000000000e+00,-1.000000000000000000e+00,-1.000000000000000000e+00,-1.000000000000000000e+00,-1.000000000000000000e+00,-1.000000000000000000e+00,-1.000000000000000000e+00,-1.000000000000000000e+00,-1.000000000000000000e+00,-1.000000000000000000e+00,-1.000000000000000000e+00,-1.000000000000000000e+00,-1.000000000000000000e+00,-1.000000000000000000e+00,-1.000000000000000000e+00,-1.000000000000000000e+00,-1.000000000000000000e+00,-1.000000000000000000e+00,-1.000000000000000000e+00,-1.000000000000000000e+00,-1.000000000000000000e+00,-1.000000000000000000e+00,-1.000000000000000000e+00,-1.000000000000000000e+00,-1.000000000000000000e+00,-1.000000000000000000e+00,-1.000000000000000000e+00,-1.000000000000000000e+00,-1.000000000000000000e+00,-9.573869484768118276e-01,-9.574139128131776699e-01,-9.574690740239685249e-01,-9.575462583118401483e-01,-9.576364177213958495e-01,-9.577213272495423979e-01,-9.577634140370540061e-01,-9.576890542965184050e-01,-9.573607811900104458e-01,-9.565321474758499143e-01,-9.547775686282948815e-01,-9.513890368397887043e-01,-9.452337387788214418e-01,-9.345739396554757494e-01,-9.168665903911200621e-01,-8.885889651785625620e-01,-8.451810425760775125e-01,-7.812525615113301569e-01,-6.912552773652925753e-01,-5.708247785486341153e-01,-4.188713352987444294e-01,-2.401606909981497395e-01,-4.759840051065666877e-02,1.370121203437015822e-01,2.849757498742486739e-01,3.668038932252837281e-01,3.668038932424908527e-01,2.849757499292724372e-01,1.370121204268359705e-01,-4.759840039551732627e-02,-2.401606908802296214e-01,-4.188713351783043271e-01,-5.708247784603791564e-01,-6.912552773042726084e-01,-7.812525614920128314e-01,-8.451810425923691472e-01,-8.885889652240678283e-01,-9.168665904608184203e-01,-9.345739397671056770e-01,-9.452337388987905875e-01,-9.513890369576816219e-01,-9.547775687546877776e-01,-9.565321475787852412e-01,-9.573607812525012362e-01,-9.576890543359733998e-01,-9.577634140511452898e-01,-9.577213272260818311e-01,-9.576364176644828197e-01,-9.575462582106163412e-01,-9.574690738664609624e-01,-9.574139126373800712e-01,-9.573869482978246692e-01,-1.000000000000000000e+00,-1.000000000000000000e+00,-1.000000000000000000e+00,-1.000000000000000000e+00,-1.000000000000000000e+00,-1.000000000000000000e+00,-1.000000000000000000e+00,-1.000000000000000000e+00,-1.000000000000000000e+00,-1.000000000000000000e+00,-1.000000000000000000e+00,-1.000000000000000000e+00,-1.000000000000000000e+00,-1.000000000000000000e+00,-1.000000000000000000e+00,-1.000000000000000000e+00,-1.000000000000000000e+00,-1.000000000000000000e+00,-1.000000000000000000e+00,-1.000000000000000000e+00,-1.000000000000000000e+00,-1.000000000000000000e+00,-1.000000000000000000e+00,-1.000000000000000000e+00,-1.000000000000000000e+00,-1.000000000000000000e+00,-1.000000000000000000e+00,-1.000000000000000000e+00,-1.000000000000000000e+00,-1.000000000000000000e+00,-1.000000000000000000e+00,-1.000000000000000000e+00,-1.000000000000000000e+00,-1.000000000000000000e+00,-1.000000000000000000e+00,-1.000000000000000000e+00,-1.000000000000000000e+00,-1.000000000000000000e+00,-1.000000000000000000e+00,-1.000000000000000000e+00,-1.000000000000000000e+00,-1.000000000000000000e+00,-1.000000000000000000e+00,-1.000000000000000000e+00,-1.000000000000000000e+00,-1.000000000000000000e+00
-1.000000000000000000e+00,-1.000000000000000000e+00,-1.000000000000000000e+00,-1.000000000000000000e+00,-1.000000000000000000e+00,-1.000000000000000000e+00,-1.000000000000000000e+00,-1.000000000000000000e+00,-1.000000000000000000e+00,-1.000000000000000000e+00,-1.000000000000000000e+00,-1.000000000000000000e+00,-1.000000000000000000e+00,-1.000000000000000000e+00,-1.000000000000000000e+00,-1.000000000000000000e+00,-1.000000000000000000e+00,-1.000000000000000000e+00,-1.000000000000000000e+00,-1.000000000000000000e+00,-1.000000000000000000e+00,-1.000000000000000000e+00,-1.000000000000000000e+00,-1.000000000000000000e+00,-1.000000000000000000e+00,-1.000000000000000000e+00,-1.000000000000000000e+00,-1.000000000000000000e+00,-1.000000000000000000e+00,-1.000000000000000000e+00,-1.000000000000000000e+00,-1.000000000000000000e+00,-1.000000000000000000e+00,-1.000000000000000000e+00,-1.000000000000000000e+00,-1.000000000000000000e+00,-1.000000000000000000e+00,-1.000000000000000000e+00,-1.000000000000000000e+00,-1.000000000000000000e+00,-1.000000000000000000e+00,-1.000000000000000000e+00,-1.000000000000000000e+00,-1.000000000000000000e+00,-1.000000000000000000e+00,-1.000000000000000000e+00,-9.573435867742319250e-01,-9.573655819588523519e-01,-9.574198436836564019e-01,-9.575011183685433469e-01,-9.575999170746474221e-01,-9.576969603193479230e-01,-9.577535034744659725e-01,-9.576948083386068733e-01,-9.573823487364823137e-01,-9.565686286838518404e-01,-9.548269956915755863e-01,-9.514483419463389824e-01,-9.452987102233343375e-01,-9.346391539292392414e-01,-9.169253077624288650e-01,-8.886330091280785215e-01,-8.452007216578981685e-01,-7.812366716429388624e-01,-6.911913234605333578e-01,-5.706996903575846103e-01,-4.186729286240264969e-01,-2.398799899908905520e-01,-4.723261297768444056e-02,1.374566473711014147e-01,2.854816784288709552e-01,3.673434418469481155e-01,3.673434418579226701e-01,2.854816784874547597e-01,1.374566474482221690e-01,-4.723261286168256579e-02,-2.398799898752377313e-01,-4.186729285043084836e-01,-5.706996902634322577e-01,-6.911913234007964757e-01,-7.812366716174370396e-01,-8.452007216634198628e-01,-8.886330091769667483e-01,-9.169253078217953767e-01,-9.346391540329732628e-01,-9.452987103641927735e-01,-9.514483420862664964e-01,-9.548269958411153002e-01,-9.565686288272707838e-01,-9.573823488634095602e-01,-9.576948084511347492e-01,-9.577535035521018703e-01,-9.576969603473505233e-01,-9.575999170652058634e-01,-9.575011183064408016e-01,-9.574198435646343874e-01,-9.573655818065968104e-01,-9.573435866024558871e-01,-1.000000000000000000e+00,-1.000000000000000000e+00,-1.000000000000000000e+00,-1.000000000000000000e+00,-1.000000000000000000e+00,-1.000000000000000000e+00,-1.000000000000000000e+00,-1.000000000000000000e+00,-1.000000000000000000e+00,-1.000000000000000000e+00,-1.000000000000000000e+00,-1.000000000000000000e+00,-1.000000000000000000e+00,-1.000000000000000000e+00,-1.000000000000000000e+00,-1.000000000000000000e+00,-1.000000000000000000e+00,-1.000000000000000000e+00,-1.000000000000000000e+00,-1.000000000000000000e+00,-1.000000000000000000e+00,-1.000000000000000000e+00,-1.000000000000000000e+00,-1.000000000000000000e+00,-1.000000000000000000e+00,-1.000000000000000000e+00,-1.000000000000000000e+00,-1.000000000000000000e+00,-1.000000000000000000e+00,-1.000000000000000000e+00,-1.000000000000000000e+00,-1.000000000000000000e+00,-1.000000000000000000e+00,-1.000000000000000000e+00,-1.000000000000000000e+00,-1.000000000000000000e+00,-1.000000000000000000e+00,-1.000000000000000000e+00,-1.000000000000000000e+00,-1.000000000000000000e+00,-1.000000000000000000e+00,-1.000000000000000000e+00,-1.000000000000000000e+00,-1.000000000000000000e+00,-1.000000000000000000e+00,-1.000000000000000000e+00
-1.000000000000000000e+00,-1.000000000000000000e+00,-1.000000000000000000e+00,-1.000000000000000000e+00,-1.000000000000000000e+00,-1.000000000000000000e+00,-1.000000000000000000e+00,-1.000000000000000000e+00,-1.000000000000000000e+00,-1.000000000000000000e+00,-1.000000000000000000e+00,-1.000000000000000000e+00,-1.000000000000000000e+00,-1.000000000000000000e+00,-1.000000000000000000e+00,-1.000000000000000000e+00,-1.000000000000000000e+00,-1.000000000000000000e+00,-1.000000000000000000e+00,-1.000000000000000000e+00,-1.000000000000000000e+00,-1.000000000000000000e+00,-1.000000000000000000e+00,-1.000000000000000000e+00,-1.000000000000000000e+00,-1.000000000000000000e+00,-1.000000000000000000e+00,-1.000000000000000000e+00,-1.000000000000000000e+00,-1.000000000000000000e+00,-1.000000000000000000e+00,-1.000000000000000000e+00,-1.000000000000000000e+00,-1.000000000000000000e+00,-1.000000000000000000e+00,-1.000000000000000000e+00,-1.000000000000000000e+00,-1.000000000000000000e+00,-1.000000000000000000e+00,-1.000000000000000000e+00,-1.000000000000000000e+00,-1.000000000000000000e+00,-1.000000000000000000e+00,-1.000000000000000000e+00,-1.000000000000000000e+00,-1.000000000000000000e+00,-9.572701332452380196e-01,-9.572902857415717115e-01,-9.573451307010700795e-01,-9.574298591936702962e-01,-9.575347395593832855e-01,-9.576399120200502768e-01,-9.577059575718580575e-01,-9.576574604417926739e-01,-9.573552166693140020e-01,-9.565510307741090790e-01,-9.548175097705776659e-01,-9.514447471932343525e-01,-9.452979052159403706e-01,-9.346370384529580910e-01,-9.169166199829390518e-01,-8.886111347540617267e-01,-8.451575277430363187e-01,-7.811624378765962273e-01,-6.910749225544878804e-01,-5.705292561004268181e-01,-4.184372343298503605e-01,-2.395706286314813749e-01,-4.684676928140174557e-02,1.379134624799813746e-01,2.859939222835081729e-01,3.678860405897299568e-01,3.678860405998907179e-01,2.859939223445944201e-01,1.379134625523608104e-01,-4.684676917870522761e-02,-2.395706285332905860e-01,-4.184372342345997753e-01,-5.705292560183113926e-01,-6.910749225006791452e-01,-7.811624378538138957e-01,-8.451575277319405277e-01,-8.886111347929461779e-01,-9.169166200410060474e-01,-9.346370385348050647e-01,-9.452979053372995155e-01,-9.514447473318284887e-01,-9.548175099269389232e-01,-9.565510309269850131e-01,-9.573552168233311344e-01,-9.576574606020556990e-01,-9.577059577111779465e-01,-9.576399121161107697e-01,-9.575347396108244702e-01,-9.574298591781141843e-01,-9.573451306173194064e-01,-9.572902856093526980e-01,-9.572701330883812698e-01,-1.000000000000000000e+00,-1.000000000000000000e+00,-1.000000000000000000e+00,-1.000000000000000000e+00,-1.000000000000000000e+00,-1.000000000000000000e+00,-1.000000000000000000e+00,-1.000000000000000000e+00,-1.000000000000000000e+00,-1.000000000000000000e+00,-1.000000000000000000e+00,-1.000000000000000000e+00,-1.000000000000000000e+00,-1.000000000000000000e+00,-1.000000000000000000e+00,-1.000000000000000000e+00,-1.000000000000000000e+00,-1.000000000000000000e+00,-1.000000000000000000e+00,-1.000000000000000000e+00,-1.000000000000000000e+00,-1.000000000000000000e+00,-1.000000000000000000e+00,-1.000000000000000000e+00,-1.000000000000000000e+00,-1.000000000000000000e+00,-1.000000000000000000e+00,-1.000000000000000000e+00,-1.000000000000000000e+00,-1.000000000000000000e+00,-1.000000000000000000e+00,-1.000000000000000000e+00,-1.000000000000000000e+00,-1.000000000000000000e+00,-1.000000000000000000e+00,-1.000000000000000000e+00,-1.000000000000000000e+00,-1.000000000000000000e+00,-1.000000000000000000e+00,-1.000000000000000000e+00,-1.000000000000000000e+00,-1.000000000000000000e+00,-1.000000000000000000e+00,-1.000000000000000000e+00,-1.000000000000000000e+00,-1.000000000000000000e+00
-1.000000000000000000e+00,-1.000000000000000000e+00,-1.000000000000000000e+00,-1.000000000000000000e+00,-1.000000000000000000e+00,-1.000000000000000000e+00,-1.000000000000000000e+00,-1.000000000000000000e+00,-1.000000000000000000e+00,-1.000000000000000000e+00,-1.000000000000000000e+00,-1.000000000000000000e+00,-1.000000000000000000e+00,-1.000000000000000000e+00,-1.000000000000000000e+00,-1.000000000000000000e+00,-1.000000000000000000e+00,-1.000000000000000000e+00,-1.000000000000000000e+00,-1.000000000000000000e+00,-1.000000000000000000e+00,-1.000000000000000000e+00,-1.000000000000000000e+00,-1.000000000000000000e+00,-1.000000000000000000e+00,-1.000000000000000000e+00,-1.000000000000000000e+00,-1.000000000000000000e+00,-1.000000000000000000e+00,-1.000000000000000000e+00,-1.000000000000000000e+00,-1.000000000000000000e+00,-1.000000000000000000e+00,-1.000000000000000000e+00,-1.000000000000000000e+00,-1.000000000000000000e+00,-1.000000000000000000e+00,-1.000000000000000000e+00,-1.000000000000000000e+00,-1.000000000000000000e+00,-1.000000000000000000e+00,-1.000000000000000000e+00,-1.000000000000000000e+00,-1.000000000000000000e+00,-1.000000000000000000e+00,-1.000000000000000000e+00,-9.571763898203786702e-01,-9.571959928567740361e-01,-9.572517795519330797e-01,-9.573391379815857638e-01,-9.574481907690486349e-01,-9.575587483829525182e-01,-9.576309939020206663e-01,-9.575890904357229338e-01,-9.572933913277582585e-01,-9.564952234798594910e-01,-9.547666643768017991e-01,-9.513972040645427564e-01,-9.452512951683179621e-01,-9.345881324447504745e-01,-9.168611287999516302e-01,-8.885434744961115960e-01,-8.450706017417201066e-01,-7.810475233633236147e-01,-6.909218178987091008e-01,-5.703269082722370875e-01,-4.181750534280790355e-01,-2.392405686580260094e-01,-4.644596819234403373e-02,1.383800835231288051e-01,2.865120344653622197e-01,3.684323651236323105e-01,3.684323651374046271e-01,2.865120345227287757e-01,1.383800835946447094e-01,-4.644596810412227050e-02,-2.392405685709318997e-01,-4.181750533485109056e-01,-5.703269082020159253e-01,-6.909218178411764555e-01,-7.810475233451827926e-01,-8.450706017315771090e-01,-8.885434745192579697e-01,-9.168611288612229515e-01,-9.345881325280759322e-01,-9.452512952786276124e-01,-9.513972041960919723e-01,-9.547666645478594116e-01,-9.564952236712693789e-01,-9.572933915315615661e-01,-9.575890906532990021e-01,-9.576309941134504289e-01,-9.575587485643588526e-01,-9.574481909027283688e-01,-9.573391380428271091e-01,-9.572517795347154079e-01,-9.571959927806119595e-01,-9.571763897204117466e-01,-1.000000000000000000e+00,-1.000000000000000000e+00,-1.000000000000000000e+00,-1.000000000000000000e+00,-1.000000000000000000e+00,-1.000000000000000000e+00,-1.000000000000000000e+00,-1.000000000000000000e+00,-1.000000000000000000e+00,-1.000000000000000000e+00,-1.000000000000000000e+00,-1.000000000000000000e+00,-1.000000000000000000e+00,-1.000000000000000000e+00,-1.000000000000000000e+00,-1.000000000000000000e+00,-1.000000000000000000e+00,-1.000000000000000000e+00,-1.000000000000000000e+00,-1.000000000000000000e+00,-1.000000000000000000e+00,-1.000000000000000000e+00,-1.000000000000000000e+00,-1.000000000000000000e+00,-1.000000000000000000e+00,-1.000000000000000000e+00,-1.000000000000000000e+00,-1.000000000000000000e+00,-1.000000000000000000e+00,-1.000000000000000000e+00,-1.000000000000000000e+00,-1.000000000000000000e+00,-1.000000000000000000e+00,-1.000000000000000000e+00,-1.000000000000000000e+00,-1.000000000000000000e+00,-1.000000000000000000e+00,-1.000000000000000000e+00,-1.000000000000000000e+00,-1.000000000000000000e+00,-1.000000000000000000e+00,-1.000000000000000000e+00,-1.000000000000000000e+00,-1.000000000000000000e+00,-1.000000000000000000e+00,-1.000000000000000000e+00
-1.000000000000000000e+00,-1.000000000000000000e+00,-1.000000000000000000e+00,-1.000000000000000000e+00,-1.000000000000000000e+00,-1.000000000000000000e+00,-1.000000000000000000e+00,-1.000000000000000000e+00,-1.000000000000000000e+00,-1.000000000000000000e+00,-1.000000000000000000e+00,-1.000000000000000000e+00,-1.000000000000000000e+00,-1.000000000000000000e+00,-1.000000000000000000e+00,-1.000000000000000000e+00,-1.000000000000000000e+00,-1.000000000000000000e+00,-1.000000000000000000e+00,-1.000000000000000000e+00,-1.000000000000000000e+00,-1.000000000000000000e+00,-1.000000000000000000e+00,-1.000000000000000000e+00,-1.000000000000000000e+00,-1.000000000000000000e+00,-1.000000000000000000e+00,-1.000000000000000000e+00,-1.000000000000000000e+00,-1.000000000000000000e+00,-1.000000000000000000e+00,-1.000000000000000000e+00,-1.000000000000000000e+00,-1.000000000000000000e+00,-1.000000000000000000e+00,-1.000000000000000000e+00,-1.000000000000000000e+00,-1.000000000000000000e+00,-1.000000000000000000e+00,-1.000000000000000000e+00,-1.000000000000000000e+00,-1.000000000000000000e+00,-1.000000000000000000e+00,-1.000000000000000000e+00,-1.000000000000000000e+00,-1.000000000000000000e+00,-9.570690680681033236e-01,-9.570886070920564537e-01,-9.571452669718475414e-01,-9.572345122809645668e-01,-9.573463718677448497e-01,-9.574604618196406181e-01,-9.575367234094162017e-01,-9.574990510788874420e-01,-9.572075013799619114e-01,-9.564130649317202915e-01,-9.546874258116747614e-01,-9.513195974896818674e-01,-9.451734353831514612e-01,-9.345073673278257997e-01,-9.167738164250092137e-01,-8.884447229996379480e-01,-8.449540217747234516e-01,-7.809050874658751695e-01,-6.907439826534648164e-01,-5.701032079093959481e-01,-4.178953619927620045e-01,-2.388971038610917530e-01,-4.603583475890882237e-02,1.388523884688186438e-01,2.870330486381982293e-01,3.689800821766382466e-01,3.689800821934838826e-01,2.870330486772518785e-01,1.388523885257801904e-01,-4.603583470428795898e-02,-2.388971038081976195e-01,-4.178953619461036606e-01,-5.701032078776551160e-01,-6.907439826157177887e-01,-7.809050874547784904e-01,-8.449540217822444355e-01,-8.884447230162979547e-01,-9.167738164691119351e-01,-9.345073673960042626e-01,-9.451734354841441199e-01,-9.513195976020025757e-01,-9.546874259594700929e-01,-9.564130651221450785e-01,-9.572075016061252217e-01,-9.574990513419483484e-01,-9.575367236817950989e-01,-9.574604620709068481e-01,-9.573463720793308207e-01,-9.572345124396144378e-01,-9.571452670620050895e-01,-9.570886071228477121e-01,-9.570690680735614020e-01,-1.000000000000000000e+00,-1.000000000000000000e+00,-1.000000000000000000e+00,-1.000000000000000000e+00,-1.000000000000000000e+00,-1.000000000000000000e+00,-1.000000000000000000e+00,-1.000000000000000000e+00,-1.000000000000000000e+00,-1.000000000000000000e+00,-1.000000000000000000e+00,-1.000000000000000000e+00,-1.000000000000000000e+00,-1.000000000000000000e+00,-1.000000000000000000e+00,-1.000000000000000000e+00,-1.000000000000000000e+00,-1.000000000000000000e+00,-1.000000000000000000e+00,-1.000000000000000000e+00,-1.000000000000000000e+00,-1.000000000000000000e+00,-1.000000000000000000e+00,-1.000000000000000000e+00,-1.000000000000000000e+00,-1.000000000000000000e+00,-1.000000000000000000e+00,-1.000000000000000000e+00,-1.000000000000000000e+00,-1.000000000000000000e+00,-1.000000000000000000e+00,-1.000000000000000000e+00,-1.000000000000000000e+00,-1.000000000000000000e+00,-1.000000000000000000e+00,-1.000000000000000000e+00,-1.000000000000000000e+00,-1.000000000000000000e+00,-1.000000000000000000e+00,-1.000000000000000000e+00,-1.000000000000000000e+00,-1.000000000000000000e+00,-1.000000000000000000e+00,-1.000000000000000000e+00,-1.000000000000000000e+00,-1.000000000000000000e+00
-1.000000000000000000e+00,-1.000000000000000000e+00,-1.000000000000000000e+00,-1.000000000000000000e+00,-1.000000000000000000e+00,-1.000000000000000000e+00,-1.000000000000000000e+00,-1.000000000000000000e+00,-1.000000000000000000e+00,-1.000000000000000000e+00,-1.000000000000000000e+00,-1.000000000000000000e+00,-1.000000000000000000e+00,-1.000000000000000000e+00,-1.000000000000000000e+00,-1.000000000000000000e+00,-1.000000000000000000e+00,-1.000000000000000000e+00,-1.000000000000000000e+00,-1.000000000000000000e+00,-1.000000000000000000e+00,-1.000000000000000000e+00,-1.000000000000000000e+00,-1.000000000000000000e+00,-1.000000000000000000e+00,-1.000000000000000000e+00,-1.000000000000000000e+00,-1.000000000000000000e+00,-1.000000000000000000e+00,-1.000000000000000000e+00,-1.000000000000000000e+00,-1.000000000000000000e+00,-1.000000000000000000e+00,-1.000000000000000000e+00,-1.000000000000000000e+00,-1.000000000000000000e+00,-1.000000000000000000e+00,-1.000000000000000000e+00,-1.000000000000000000e+00,-1.000000000000000000e+00,-1.000000000000000000e+00,-1.000000000000000000e+00,-1.000000000000000000e+00,-1.000000000000000000e+00,-1.000000000000000000e+00,-1.000000000000000000e+00,-9.569528997517431357e-01,-9.569725251785375919e-01,-9.570298683685970476e-01,-9.571204161995069404e-01,-9.572341344955417330e-01,-9.573505203847391121e-01,-9.574293633548167648e-01,-9.573943811446851138e-01,-9.571054248513573004e-01,-9.563132392904749590e-01,-9.545892034126297609e-01,-9.512219374328142463e-01,-9.450747747368262175e-01,-9.344054406884270136e-01,-9.166654207686815159e-01,-8.883254439622730869e-01,-8.448179706068026373e-01,-7.807447444325981145e-01,-6.905503007216393652e-01,-5.698661778810911738e-01,-4.176052293607013244e-01,-2.385463073019726821e-01,-4.562146975653325054e-02,1.393261392134892418e-01,2.875533820213920233e-01,3.695259652629141467e-01,3.695259652783871029e-01,2.875533820340152591e-01,1.393261392465678927e-01,-4.562146973285363671e-02,-2.385463072794536954e-01,-4.176052293347208844e-01,-5.698661778709173120e-01,-6.905503007113578118e-01,-7.807447444222669342e-01,-8.448179706179984594e-01,-8.883254439837660055e-01,-9.166654208031895790e-01,-9.344054407246136229e-01,-9.450747748115646552e-01,-9.512219375295757340e-01,-9.545892035487479887e-01,-9.563132394770437195e-01,-9.571054250771781069e-01,-9.573943814252019457e-01,-9.574293636658677276e-01,-9.573505206992322103e-01,-9.572341347871088368e-01,-9.571204164452132845e-01,-9.570298685420620677e-01,-9.569725252908466429e-01,-9.569528998380382179e-01,-1.000000000000000000e+00,-1.000000000000000000e+00,-1.000000000000000000e+00,-1.000000000000000000e+00,-1.000000000000000000e+00,-1.000000000000000000e+00,-1.000000000000000000e+00,-1.000000000000000000e+00,-1.000000000000000000e+00,-1.000000000000000000e+00,-1.000000000000000000e+00,-1.000000000000000000e+00,-1.000000000000000000e+00,-1.000000000000000000e+00,-1.000000000000000000e+00,-1.000000000000000000e+00,-1.000000000000000000e+00,-1.000000000000000000e+00,-1.000000000000000000e+00,-1.000000000000000000e+00,-1.000000000000000000e+00,-1.000000000000000000e+00,-1.000000000000000000e+00,-1.000000000000000000e+00,-1.000000000000000000e+00,-1.000000000000000000e+00,-1.000000000000000000e+00,-1.000000000000000000e+00,-1.000000000000000000e+00,-1.000000000000000000e+00,-1.000000000000000000e+00,-1.000000000000000000e+00,-1.000000000000000000e+00,-1.000000000000000000e+00,-1.000000000000000000e+00,-1.000000000000000000e+00,-1.000000000000000000e+00,-1.000000000000000000e+00,-1.000000000000000000e+00,-1.000000000000000000e+00,-1.000000000000000000e+00,-1.000000000000000000e+00,-1.000000000000000000e+00,-1.000000000000000000e+00,-1.000000000000000000e+00,-1.000000000000000000e+00
-1.000000000000000000e+00,-1.000000000000000000e+00,-1.000000000000000000e+00,-1.000000000000000000e+00,-1.000000000000000000e+00,-1.000000000000000000e+00,-1.000000000000000000e+00,-1.000000000000000000e+00,-1.000000000000000000e+00,-1.000000000000000000e+00,-1.000000000000000000e+00,-1.000000000000000000e+00,-1.000000000000000000e+00,-1.000000000000000000e+00,-1.000000000000000000e+00,-1.000000000000000000e+00,-1.000000000000000000e+00,-1.000000000000000000e+00,-1.000000000000000000e+00,-1.000000000000000000e+00,-1.000000000000000000e+00,-1.000000000000000000e+00,-1.000000000000000000e+00,-1.000000000000000000e+00,-1.000000000000000000e+00,-1.000000000000000000e+00,-1.000000000000000000e+00,-1.000000000000000000e+00,-1.000000000000000000e+00,-1.000000000000000000e+00,-1.000000000000000000e+00,-1.000000000000000000e+00,-1.000000000000000000e+00,-1.000000000000000000e+00,-1.000000000000000000e+00,-1.000000000000000000e+00,-1.000000000000000000e+00,-1.000000000000000000e+00,-1.000000000000000000e+00,-1.000000000000000000e+00,-1.000000000000000000e+00,-1.000000000000000000e+00,-1.000000000000000000e+00,-1.000000000000000000e+00,-1.000000000000000000e+00,-1.000000000000000000e+00,-9.568312811427297504e-01,-9.568510164093493309e-01,-9.569088518048290970e-01,-9.570002747123229625e-01,-9.571152076099573858e-01,-9.572330721392400266e-01,-9.573135591716255277e-01,-9.572802661269145252e-01,-9.569928963817561085e-01,-9.562020072966455064e-01,-9.544787304762698543e-01,-9.511113484665991713e-01,-9.449627243605864813e-01,-9.342899278587484257e-01,-9.165435483008987916e-01,-8.881931391178087276e-01,-8.446697152947957310e-01,-7.805734100058521197e-01,-6.903472381588290352e-01,-5.696217584376800369e-01,-4.173100204289766912e-01,-2.381929514517587831e-01,-4.520707650785982246e-02,1.397976298959031638e-01,2.880697019413653859e-01,3.700668830336888426e-01,3.700668830419264754e-01,2.880697019320115349e-01,1.397976299009879853e-01,-4.520707650829236535e-02,-2.381929514541268889e-01,-4.173100204309544425e-01,-5.696217584414039470e-01,-6.903472381858891671e-01,-7.805734100240310225e-01,-8.446697153115315659e-01,-8.881931391356567840e-01,-9.165435483380315329e-01,-9.342899278882386138e-01,-9.449627244178857577e-01,-9.511113485457491912e-01,-9.544787306001851768e-01,-9.562020074830740457e-01,-9.569928966130470949e-01,-9.572802664220134705e-01,-9.573135595066015746e-01,-9.572330724958145742e-01,-9.571152079616510600e-01,-9.570002750381547685e-01,-9.569088520810808962e-01,-9.568510166406866135e-01,-9.568312813512289683e-01,-1.000000000000000000e+00,-1.000000000000000000e+00,-1.000000000000000000e+00,-1.000000000000000000e+00,-1.000000000000000000e+00,-1.000000000000000000e+00,-1.000000000000000000e+00,-1.000000000000000000e+00,-1.000000000000000000e+00,-1.000000000000000000e+00,-1.000000000000000000e+00,-1.000000000000000000e+00,-1.000000000000000000e+00,-1.000000000000000000e+00,-1.000000000000000000e+00,-1.000000000000000000e+00,-1.000000000000000000e+00,-1.000000000000000000e+00,-1.000000000000000000e+00,-1.000000000000000000e+00,-1.000000000000000000e+00,-1.000000000000000000e+00,-1.000000000000000000e+00,-1.000000000000000000e+00,-1.000000000000000000e+00,-1.000000000000000000e+00,-1.000000000000000000e+00,-1.000000000000000000e+00,-1.000000000000000000e+00,-1.000000000000000000e+00,-1.000000000000000000e+00,-1.000000000000000000e+00,-1.000000000000000000e+00,-1.000000000000000000e+00,-1.000000000000000000e+00,-1.000000000000000000e+00,-1.000000000000000000e+00,-1.000000000000000000e+00,-1.000000000000000000e+00,-1.000000000000000000e+00,-1.000000000000000000e+00,-1.000000000000000000e+00,-1.000000000000000000e+00,-1.000000000000000000e+00,-1.000000000000000000e+00,-1.000000000000000000e+00
-1.000000000000000000e+00,-1.000000000000000000e+00,-1.000000000000000000e+00,-1.000000000000000000e+00,-1.000000000000000000e+00,-1.000000000000000000e+00,-1.000000000000000000e+00,-1.000000000000000000e+00,-1.000000000000000000e+00,-1.000000000000000000e+00,-1.000000000000000000e+00,-1.000000000000000000e+00,-1.000000000000000000e+00,-1.000000000000000000e+00,-1.000000000000000000e+00,-1.000000000000000000e+00,-1.000000000000000000e+00,-1.000000000000000000e+00,-1.000000000000000000e+00,-1.000000000000000000e+00,-1.000000000000000000e+00,-1.000000000000000000e+00,-1.000000000000000000e+00,-1.000000000000000000e+00,-1.000000000000000000e+00,-1.000000000000000000e+00,-1.000000000000000000e+00,-1.000000000000000000e+00,-1.000000000000000000e+00,-1.000000000000000000e+00,-1.000000000000000000e+00,-1.000000000000000000e+00,-1.000000000000000000e+00,-1.000000000000000000e+00,-1.000000000000000000e+00,-1.000000000000000000e+00,-1.000000000000000000e+00,-1.000000000000000000e+00,-1.000000000000000000e+00,-1.000000000000000000e+00,-1.000000000000000000e+00,-1.000000000000000000e+00,-1.000000000000000000e+00,-1.000000000000000000e+00,-1.000000000000000000e+00,-1.000000000000000000e+00,-9.567066734044168408e-01,-9.567265013589366651e-01,-9.567846743325624237e-01,-9.568766731029321182e-01,-9.569923899972213599e-01,-9.571111970667689484e-01,-9.571927187086569644e-01,-9.571604671575829615e-01,-9.568740349680278090e-01,-9.560838300752914076e-01,-9.543607751147968887e-01,-9.509928529265098129e-01,-9.448424932779009300e-01,-9.341661460688156504e-01,-9.164135396113831655e-01,-8.880530863286596466e-01,-8.445143891257004265e-01,-7.803960000641598782e-01,-6.901394331512522573e-01,-5.693742651709265967e-01,-4.170137013679218185e-01,-2.378406473357653761e-01,-4.479592979781210627e-02,1.402638753746712208e-01,2.885792378193319241e-01,3.706001797496061290e-01,3.706001797422333599e-01,2.885792377911948758e-01,1.402638753417386752e-01,-4.479592983342350898e-02,-2.378406473669256727e-01,-4.170137014176353851e-01,-5.693742652035087559e-01,-6.901394332044024083e-01,-7.803960001168651628e-01,-8.445143891687818538e-01,-8.880530863423188315e-01,-9.164135396305868042e-01,-9.341661460831962582e-01,-9.448424933175285645e-01,-9.509928529863420632e-01,-9.543607752095832897e-01,-9.560838302335381567e-01,-9.568740351807187849e-01,-9.571604674478892960e-01,-9.571927190573469302e-01,-9.571111974568158320e-01,-9.569923903998234227e-01,-9.568766735007595559e-01,-9.567846746986702344e-01,-9.567265016837244174e-01,-9.567066737072182914e-01,-1.000000000000000000e+00,-1.000000000000000000e+00,-1.000000000000000000e+00,-1.000000000000000000e+00,-1.000000000000000000e+00,-1.000000000000000000e+00,-1.000000000000000000e+00,-1.000000000000000000e+00,-1.000000000000000000e+00,-1.000000000000000000e+00,-1.000000000000000000e+00,-1.000000000000000000e+00,-1.000000000000000000e+00,-1.000000000000000000e+00,-1.000000000000000000e+00,-1.000000000000000000e+00,-1.000000000000000000e+00,-1.000000000000000000e+00,-1.000000000000000000e+00,-1.000000000000000000e+00,-1.000000000000000000e+00,-1.000000000000000000e+00,-1.000000000000000000e+00,-1.000000000000000000e+00,-1.000000000000000000e+00,-1.000000000000000000e+00,-1.000000000000000000e+00,-1.000000000000000000e+00,-1.000000000000000000e+00,-1.000000000000000000e+00,-1.000000000000000000e+00,-1.000000000000000000e+00,-1.000000000000000000e+00,-1.000000000000000000e+00,-1.000000000000000000e+00,-1.000000000000000000e+00,-1.000000000000000000e+00,-1.000000000000000000e+00,-1.000000000000000000e+00,-1.000000000000000000e+00,-1.000000000000000000e+00,-1.000000000000000000e+00,-1.000000000000000000e+00,-1.000000000000000000e+00,-1.000000000000000000e+00,-1.000000000000000000e+00
-1.000000000000000000e+00,-1.000000000000000000e+00,-1.000000000000000000e+00,-1.000000000000000000e+00,-1.000000000000000000e+00,-1.000000000000000000e+00,-1.000000000000000000e+00,-1.000000000000000000e+00,-1.000000000000000000e+00,-1.000000000000000000e+00,-1.000000000000000000e+00,-1.000000000000000000e+00,-1.000000000000000000e+00,-1.000000000000000000e+00,-1.000000000000000000e+00,-1.000000000000000000e+00,-1.000000000000000000e+00,-1.000000000000000000e+00,-1.000000000000000000e+00,-1.000000000000000000e+00,-1.000000000000000000e+00,-1.000000000000000000e+00,-1.000000000000000000e+00,-1.000000000000000000e+00,-1.000000000000000000e+00,-1.000000000000000000e+00,-1.000000000000000000e+00,-1.000000000000000000e+00,-1.000000000000000000e+00,-1.000000000000000000e+00,-1.000000000000000000e+00,-1.000000000000000000e+00,-1.000000000000000000e+00,-1.000000000000000000e+00,-1.000000000000000000e+00,-1.000000000000000000e+00,-1.000000000000000000e+00,-1.000000000000000000e+00,-1.000000000000000000e+00,-1.000000000000000000e+00,-1.000000000000000000e+00,-1.000000000000000000e+00,-1.000000000000000000e+00,-1.000000000000000000e+00,-1.000000000000000000e+00,-1.000000000000000000e+00,-9.565808682713989874e-01,-9.566007641499120195e-01,-9.566591611413841623e-01,-9.567515322934309063e-01,-9.568677487890808742e-01,-9.569871489930839026e-01,-9.570693106936694061e-01,-9.570376831809630502e-01,-9.567517720615874577e-01,-9.559618609878779427e-01,-9.542386896711312350e-01,-9.508699680269219190e-01,-9.447177201471510521e-01,-9.340378051680160443e-01,-9.162791216336318989e-01,-8.879089749594212266e-01,-8.443555921421037613e-01,-7.802159795633951678e-01,-6.899301782364893887e-01,-5.691267912636319704e-01,-4.167191511834200668e-01,-2.374920586643350928e-01,-4.439049214371237895e-02,1.407225840957666563e-01,2.890798232014131219e-01,3.711237554011381778e-01,3.711237553784847432e-01,2.890798231680904440e-01,1.407225840419819018e-01,-4.439049220508339832e-02,-2.374920587081277290e-01,-4.167191512577985701e-01,-5.691267913342203943e-01,-6.899301783121039033e-01,-7.802159796291224803e-01,-8.443555922099377220e-01,-8.879089749969047984e-01,-9.162791216602220734e-01,-9.340378051802697978e-01,-9.447177201746149722e-01,-9.508699680827547018e-01,-9.542386897579264726e-01,-9.559618611346430983e-01,-9.567517722581331263e-01,-9.570376834470224470e-01,-9.570693110267369796e-01,-9.569871493788866257e-01,-9.568677492027768405e-01,-9.567515327225268873e-01,-9.566591615589963293e-01,-9.566007645378394875e-01,-9.565808686480169465e-01,-1.000000000000000000e+00,-1.000000000000000000e+00,-1.000000000000000000e+00,-1.000000000000000000e+00,-1.000000000000000000e+00,-1.000000000000000000e+00,-1.000000000000000000e+00,-1.000000000000000000e+00,-1.000000000000000000e+00,-1.000000000000000000e+00,-1.000000000000000000e+00,-1.000000000000000000e+00,-1.000000000000000000e+00,-1.000000000000000000e+00,-1.000000000000000000e+00,-1.000000000000000000e+00,-1.000000000000000000e+00,-1.000000000000000000e+00,-1.000000000000000000e+00,-1.000000000000000000e+00,-1.000000000000000000e+00,-1.000000000000000000e+00,-1.000000000000000000e+00,-1.000000000000000000e+00,-1.000000000000000000e+00,-1.000000000000000000e+00,-1.000000000000000000e+00,-1.000000000000000000e+00,-1.000000000000000000e+00,-1.000000000000000000e+00,-1.000000000000000000e+00,-1.000000000000000000e+00,-1.000000000000000000e+00,-1.000000000000000000e+00,-1.000000000000000000e+00,-1.000000000000000000e+00,-1.000000000000000000e+00,-1.000000000000000000e+00,-1.000000000000000000e+00,-1.000000000000000000e+00,-1.000000000000000000e+00,-1.000000000000000000e+00,-1.000000000000000000e+00,-1.000000000000000000e+00,-1.000000000000000000e+00,-1.000000000000000000e+00
-1.000000000000000000e+00,-1.000000000000000000e+00,-1.000000000000000000e+00,-1.000000000000000000e+00,-1.000000000000000000e+00,-1.000000000000000000e+00,-1.000000000000000000e+00,-1.000000000000000000e+00,-1.000000000000000000e+00,-1.000000000000000000e+00,-1.000000000000000000e+00,-1.000000000000000000e+00,-1.000000000000000000e+00,-1.000000000000000000e+00,-1.000000000000000000e+00,-1.000000000000000000e+00,-1.000000000000000000e+00,-1.000000000000000000e+00,-1.000000000000000000e+00,-1.000000000000000000e+00,-1.000000000000000000e+00,-1.000000000000000000e+00,-1.000000000000000000e+00,-1.000000000000000000e+00,-1.000000000000000000e+00,-1.000000000000000000e+00,-1.000000000000000000e+00,-1.000000000000000000e+00,-1.000000000000000000e+00,-1.000000000000000000e+00,-1.000000000000000000e+00,-1.000000000000000000e+00,-1.000000000000000000e+00,-1.000000000000000000e+00,-1.000000000000000000e+00,-1.000000000000000000e+00,-1.000000000000000000e+00,-1.000000000000000000e+00,-1.000000000000000000e+00,-1.000000000000000000e+00,-1.000000000000000000e+00,-1.000000000000000000e+00,-1.000000000000000000e+00,-1.000000000000000000e+00,-1.000000000000000000e+00,-1.000000000000000000e+00,-9.564551736317086217e-01,-9.564751158218735005e-01,-9.565336577383034555e-01,-9.566262656523931707e-01,-9.567427957350318479e-01,-9.568625626533147077e-01,-9.569451101049961661e-01,-9.569138387414463098e-01,-9.566281829179283935e-01,-9.558383189524871648e-01,-9.541148218286850113e-01,-9.507451482197751824e-01,-9.445909383005738347e-01,-9.339074852084440215e-01,-9.161428866059243559e-01,-8.877633746426714101e-01,-8.441958384903588408e-01,-7.800357781873046292e-01,-6.897217952301160082e-01,-5.688815341841493289e-01,-4.164284345747175653e-01,-2.371491178854510107e-01,-4.399257381050070137e-02,1.411720483042242513e-01,2.895698244528401855e-01,3.716360154246851621e-01,3.716360153921394183e-01,2.895698244092201890e-01,1.411720482313656433e-01,-4.399257390654587319e-02,-2.371491179720003339e-01,-4.164284346691998762e-01,-5.688815342917734608e-01,-6.897217953458488759e-01,-7.800357782761933034e-01,-8.441958385653869357e-01,-8.877633746901193446e-01,-9.161428866427089313e-01,-9.339074852315779607e-01,-9.445909383197369502e-01,-9.507451482602253812e-01,-9.541148218879113019e-01,-9.558383190740461499e-01,-9.566281830987559687e-01,-9.569138389940022860e-01,-9.569451104354896875e-01,-9.568625630384839376e-01,-9.567427961562151584e-01,-9.566262661007264301e-01,-9.565336581965911966e-01,-9.564751162623953418e-01,-9.564551740701288107e-01,-1.000000000000000000e+00,-1.000000000000000000e+00,-1.000000000000000000e+00,-1.000000000000000000e+00,-1.000000000000000000e+00,-1.000000000000000000e+00,-1.000000000000000000e+00,-1.000000000000000000e+00,-1.000000000000000000e+00,-1.000000000000000000e+00,-1.000000000000000000e+00,-1.000000000000000000e+00,-1.000000000000000000e+00,-1.000000000000000000e+00,-1.000000000000000000e+00,-1.000000000000000000e+00,-1.000000000000000000e+00,-1.000000000000000000e+00,-1.000000000000000000e+00,-1.000000000000000000e+00,-1.000000000000000000e+00,-1.000000000000000000e+00,-1.000000000000000000e+00,-1.000000000000000000e+00,-1.000000000000000000e+00,-1.000000000000000000e+00,-1.000000000000000000e+00,-1.000000000000000000e+00,-1.000000000000000000e+00,-1.000000000000000000e+00,-1.000000000000000000e+00,-1.000000000000000000e+00,-1.000000000000000000e+00,-1.000000000000000000e+00,-1.000000000000000000e+00,-1.000000000000000000e+00,-1.000000000000000000e+00,-1.000000000000000000e+00,-1.000000000000000000e+00,-1.000000000000000000e+00,-1.000000000000000000e+00,-1.000000000000000000e+00,-1.000000000000000000e+00,-1.000000000000000000e+00,-1.000000000000000000e+00,-1.000000000000000000e+00
-1.000000000000000000e+00,-1.000000000000000000e+00,-1.000000000000000000e+00,-1.000000000000000000e+00,-1.000000000000000000e+00,-1.000000000000000000e+00,-1.000000000000000000e+00,-1.000000000000000000e+00,-1.000000000000000000e+00,-1.000000000000000000e+00,-1.000000000000000000e+00,-1.000000000000000000e+00,-1.000000000000000000e+00,-1.000000000000000000e+00,-1.000000000000000000e+00,-1.000000000000000000e+00,-1.000000000000000000e+00,-1.000000000000000000e+00,-1.000000000000000000e+00,-1.000000000000000000e+00,-1.000000000000000000e+00,-1.000000000000000000e+00,-1.000000000000000000e+00,-1.000000000000000000e+00,-1.000000000000000000e+00,-1.000000000000000000e+00,-1.000000000000000000e+00,-1.000000000000000000e+00,-1.000000000000000000e+00,-1.000000000000000000e+00,-1.000000000000000000e+00,-1.000000000000000000e+00,-1.000000000000000000e+00,-1.000000000000000000e+00,-1.000000000000000000e+00,-1.000000000000000000e+00,-1.000000000000000000e+00,-1.000000000000000000e+00,-1.000000000000000000e+00,-1.000000000000000000e+00,-1.000000000000000000e+00,-1.000000000000000000e+00,-1.000000000000000000e+00,-1.000000000000000000e+00,-1.000000000000000000e+00,-1.000000000000000000e+00,-9.563305470554408494e-01,-9.563505193985207820e-01,-9.564091529125560154e-01,-9.565019084916873693e-01,-9.566186314577329597e-01,-9.567386191707095699e-01,-9.568213892637278395e-01,-9.567903030910454021e-01,-9.565047342830439447e-01,-9.557147635617551096e-01,-9.539908143852652289e-01,-9.506201053597826967e-01,-9.444639107579587689e-01,-9.337769797825022922e-01,-9.160066366072358024e-01,-8.876180737111162289e-01,-8.440368817505037313e-01,-7.798570962724725719e-01,-6.895159163713967532e-01,-5.686400477994932867e-01,-4.161430220965063320e-01,-2.368132131775217974e-01,-4.360348762253929422e-02,1.416110176409739463e-01,2.900480358545867166e-01,3.721357774649107775e-01,3.721357774356970349e-01,2.900480357946608745e-01,1.416110175520457481e-01,-4.360348773117461718e-02,-2.368132133097727854e-01,-4.161430222121487166e-01,-5.686400479143883802e-01,-6.895159164919952843e-01,-7.798570963839978054e-01,-8.440368818441075227e-01,-8.876180737749661542e-01,-9.160066366486618872e-01,-9.337769798120647557e-01,-9.444639107754981833e-01,-9.506201053981949700e-01,-9.539908144309545701e-01,-9.557147636601155405e-01,-9.565047344340154023e-01,-9.567903033041613714e-01,-9.568213895578999706e-01,-9.567386195220551892e-01,-9.566186318595414351e-01,-9.565019089289323873e-01,-9.564091533767780096e-01,-9.563505198495627635e-01,-9.563305475072436668e-01,-1.000000000000000000e+00,-1.000000000000000000e+00,-1.000000000000000000e+00,-1.000000000000000000e+00,-1.000000000000000000e+00,-1.000000000000000000e+00,-1.000000000000000000e+00,-1.000000000000000000e+00,-1.000000000000000000e+00,-1.000000000000000000e+00,-1.000000000000000000e+00,-1.000000000000000000e+00,-1.000000000000000000e+00,-1.000000000000000000e+00,-1.000000000000000000e+00,-1.000000000000000000e+00,-1.000000000000000000e+00,-1.000000000000000000e+00,-1.000000000000000000e+00,-1.000000000000000000e+00,-1.000000000000000000e+00,-1.000000000000000000e+00,-1.000000000000000000e+00,-1.000000000000000000e+00,-1.000000000000000000e+00,-1.000000000000000000e+00,-1.000000000000000000e+00,-1.000000000000000000e+00,-1.000000000000000000e+00,-1.000000000000000000e+00,-1.000000000000000000e+00,-1.000000000000000000e+00,-1.000000000000000000e+00,-1.000000000000000000e+00,-1.000000000000000000e+00,-1.000000000000000000e+00,-1.000000000000000000e+00,-1.000000000000000000e+00,-1.000000000000000000e+00,-1.000000000000000000e+00,-1.000000000000000000e+00,-1.000000000000000000e+00,-1.000000000000000000e+00,-1.000000000000000000e+00,-1.000000000000000000e+00,-1.000000000000000000e+00
-1.000000000000000000e+00,-1.000000000000000000e+00,-1.000000000000000000e+00,-1.000000000000000000e+00,-1.000000000000000000e+00,-1.000000000000000000e+00,-1.000000000000000000e+00,-1.000000000000000000e+00,-1.000000000000000000e+00,-1.000000000000000000e+00,-1.000000000000000000e+00,-1.000000000000000000e+00,-1.000000000000000000e+00,-1.000000000000000000e+00,-1.000000000000000000e+00,-1.000000000000000000e+00,-1.000000000000000000e+00,-1.000000000000000000e+00,-1.000000000000000000e+00,-1.000000000000000000e+00,-1.000000000000000000e+00,-1.000000000000000000e+00,-1.000000000000000000e+00,-1.000000000000000000e+00,-1.000000000000000000e+00,-1.000000000000000000e+00,-1.000000000000000000e+00,-1.000000000000000000e+00,-1.000000000000000000e+00,-1.000000000000000000e+00,-1.000000000000000000e+00,-1.000000000000000000e+00,-1.000000000000000000e+00,-1.000000000000000000e+00,-1.000000000000000000e+00,-1.000000000000000000e+00,-1.000000000000000000e+00,-1.000000000000000000e+00,-1.000000000000000000e+00,-1.000000000000000000e+00,-1.000000000000000000e+00,-1.000000000000000000e+00,-1.000000000000000000e+00,-1.000000000000000000e+00,-1.000000000000000000e+00,-1.000000000000000000e+00,-9.562076927602495280e-01,-9.562276840252049714e-01,-9.562863739642023519e-01,-9.563792193445609380e-01,-9.564960574411165428e-01,-9.566161724524653298e-01,-9.566990611965987545e-01,-9.566680519501251645e-01,-9.563824648563928887e-01,-9.555922934543876757e-01,-9.538678196879971649e-01,-9.504960364073042900e-01,-9.443378676165210539e-01,-9.336475389263348967e-01,-9.158716274537488378e-01,-8.874743194891872022e-01,-8.438799472393709866e-01,-7.796811252152761051e-01,-6.893136895815499265e-01,-5.684034300365310433e-01,-4.158639587093760914e-01,-2.364853374783840723e-01,-4.322417937954603495e-02,1.420385848989684785e-01,2.905135774320557474e-01,3.726221757032919246e-01,3.726221756864831480e-01,2.905135773559368584e-01,1.420385847841902915e-01,-4.322417949467505238e-02,-2.364853376310133148e-01,-4.158639588552910382e-01,-5.684034301812643797e-01,-6.893136897043856681e-01,-7.796811253337679881e-01,-8.438799473424548614e-01,-8.874743195787639927e-01,-9.158716275147075203e-01,-9.336475389705182204e-01,-9.443378676319621468e-01,-9.504960364350869551e-01,-9.538678197174732531e-01,-9.555922935321333744e-01,-9.563824649874762551e-01,-9.566680521399625325e-01,-9.566990614673049897e-01,-9.566161727755374544e-01,-9.564960578155737858e-01,-9.563792197492431146e-01,-9.562863744062718441e-01,-9.562276844584318702e-01,-9.562076931986284167e-01,-1.000000000000000000e+00,-1.000000000000000000e+00,-1.000000000000000000e+00,-1.000000000000000000e+00,-1.000000000000000000e+00,-1.000000000000000000e+00,-1.000000000000000000e+00,-1.000000000000000000e+00,-1.000000000000000000e+00,-1.000000000000000000e+00,-1.000000000000000000e+00,-1.000000000000000000e+00,-1.000000000000000000e+00,-1.000000000000000000e+00,-1.000000000000000000e+00,-1.000000000000000000e+00,-1.000000000000000000e+00,-1.000000000000000000e+00,-1.000000000000000000e+00,-1.000000000000000000e+00,-1.000000000000000000e+00,-1.000000000000000000e+00,-1.000000000000000000e+00,-1.000000000000000000e+00,-1.000000000000000000e+00,-1.000000000000000000e+00,-1.000000000000000000e+00,-1.000000000000000000e+00,-1.000000000000000000e+00,-1.000000000000000000e+00,-1.000000000000000000e+00,-1.000000000000000000e+00,-1.000000000000000000e+00,-1.000000000000000000e+00,-1.000000000000000000e+00,-1.000000000000000000e+00,-1.000000000000000000e+00,-1.000000000000000000e+00,-1.000000000000000000e+00,-1.000000000000000000e+00,-1.000000000000000000e+00,-1.000000000000000000e+00,-1.000000000000000000e+00,-1.000000000000000000e+00,-1.000000000000000000e+00,-1.000000000000000000e+00
-1.000000000000000000e+00,-1.000000000000000000e+00,-1.000000000000000000e+00,-1.000000000000000000e+00,-1.000000000000000000e+00,-1.000000000000000000e+00,-1.000000000000000000e+00,-1.000000000000000000e+00,-1.000000000000000000e+00,-1.000000000000000000e+00,-1.000000000000000000e+00,-1.000000000000000000e+00,-1.000000000000000000e+00,-1.000000000000000000e+00,-1.000000000000000000e+00,-1.000000000000000000e+00,-1.000000000000000000e+00,-1.000000000000000000e+00,-1.000000000000000000e+00,-1.000000000000000000e+00,-1.000000000000000000e+00,-1.000000000000000000e+00,-1.000000000000000000e+00,-1.000000000000000000e+00,-1.000000000000000000e+00,-1.000000000000000000e+00,-1.000000000000000000e+00,-1.000000000000000000e+00,-1.000000000000000000e+00,-1.000000000000000000e+00,-1.000000000000000000e+00,-1.000000000000000000e+00,-1.000000000000000000e+00,-1.000000000000000000e+00,-1.000000000000000000e+00,-1.000000000000000000e+00,-1.000000000000000000e+00,-1.000000000000000000e+00,-1.000000000000000000e+00,-1.000000000000000000e+00,-1.000000000000000000e+00,-1.000000000000000000e+00,-1.000000000000000000e+00,-1.000000000000000000e+00,-1.000000000000000000e+00,-1.000000000000000000e+00,-9.560871324492051793e-01,-9.561071351315456601e-01,-9.561658586531602833e-01,-9.562587566253699656e-01,-9.563756601591631989e-01,-9.564958430016593516e-01,-9.565787846472914024e-01,-9.565477845367071907e-01,-9.562621144695128139e-01,-9.554716870996886602e-01,-9.537466508285740163e-01,-9.503737832285572562e-01,-9.442136721460497872e-01,-9.335200388307498542e-01,-9.157387391453466474e-01,-8.873329865808111672e-01,-8.437258954136488409e-01,-7.795087035919616714e-01,-6.891159253441705435e-01,-5.681724590958882048e-01,-4.155919885167922434e-01,-2.361662016296287581e-01,-4.285533009870068355e-02,1.424540931303515112e-01,2.909658089503688316e-01,3.730945785375978652e-01,3.730945785225481259e-01,2.909658088645576957e-01,1.424540929909090536e-01,-4.285533025045362709e-02,-2.361662017913871425e-01,-4.155919886656354034e-01,-5.681724592584542766e-01,-6.891159254820619084e-01,-7.795087037269187169e-01,-8.437258955199047339e-01,-8.873329866785403253e-01,-9.157387392117456448e-01,-9.335200388865879662e-01,-9.442136721695187918e-01,-9.503737832573042610e-01,-9.537466508536828202e-01,-9.554716871602946249e-01,-9.562621145795811017e-01,-9.565477846988745814e-01,-9.565787848882134625e-01,-9.564958432951866651e-01,-9.563756605069588801e-01,-9.562587570035558926e-01,-9.561658590743501440e-01,-9.561071355395949212e-01,-9.560871328604231278e-01,-1.000000000000000000e+00,-1.000000000000000000e+00,-1.000000000000000000e+00,-1.000000000000000000e+00,-1.000000000000000000e+00,-1.000000000000000000e+00,-1.000000000000000000e+00,-1.000000000000000000e+00,-1.000000000000000000e+00,-1.000000000000000000e+00,-1.000000000000000000e+00,-1.000000000000000000e+00,-1.000000000000000000e+00,-1.000000000000000000e+00,-1.000000000000000000e+00,-1.000000000000000000e+00,-1.000000000000000000e+00,-1.000000000000000000e+00,-1.000000000000000000e+00,-1.000000000000000000e+00,-1.000000000000000000e+00,-1.000000000000000000e+00,-1.000000000000000000e+00,-1.000000000000000000e+00,-1.000000000000000000e+00,-1.000000000000000000e+00,-1.000000000000000000e+00,-1.000000000000000000e+00,-1.000000000000000000e+00,-1.000000000000000000e+00,-1.000000000000000000e+00,-1.000000000000000000e+00,-1.000000000000000000e+00,-1.000000000000000000e+00,-1.000000000000000000e+00,-1.000000000000000000e+00,-1.000000000000000000e+00,-1.000000000000000000e+00,-1.000000000000000000e+00,-1.000000000000000000e+00,-1.000000000000000000e+00,-1.000000000000000000e+00,-1.000000000000000000e+00,-1.000000000000000000e+00,-1.000000000000000000e+00,-1.000000000000000000e+00
-1.000000000000000000e+00,-1.000000000000000000e+00,-1.000000000000000000e+00,-1.000000000000000000e+00,-1.000000000000000000e+00,-1.000000000000000000e+00,-1.000000000000000000e+00,-1.000000000000000000e+00,-1.000000000000000000e+00,-1.000000000000000000e+00,-1.000000000000000000e+00,-1.000000000000000000e+00,-1.000000000000000000e+00,-1.000000000000000000e+00,-1.000000000000000000e+00,-1.000000000000000000e+00,-1.000000000000000000e+00,-1.000000000000000000e+00,-1.000000000000000000e+00,-1.000000000000000000e+00,-1.000000000000000000e+00,-1.000000000000000000e+00,-1.000000000000000000e+00,-1.000000000000000000e+00,-1.000000000000000000e+00,-1.000000000000000000e+00,-1.000000000000000000e+00,-1.000000000000000000e+00,-1.000000000000000000e+00,-1.000000000000000000e+00,-1.000000000000000000e+00,-1.000000000000000000e+00,-1.000000000000000000e+00,-1.000000000000000000e+00,-1.000000000000000000e+00,-1.000000000000000000e+00,-1.000000000000000000e+00,-1.000000000000000000e+00,-1.000000000000000000e+00,-1.000000000000000000e+00,-1.000000000000000000e+00,-1.000000000000000000e+00,-1.000000000000000000e+00,-1.000000000000000000e+00,-1.000000000000000000e+00,-1.000000000000000000e+00,-9.559692567052610057e-01,-9.559892659274512594e-01,-9.560480084017797253e-01,-9.561409352681298213e-01,-9.562578727474729812e-01,-9.563780859429268366e-01,-9.564610394022456941e-01,-9.564300067137393446e-01,-9.561442151305690196e-01,-9.553535013675445997e-01,-9.536278869550357529e-01,-9.502539434909884619e-01,-9.440919357995470884e-01,-9.333950992735695618e-01,-9.156085938959890314e-01,-8.871946936589943933e-01,-8.435753356848321172e-01,-7.793404264783053703e-01,-6.889232003160554729e-01,-5.679476905013306487e-01,-4.153276448213190086e-01,-2.358563174449435085e-01,-4.249743259524829675e-02,1.428570645703062247e-01,2.914042628548874081e-01,3.735525236549985806e-01,3.735525236219041645e-01,2.914042627688175902e-01,1.428570644503135423e-01,-4.249743276518447299e-02,-2.358563176194654609e-01,-4.153276449796569070e-01,-5.679476906639032707e-01,-6.889232004602232617e-01,-7.793404266313651574e-01,-8.435753358120469114e-01,-8.871946937790693433e-01,-9.156085939750538971e-01,-9.333950993374605654e-01,-9.440919358268901052e-01,-9.502539435179376826e-01,-9.536278869804923897e-01,-9.553535014185897678e-01,-9.561442152304121533e-01,-9.564300068565251278e-01,-9.564610396160824202e-01,-9.563780862057488230e-01,-9.562578730572242058e-01,-9.561409356048348185e-01,-9.560480087801878080e-01,-9.559892662927050866e-01,-9.559692570749084295e-01,-1.000000000000000000e+00,-1.000000000000000000e+00,-1.000000000000000000e+00,-1.000000000000000000e+00,-1.000000000000000000e+00,-1.000000000000000000e+00,-1.000000000000000000e+00,-1.000000000000000000e+00,-1.000000000000000000e+00,-1.000000000000000000e+00,-1.000000000000000000e+00,-1.000000000000000000e+00,-1.000000000000000000e+00,-1.000000000000000000e+00,-1.000000000000000000e+00,-1.000000000000000000e+00,-1.000000000000000000e+00,-1.000000000000000000e+00,-1.000000000000000000e+00,-1.000000000000000000e+00,-1.000000000000000000e+00,-1.000000000000000000e+00,-1.000000000000000000e+00,-1.000000000000000000e+00,-1.000000000000000000e+00,-1.000000000000000000e+00,-1.000000000000000000e+00,-1.000000000000000000e+00,-1.000000000000000000e+00,-1.000000000000000000e+00,-1.000000000000000000e+00,-1.000000000000000000e+00,-1.000000000000000000e+00,-1.000000000000000000e+00,-1.000000000000000000e+00,-1.000000000000000000e+00,-1.000000000000000000e+00,-1.000000000000000000e+00,-1.000000000000000000e+00,-1.000000000000000000e+00,-1.000000000000000000e+00,-1.000000000000000000e+00,-1.000000000000000000e+00,-1.000000000000000000e+00,-1.000000000000000000e+00,-1.000000000000000000e+00
-1.000000000000000000e+00,-1.000000000000000000e+00,-1.000000000000000000e+00,-1.000000000000000000e+00,-1.000000000000000000e+00,-1.000000000000000000e+00,-1.000000000000000000e+00,-1.000000000000000000e+00,-1.000000000000000000e+00,-1.000000000000000000e+00,-1.000000000000000000e+00,-1.000000000000000000e+00,-1.000000000000000000e+00,-1.000000000000000000e+00,-1.000000000000000000e+00,-1.000000000000000000e+00,-1.000000000000000000e+00,-1.000000000000000000e+00,-1.000000000000000000e+00,-1.000000000000000000e+00,-1.000000000000000000e+00,-1.000000000000000000e+00,-1.000000000000000000e+00,-1.000000000000000000e+00,-1.000000000000000000e+00,-1.000000000000000000e+00,-1.000000000000000000e+00,-1.000000000000000000e+00,-1.000000000000000000e+00,-1.000000000000000000e+00,-1.000000000000000000e+00,-1.000000000000000000e+00,-1.000000000000000000e+00,-1.000000000000000000e+00,-1.000000000000000000e+00,-1.000000000000000000e+00,-1.000000000000000000e+00,-1.000000000000000000e+00,-1.000000000000000000e+00,-1.000000000000000000e+00,-1.000000000000000000e+00,-1.000000000000000000e+00,-1.000000000000000000e+00,-1.000000000000000000e+00,-1.000000000000000000e+00,-1.000000000000000000e+00,-9.558543620110881989e-01,-9.558743746586195744e-01,-9.559331268360841127e-01,-9.560260676876656261e-01,-9.561430193990353432e-01,-9.562632396531232093e-01,-9.563461797123594677e-01,-9.563150895007669350e-01,-9.560291546648361782e-01,-9.552381400577576454e-01,-9.535119461791623507e-01,-9.501369471927987309e-01,-9.439730974040649869e-01,-9.332731643738512162e-01,-9.154816372874738928e-01,-8.870598838630753269e-01,-8.434287049857244201e-01,-7.791767212441240709e-01,-6.887359296029881284e-01,-5.677295253310792322e-01,-4.150713140604362916e-01,-2.355560573777720768e-01,-4.215084722547768337e-02,1.432471481818029524e-01,2.918285941945881756e-01,3.739956691732093663e-01,3.739956691214194606e-01,2.918285940921476751e-01,1.432471480603068059e-01,-4.215084739315755336e-02,-2.355560575483909291e-01,-4.150713142418160917e-01,-5.677295255079286562e-01,-6.887359297630342159e-01,-7.791767213985029139e-01,-8.434287051137976388e-01,-8.870598839839602956e-01,-9.154816373728604795e-01,-9.332731644463119203e-01,-9.439730974433978572e-01,-9.501369472258160975e-01,-9.535119462134724611e-01,-9.552381401075931144e-01,-9.560291547641759369e-01,-9.563150896357002217e-01,-9.563461799104949757e-01,-9.562632398970558611e-01,-9.561430196802245263e-01,-9.560260679959979857e-01,-9.559331271836928323e-01,-9.558743749953734214e-01,-9.558543623516352339e-01,-1.000000000000000000e+00,-1.000000000000000000e+00,-1.000000000000000000e+00,-1.000000000000000000e+00,-1.000000000000000000e+00,-1.000000000000000000e+00,-1.000000000000000000e+00,-1.000000000000000000e+00,-1.000000000000000000e+00,-1.000000000000000000e+00,-1.000000000000000000e+00,-1.000000000000000000e+00,-1.000000000000000000e+00,-1.000000000000000000e+00,-1.000000000000000000e+00,-1.000000000000000000e+00,-1.000000000000000000e+00,-1.000000000000000000e+00,-1.000000000000000000e+00,-1.000000000000000000e+00,-1.000000000000000000e+00,-1.000000000000000000e+00,-1.000000000000000000e+00,-1.000000000000000000e+00,-1.000000000000000000e+00,-1.000000000000000000e+00,-1.000000000000000000e+00,-1.000000000000000000e+00,-1.000000000000000000e+00,-1.000000000000000000e+00,-1.000000000000000000e+00,-1.000000000000000000e+00,-1.000000000000000000e+00,-1.000000000000000000e+00,-1.000000000000000000e+00,-1.000000000000000000e+00,-1.000000000000000000e+00,-1.000000000000000000e+00,-1.000000000000000000e+00,-1.000000000000000000e+00,-1.000000000000000000e+00,-1.000000000000000000e+00,-1.000000000000000000e+00,-1.000000000000000000e+00,-1.000000000000000000e+00,-1.000000000000000000e+00
-1.000000000000000000e+00,-1.000000000000000000e+00,-1.000000000000000000e+00,-1.000000000000000000e+00,-1.000000000000000000e+00,-1.000000000000000000e+00,-1.000000000000000000e+00,-1.000000000000000000e+00,-1.000000000000000000e+00,-1.000000000000000000e+00,-1.000000000000000000e+00,-1.000000000000000000e+00,-1.000000000000000000e+00,-1.000000000000000000e+00,-1.000000000000000000e+00,-1.000000000000000000e+00,-1.000000000000000000e+00,-1.000000000000000000e+00,-1.000000000000000000e+00,-1.000000000000000000e+00,-1.000000000000000000e+00,-1.000000000000000000e+00,-1.000000000000000000e+00,-1.000000000000000000e+00,-1.000000000000000000e+00,-1.000000000000000000e+00,-1.000000000000000000e+00,-1.000000000000000000e+00,-1.000000000000000000e+00,-1.000000000000000000e+00,-1.000000000000000000e+00,-1.000000000000000000e+00,-1.000000000000000000e+00,-1.000000000000000000e+00,-1.000000000000000000e+00,-1.000000000000000000e+00,-1.000000000000000000e+00,-1.000000000000000000e+00,-1.000000000000000000e+00,-1.000000000000000000e+00,-1.000000000000000000e+00,-1.000000000000000000e+00,-1.000000000000000000e+00,-1.000000000000000000e+00,-1.000000000000000000e+00,-1.000000000000000000e+00,-9.557426774554576010e-01,-9.557626915764251274e-01,-9.558214476941788718e-01,-9.559143932859955894e-01,-9.560313470884486131e-01,-9.561515602196177799e-01,-9.562344718540539690e-01,-9.562033099251376900e-01,-9.559172208645959623e-01,-9.551259011836389368e-01,-9.533991356640530990e-01,-9.500231090844986070e-01,-9.438574773229178039e-01,-9.331545578090231219e-01,-9.153581938030566079e-01,-8.869288799019380276e-01,-8.432863217493098418e-01,-7.790178998042065484e-01,-6.885544168171808810e-01,-5.675182577630635272e-01,-4.148232806951646090e-01,-2.352656967814681366e-01,-4.181584172720897996e-02,1.436240818289347132e-01,2.922385442826884727e-01,3.744237580558529288e-01,3.744237580282574474e-01,2.922385442044366233e-01,1.436240816971168233e-01,-4.181584188617426534e-02,-2.352656969328738024e-01,-4.148232808693748108e-01,-5.675182579315767306e-01,-6.885544169946844484e-01,-7.790178999706974805e-01,-8.432863218975042985e-01,-8.869288800306439624e-01,-9.153581938977740640e-01,-9.331545578837376897e-01,-9.438574773702591569e-01,-9.500231091212348877e-01,-9.533991357080381368e-01,-9.551259012350856725e-01,-9.559172209621568106e-01,-9.562033100490164861e-01,-9.562344720294919664e-01,-9.561515604370401933e-01,-9.560313473350297020e-01,-9.559143935638857448e-01,-9.558214480092623866e-01,-9.557626918853397990e-01,-9.557426777655432248e-01,-1.000000000000000000e+00,-1.000000000000000000e+00,-1.000000000000000000e+00,-1.000000000000000000e+00,-1.000000000000000000e+00,-1.000000000000000000e+00,-1.000000000000000000e+00,-1.000000000000000000e+00,-1.000000000000000000e+00,-1.000000000000000000e+00,-1.000000000000000000e+00,-1.000000000000000000e+00,-1.000000000000000000e+00,-1.000000000000000000e+00,-1.000000000000000000e+00,-1.000000000000000000e+00,-1.000000000000000000e+00,-1.000000000000000000e+00,-1.000000000000000000e+00,-1.000000000000000000e+00,-1.000000000000000000e+00,-1.000000000000000000e+00,-1.000000000000000000e+00,-1.000000000000000000e+00,-1.000000000000000000e+00,-1.000000000000000000e+00,-1.000000000000000000e+00,-1.000000000000000000e+00,-1.000000000000000000e+00,-1.000000000000000000e+00,-1.000000000000000000e+00,-1.000000000000000000e+00,-1.000000000000000000e+00,-1.000000000000000000e+00,-1.000000000000000000e+00,-1.000000000000000000e+00,-1.000000000000000000e+00,-1.000000000000000000e+00,-1.000000000000000000e+00,-1.000000000000000000e+00,-1.000000000000000000e+00,-1.000000000000000000e+00,-1.000000000000000000e+00,-1.000000000000000000e+00,-1.000000000000000000e+00,-1.000000000000000000e+00
-1.000000000000000000e+00,-1.000000000000000000e+00,-1.000000000000000000e+00,-1.000000000000000000e+00,-1.000000000000000000e+00,-1.000000000000000000e+00,-1.000000000000000000e+00,-1.000000000000000000e+00,-1.000000000000000000e+00,-1.000000000000000000e+00,-1.000000000000000000e+00,-1.000000000000000000e+00,-1.000000000000000000e+00,-1.000000000000000000e+00,-1.000000000000000000e+00,-1.000000000000000000e+00,-1.000000000000000000e+00,-1.000000000000000000e+00,-1.000000000000000000e+00,-1.000000000000000000e+00,-1.000000000000000000e+00,-1.000000000000000000e+00,-1.000000000000000000e+00,-1.000000000000000000e+00,-1.000000000000000000e+00,-1.000000000000000000e+00,-1.000000000000000000e+00,-1.000000000000000000e+00,-1.000000000000000000e+00,-1.000000000000000000e+00,-1.000000000000000000e+00,-1.000000000000000000e+00,-1.000000000000000000e+00,-1.000000000000000000e+00,-1.000000000000000000e+00,-1.000000000000000000e+00,-1.000000000000000000e+00,-1.000000000000000000e+00,-1.000000000000000000e+00,-1.000000000000000000e+00,-1.000000000000000000e+00,-1.000000000000000000e+00,-1.000000000000000000e+00,-1.000000000000000000e+00,-1.000000000000000000e+00,-1.000000000000000000e+00,-9.556343836395780889e-01,-9.556543980409667460e-01,-9.557131545871734302e-01,-9.558060993145471862e-01,-9.559230479156297644e-01,-9.560432455664518159e-01,-9.561261202617196142e-01,-9.560948792902665971e-01,-9.558086319126971597e-01,-9.550170094562498990e-01,-9.532896859538219081e-01,-9.499126645263458180e-01,-9.437453144437670804e-01,-9.330395204859167624e-01,-9.152385047145585872e-01,-8.868019216899143409e-01,-8.431484228564113392e-01,-7.788641944891070423e-01,-6.883788885618857822e-01,-5.673141079621732974e-01,-4.145837583996976328e-01,-2.349854434346552168e-01,-4.149261921284930210e-02,1.439876655217839918e-01,2.926339148482044461e-01,3.748365927543919618e-01,3.748365927418670918e-01,2.926339147832708321e-01,1.439876653957552488e-01,-4.149261935652182043e-02,-2.349854435965930133e-01,-4.145837585812488513e-01,-5.673141081274846176e-01,-6.883788887402910728e-01,-7.788641946434057273e-01,-8.431484230067185504e-01,-8.868019218158676997e-01,-9.152385048219117136e-01,-9.330395205692955107e-01,-9.437453145089872431e-01,-9.499126645734913277e-01,-9.532896860102145764e-01,-9.550170095134102866e-01,-9.558086320117736845e-01,-9.560948794123380612e-01,-9.561261204253261869e-01,-9.560432457684092666e-01,-9.559230481358000908e-01,-9.558060995646208147e-01,-9.557131548690077638e-01,-9.556543983229900396e-01,-9.556343839199414880e-01,-1.000000000000000000e+00,-1.000000000000000000e+00,-1.000000000000000000e+00,-1.000000000000000000e+00,-1.000000000000000000e+00,-1.000000000000000000e+00,-1.000000000000000000e+00,-1.000000000000000000e+00,-1.000000000000000000e+00,-1.000000000000000000e+00,-1.000000000000000000e+00,-1.000000000000000000e+00,-1.000000000000000000e+00,-1.000000000000000000e+00,-1.000000000000000000e+00,-1.000000000000000000e+00,-1.000000000000000000e+00,-1.000000000000000000e+00,-1.000000000000000000e+00,-1.000000000000000000e+00,-1.000000000000000000e+00,-1.000000000000000000e+00,-1.000000000000000000e+00,-1.000000000000000000e+00,-1.000000000000000000e+00,-1.000000000000000000e+00,-1.000000000000000000e+00,-1.000000000000000000e+00,-1.000000000000000000e+00,-1.000000000000000000e+00,-1.000000000000000000e+00,-1.000000000000000000e+00,-1.000000000000000000e+00,-1.000000000000000000e+00,-1.000000000000000000e+00,-1.000000000000000000e+00,-1.000000000000000000e+00,-1.000000000000000000e+00,-1.000000000000000000e+00,-1.000000000000000000e+00,-1.000000000000000000e+00,-1.000000000000000000e+00,-1.000000000000000000e+00,-1.000000000000000000e+00,-1.000000000000000000e+00,-1.000000000000000000e+00
-1.000000000000000000e+00,-1.000000000000000000e+00,-1.000000000000000000e+00,-1.000000000000000000e+00,-1.000000000000000000e+00,-1.000000000000000000e+00,-1.000000000000000000e+00,-1.000000000000000000e+00,-1.000000000000000000e+00,-1.000000000000000000e+00,-1.000000000000000000e+00,-1.000000000000000000e+00,-1.000000000000000000e+00,-1.000000000000000000e+00,-1.000000000000000000e+00,-1.000000000000000000e+00,-1.000000000000000000e+00,-1.000000000000000000e+00,-1.000000000000000000e+00,-1.000000000000000000e+00,-1.000000000000000000e+00,-1.000000000000000000e+00,-1.000000000000000000e+00,-1.000000000000000000e+00,-1.000000000000000000e+00,-1.000000000000000000e+00,-1.000000000000000000e+00,-1.000000000000000000e+00,-1.000000000000000000e+00,-1.000000000000000000e+00,-1.000000000000000000e+00,-1.000000000000000000e+00,-1.000000000000000000e+00,-1.000000000000000000e+00,-1.000000000000000000e+00,-1.000000000000000000e+00,-1.000000000000000000e+00,-1.000000000000000000e+00,-1.000000000000000000e+00,-1.000000000000000000e+00,-1.000000000000000000e+00,-1.000000000000000000e+00,-1.000000000000000000e+00,-1.000000000000000000e+00,-1.000000000000000000e+00,-1.000000000000000000e+00,-9.555296262050299028e-01,-9.555496401756138347e-01,-9.556083950703250229e-01,-9.557013356516594893e-01,-9.558182748575723142e-01,-9.559384523898637465e-01,-9.560212857838202849e-01,-9.559899628163637253e-01,-9.557035573970715792e-01,-9.549116385993774436e-01,-9.531837744554948477e-01,-9.498057939467212663e-01,-9.436367913711923849e-01,-9.329282361822539560e-01,-9.151227538673384343e-01,-8.866791919709247072e-01,-8.430151888187682463e-01,-7.787157825506734188e-01,-6.882095180714319360e-01,-5.671172447373373782e-01,-4.143529116669513179e-01,-2.347154581234823789e-01,-4.118133778604815554e-02,1.443377425941905212e-01,2.930145497510421304e-01,3.752340173262753709e-01,3.752340172974104604e-01,2.930145496711136222e-01,1.443377424969387590e-01,-4.118133789032030201e-02,-2.347154582669210843e-01,-4.143529118222647467e-01,-5.671172448985165593e-01,-6.882095182534196942e-01,-7.787157827085778861e-01,-8.430151889812307342e-01,-8.866791920997985077e-01,-9.151227539868418415e-01,-9.329282362699420350e-01,-9.436367914501281318e-01,-9.498057940025665946e-01,-9.531837745225882896e-01,-9.549116386623257569e-01,-9.557035574930231592e-01,-9.559899629327365256e-01,-9.560212859320178502e-01,-9.559384525779145436e-01,-9.558182750600242583e-01,-9.557013358863321040e-01,-9.556083953322183078e-01,-9.555496404420318335e-01,-9.555296264635495529e-01,-1.000000000000000000e+00,-1.000000000000000000e+00,-1.000000000000000000e+00,-1.000000000000000000e+00,-1.000000000000000000e+00,-1.000000000000000000e+00,-1.000000000000000000e+00,-1.000000000000000000e+00,-1.000000000000000000e+00,-1.000000000000000000e+00,-1.000000000000000000e+00,-1.000000000000000000e+00,-1.000000000000000000e+00,-1.000000000000000000e+00,-1.000000000000000000e+00,-1.000000000000000000e+00,-1.000000000000000000e+00,-1.000000000000000000e+00,-1.000000000000000000e+00,-1.000000000000000000e+00,-1.000000000000000000e+00,-1.000000000000000000e+00,-1.000000000000000000e+00,-1.000000000000000000e+00,-1.000000000000000000e+00,-1.000000000000000000e+00,-1.000000000000000000e+00,-1.000000000000000000e+00,-1.000000000000000000e+00,-1.000000000000000000e+00,-1.000000000000000000e+00,-1.000000000000000000e+00,-1.000000000000000000e+00,-1.000000000000000000e+00,-1.000000000000000000e+00,-1.000000000000000000e+00,-1.000000000000000000e+00,-1.000000000000000000e+00,-1.000000000000000000e+00,-1.000000000000000000e+00,-1.000000000000000000e+00,-1.000000000000000000e+00,-1.000000000000000000e+00,-1.000000000000000000e+00,-1.000000000000000000e+00,-1.000000000000000000e+00
-1.000000000000000000e+00,-1.000000000000000000e+00,-1.000000000000000000e+00,-1.000000000000000000e+00,-1.000000000000000000e+00,-1.000000000000000000e+00,-1.000000000000000000e+00,-1.000000000000000000e+00,-1.000000000000000000e+00,-1.000000000000000000e+00,-1.000000000000000000e+00,-1.000000000000000000e+00,-1.000000000000000000e+00,-1.000000000000000000e+00,-1.000000000000000000e+00,-1.000000000000000000e+00,-1.000000000000000000e+00,-1.000000000000000000e+00,-1.000000000000000000e+00,-1.000000000000000000e+00,-1.000000000000000000e+00,-1.000000000000000000e+00,-1.000000000000000000e+00,-1.000000000000000000e+00,-1.000000000000000000e+00,-1.000000000000000000e+00,-1.000000000000000000e+00,-1.000000000000000000e+00,-1.000000000000000000e+00,-1.000000000000000000e+00,-1.000000000000000000e+00,-1.000000000000000000e+00,-1.000000000000000000e+00,-1.000000000000000000e+00,-1.000000000000000000e+00,-1.000000000000000000e+00,-1.000000000000000000e+00,-1.000000000000000000e+00,-1.000000000000000000e+00,-1.000000000000000000e+00,-1.000000000000000000e+00,-1.000000000000000000e+00,-1.000000000000000000e+00,-1.000000000000000000e+00,-1.000000000000000000e+00,-1.000000000000000000e+00,-9.554285253891954266e-01,-9.554485385310533818e-01,-9.555072906109408626e-01,-9.556002252343088754e-01,-9.557171528030465879e-01,-9.558373079175759290e-01,-9.559200982612743314e-01,-9.558886931007539722e-01,-9.556021326682649919e-01,-9.548099265653540169e-01,-9.530815414236034622e-01,-9.497026394652442471e-01,-9.435320515321996560e-01,-9.328208489606312215e-01,-9.150110852163833020e-01,-8.865608337883593704e-01,-8.428867609928744065e-01,-7.785728029541861828e-01,-6.880464414323291811e-01,-5.669278011026033237e-01,-4.141308706468839196e-01,-2.344558687816948872e-01,-4.088212404339686135e-02,1.446741867807379567e-01,2.933803223624762424e-01,3.756159048665110856e-01,3.756159048483493912e-01,2.933803223154778372e-01,1.446741867102452339e-01,-4.088212415197678418e-02,-2.344558689199830459e-01,-4.141308707778301734e-01,-5.669278012562444236e-01,-6.880464415946576651e-01,-7.785728031048200215e-01,-8.428867611536795534e-01,-8.865608339207855515e-01,-9.150110853500229569e-01,-9.328208490613006942e-01,-9.435320516305846228e-01,-9.497026395351052530e-01,-9.530815415018314418e-01,-9.548099266352225722e-01,-9.556021327619725891e-01,-9.558886932175860718e-01,-9.559200984026857695e-01,-9.558373080984741144e-01,-9.557171529901442586e-01,-9.556002254501461124e-01,-9.555072908455031211e-01,-9.554485387743117952e-01,-9.554285256212745603e-01,-1.000000000000000000e+00,-1.000000000000000000e+00,-1.000000000000000000e+00,-1.000000000000000000e+00,-1.000000000000000000e+00,-1.000000000000000000e+00,-1.000000000000000000e+00,-1.000000000000000000e+00,-1.000000000000000000e+00,-1.000000000000000000e+00,-1.000000000000000000e+00,-1.000000000000000000e+00,-1.000000000000000000e+00,-1.000000000000000000e+00,-1.000000000000000000e+00,-1.000000000000000000e+00,-1.000000000000000000e+00,-1.000000000000000000e+00,-1.000000000000000000e+00,-1.000000000000000000e+00,-1.000000000000000000e+00,-1.000000000000000000e+00,-1.000000000000000000e+00,-1.000000000000000000e+00,-1.000000000000000000e+00,-1.000000000000000000e+00,-1.000000000000000000e+00,-1.000000000000000000e+00,-1.000000000000000000e+00,-1.000000000000000000e+00,-1.000000000000000000e+00,-1.000000000000000000e+00,-1.000000000000000000e+00,-1.000000000000000000e+00,-1.000000000000000000e+00,-1.000000000000000000e+00,-1.000000000000000000e+00,-1.000000000000000000e+00,-1.000000000000000000e+00,-1.000000000000000000e+00,-1.000000000000000000e+00,-1.000000000000000000e+00,-1.000000000000000000e+00,-1.000000000000000000e+00,-1.000000000000000000e+00,-1.000000000000000000e+00
-1.000000000000000000e+00,-1.000000000000000000e+00,-1.000000000000000000e+00,-1.000000000000000000e+00,-1.000000000000000000e+00,-1.000000000000000000e+00,-1.000000000000000000e+00,-1.000000000000000000e+00,-1.000000000000000000e+00,-1.000000000000000000e+00,-1.000000000000000000e+00,-1.000000000000000000e+00,-1.000000000000000000e+00,-1.000000000000000000e+00,-1.000000000000000000e+00,-1.000000000000000000e+00,-1.000000000000000000e+00,-1.000000000000000000e+00,-1.000000000000000000e+00,-1.000000000000000000e+00,-1.000000000000000000e+00,-1.000000000000000000e+00,-1.000000000000000000e+00,-1.000000000000000000e+00,-1.000000000000000000e+00,-1.000000000000000000e+00,-1.000000000000000000e+00,-1.000000000000000000e+00,-1.000000000000000000e+00,-1.000000000000000000e+00,-1.000000000000000000e+00,-1.000000000000000000e+00,-1.000000000000000000e+00,-1.000000000000000000e+00,-1.000000000000000000e+00,-1.000000000000000000e+00,-1.000000000000000000e+00,-1.000000000000000000e+00,-1.000000000000000000e+00,-1.000000000000000000e+00,-1.000000000000000000e+00,-1.000000000000000000e+00,-1.000000000000000000e+00,-1.000000000000000000e+00,-1.000000000000000000e+00,-1.000000000000000000e+00,-9.553311827176492743e-01,-9.553511948239182816e-01,-9.554099434972234128e-01,-9.555028712793899315e-01,-9.556197862073071425e-01,-9.557399180857492071e-01,-9.558226652747505714e-01,-9.557911794505398184e-01,-9.555044687499932854e-01,-9.547119859945680798e-01,-9.529831009165876665e-01,-9.496033162646472237e-01,-9.434312108553474241e-01,-9.327174750311936213e-01,-9.149036147388789342e-01,-8.864469623265474052e-01,-8.427632532339960347e-01,-7.784353677600921451e-01,-6.878897686127891653e-01,-5.667458849144264565e-01,-4.139177413584542720e-01,-2.342067802692329170e-01,-4.059508251268795220e-02,1.449968931554626028e-01,2.937311269011493309e-01,3.759821489566952391e-01,3.759821489497630065e-01,2.937311268768252326e-01,1.449968931013099205e-01,-4.059508259470101521e-02,-2.342067803602781995e-01,-4.139177414667887245e-01,-5.667458850653530611e-01,-6.878897687635743274e-01,-7.784353679196541753e-01,-8.427632533944493520e-01,-8.864469624667040693e-01,-9.149036148774239985e-01,-9.327174751403761732e-01,-9.434312109649023448e-01,-9.496033163473954763e-01,-9.529831010060676455e-01,-9.547119860764343713e-01,-9.555044688465766933e-01,-9.557911795722483506e-01,-9.558226654138270995e-01,-9.557399182633543600e-01,-9.556197863864455133e-01,-9.555028714887912056e-01,-9.554099437204466305e-01,-9.553511950567792343e-01,-9.553311829350770168e-01,-1.000000000000000000e+00,-1.000000000000000000e+00,-1.000000000000000000e+00,-1.000000000000000000e+00,-1.000000000000000000e+00,-1.000000000000000000e+00,-1.000000000000000000e+00,-1.000000000000000000e+00,-1.000000000000000000e+00,-1.000000000000000000e+00,-1.000000000000000000e+00,-1.000000000000000000e+00,-1.000000000000000000e+00,-1.000000000000000000e+00,-1.000000000000000000e+00,-1.000000000000000000e+00,-1.000000000000000000e+00,-1.000000000000000000e+00,-1.000000000000000000e+00,-1.000000000000000000e+00,-1.000000000000000000e+00,-1.000000000000000000e+00,-1.000000000000000000e+00,-1.000000000000000000e+00,-1.000000000000000000e+00,-1.000000000000000000e+00,-1.000000000000000000e+00,-1.000000000000000000e+00,-1.000000000000000000e+00,-1.000000000000000000e+00,-1.000000000000000000e+00,-1.000000000000000000e+00,-1.000000000000000000e+00,-1.000000000000000000e+00,-1.000000000000000000e+00,-1.000000000000000000e+00,-1.000000000000000000e+00,-1.000000000000000000e+00,-1.000000000000000000e+00,-1.000000000000000000e+00,-1.000000000000000000e+00,-1.000000000000000000e+00,-1.000000000000000000e+00,-1.000000000000000000e+00,-1.000000000000000000e+00,-1.000000000000000000e+00
-1.000000000000000000e+00,-1.000000000000000000e+00,-1.000000000000000000e+00,-1.000000000000000000e+00,-1.000000000000000000e+00,-1.000000000000000000e+00,-1.000000000000000000e+00,-1.000000000000000000e+00,-1.000000000000000000e+00,-1.000000000000000000e+00,-1.000000000000000000e+00,-1.000000000000000000e+00,-1.000000000000000000e+00,-1.000000000000000000e+00,-1.000000000000000000e+00,-1.000000000000000000e+00,-1.000000000000000000e+00,-1.000000000000000000e+00,-1.000000000000000000e+00,-1.000000000000000000e+00,-1.000000000000000000e+00,-1.000000000000000000e+00,-1.000000000000000000e+00,-1.000000000000000000e+00,-1.000000000000000000e+00,-1.000000000000000000e+00,-1.000000000000000000e+00,-1.000000000000000000e+00,-1.000000000000000000e+00,-1.000000000000000000e+00,-1.000000000000000000e+00,-1.000000000000000000e+00,-1.000000000000000000e+00,-1.000000000000000000e+00,-1.000000000000000000e+00,-1.000000000000000000e+00,-1.000000000000000000e+00,-1.000000000000000000e+00,-1.000000000000000000e+00,-1.000000000000000000e+00,-1.000000000000000000e+00,-1.000000000000000000e+00,-1.000000000000000000e+00,-1.000000000000000000e+00,-1.000000000000000000e+00,-1.000000000000000000e+00,-9.552376858149494998e-01,-9.552576968014915293e-01,-9.553164418351547393e-01,-9.554093624640851434e-01,-9.555262645048976378e-01,-9.556463732376058173e-01,-9.557290781786182965e-01,-9.556975142805164136e-01,-9.554106591036661822e-01,-9.546179113238556502e-01,-9.528885482115044825e-01,-9.495079202651712791e-01,-9.433343656488157869e-01,-9.326182107739102722e-01,-9.148004385265008365e-01,-8.863376729994072445e-01,-8.426447598935283834e-01,-7.783035699542123487e-01,-6.877395910511434618e-01,-5.665715861624152083e-01,-4.137136126693836680e-01,-2.339682809729790591e-01,-4.032030196804858857e-02,1.453057719091976896e-01,2.940668723635200266e-01,3.763326578545767021e-01,3.763326578447598880e-01,2.940668723365331694e-01,1.453057718700074830e-01,-4.032030201064518149e-02,-2.339682810330954155e-01,-4.137136127709527544e-01,-5.665715862905222888e-01,-6.877395911819923491e-01,-7.783035701137409612e-01,-8.426447600457950271e-01,-8.863376731514377438e-01,-9.148004386705487212e-01,-9.326182108998954945e-01,-9.433343657703219254e-01,-9.495079203640214294e-01,-9.528885483105784537e-01,-9.546179114181936320e-01,-9.554106592046074375e-01,-9.556975144067854089e-01,-9.557290783148029156e-01,-9.556463734078566308e-01,-9.555262646703974738e-01,-9.554093626584133636e-01,-9.553164420415141134e-01,-9.552576970212039997e-01,-9.552376860195243014e-01,-1.000000000000000000e+00,-1.000000000000000000e+00,-1.000000000000000000e+00,-1.000000000000000000e+00,-1.000000000000000000e+00,-1.000000000000000000e+00,-1.000000000000000000e+00,-1.000000000000000000e+00,-1.000000000000000000e+00,-1.000000000000000000e+00,-1.000000000000000000e+00,-1.000000000000000000e+00,-1.000000000000000000e+00,-1.000000000000000000e+00,-1.000000000000000000e+00,-1.000000000000000000e+00,-1.000000000000000000e+00,-1.000000000000000000e+00,-1.000000000000000000e+00,-1.000000000000000000e+00,-1.000000000000000000e+00,-1.000000000000000000e+00,-1.000000000000000000e+00,-1.000000000000000000e+00,-1.000000000000000000e+00,-1.000000000000000000e+00,-1.000000000000000000e+00,-1.000000000000000000e+00,-1.000000000000000000e+00,-1.000000000000000000e+00,-1.000000000000000000e+00,-1.000000000000000000e+00,-1.000000000000000000e+00,-1.000000000000000000e+00,-1.000000000000000000e+00,-1.000000000000000000e+00,-1.000000000000000000e+00,-1.000000000000000000e+00,-1.000000000000000000e+00,-1.000000000000000000e+00,-1.000000000000000000e+00,-1.000000000000000000e+00,-1.000000000000000000e+00,-1.000000000000000000e+00,-1.000000000000000000e+00,-1.000000000000000000e+00
-1.000000000000000000e+00,-1.000000000000000000e+00,-1.000000000000000000e+00,-1.000000000000000000e+00,-1.000000000000000000e+00,-1.000000000000000000e+00,-1.000000000000000000e+00,-1.000000000000000000e+00,-1.000000000000000000e+00,-1.000000000000000000e+00,-1.000000000000000000e+00,-1.000000000000000000e+00,-1.000000000000000000e+00,-1.000000000000000000e+00,-1.000000000000000000e+00,-1.000000000000000000e+00,-1.000000000000000000e+00,-1.000000000000000000e+00,-1.000000000000000000e+00,-1.000000000000000000e+00,-1.000000000000000000e+00,-1.000000000000000000e+00,-1.000000000000000000e+00,-1.000000000000000000e+00,-1.000000000000000000e+00,-1.000000000000000000e+00,-1.000000000000000000e+00,-1.000000000000000000e+00,-1.000000000000000000e+00,-1.000000000000000000e+00,-1.000000000000000000e+00,-1.000000000000000000e+00,-1.000000000000000000e+00,-1.000000000000000000e+00,-1.000000000000000000e+00,-1.000000000000000000e+00,-1.000000000000000000e+00,-1.000000000000000000e+00,-1.000000000000000000e+00,-1.000000000000000000e+00,-1.000000000000000000e+00,-1.000000000000000000e+00,-1.000000000000000000e+00,-1.000000000000000000e+00,-1.000000000000000000e+00,-1.000000000000000000e+00,-9.551481116721602938e-01,-9.551681215264956615e-01,-9.552268629035216563e-01,-9.553197764203090747e-01,-9.554366657955084552e-01,-9.555567520290807471e-01,-9.556394162429686645e-01,-9.556077775020312970e-01,-9.553207842700013330e-01,-9.545277836743824018e-01,-9.527979649154707520e-01,-9.494165334213349183e-01,-9.432415980273208822e-01,-9.325231382372556332e-01,-9.147016382924015865e-01,-8.862330469139696465e-01,-8.425313611948435089e-01,-7.781774886999517360e-01,-6.875959867680104809e-01,-5.664049819012709763e-01,-4.135185610951848112e-01,-2.337404474331641335e-01,-4.005785973070041805e-02,1.456007442652131889e-01,2.943874783980511278e-01,3.766673502860007350e-01,3.766673502913566729e-01,2.943874784080453555e-01,1.456007442673097341e-01,-4.005785974844244812e-02,-2.337404474878371774e-01,-4.135185611819195417e-01,-5.664049820009280367e-01,-6.875959868968342104e-01,-7.781774888579742200e-01,-8.425313613401590462e-01,-8.862330470730999110e-01,-9.147016384334267780e-01,-9.325231383740034685e-01,-9.432415981518408321e-01,-9.494165335347387602e-01,-9.527979650239718490e-01,-9.545277837861425585e-01,-9.553207843840698654e-01,-9.556077776407654323e-01,-9.556394163846055889e-01,-9.555567521974345224e-01,-9.554366659553356067e-01,-9.553197766064708274e-01,-9.552268631028111301e-01,-9.551681217402542279e-01,-9.551481118708553542e-01,-1.000000000000000000e+00,-1.000000000000000000e+00,-1.000000000000000000e+00,-1.000000000000000000e+00,-1.000000000000000000e+00,-1.000000000000000000e+00,-1.000000000000000000e+00,-1.000000000000000000e+00,-1.000000000000000000e+00,-1.000000000000000000e+00,-1.000000000000000000e+00,-1.000000000000000000e+00,-1.000000000000000000e+00,-1.000000000000000000e+00,-1.000000000000000000e+00,-1.000000000000000000e+00,-1.000000000000000000e+00,-1.000000000000000000e+00,-1.000000000000000000e+00,-1.000000000000000000e+00,-1.000000000000000000e+00,-1.000000000000000000e+00,-1.000000000000000000e+00,-1.000000000000000000e+00,-1.000000000000000000e+00,-1.000000000000000000e+00,-1.000000000000000000e+00,-1.000000000000000000e+00,-1.000000000000000000e+00,-1.000000000000000000e+00,-1.000000000000000000e+00,-1.000000000000000000e+00,-1.000000000000000000e+00,-1.000000000000000000e+00,-1.000000000000000000e+00,-1.000000000000000000e+00,-1.000000000000000000e+00,-1.000000000000000000e+00,-1.000000000000000000e+00,-1.000000000000000000e+00,-1.000000000000000000e+00,-1.000000000000000000e+00,-1.000000000000000000e+00,-1.000000000000000000e+00,-1.000000000000000000e+00,-1.000000000000000000e+00
-1.000000000000000000e+00,-1.000000000000000000e+00,-1.000000000000000000e+00,-1.000000000000000000e+00,-1.000000000000000000e+00,-1.000000000000000000e+00,-1.000000000000000000e+00,-1.000000000000000000e+00,-1.000000000000000000e+00,-1.000000000000000000e+00,-1.000000000000000000e+00,-1.000000000000000000e+00,-1.000000000000000000e+00,-1.000000000000000000e+00,-1.000000000000000000e+00,-1.000000000000000000e+00,-1.000000000000000000e+00,-1.000000000000000000e+00,-1.000000000000000000e+00,-1.000000000000000000e+00,-1.000000000000000000e+00,-1.000000000000000000e+00,-1.000000000000000000e+00,-1.000000000000000000e+00,-1.000000000000000000e+00,-1.000000000000000000e+00,-1.000000000000000000e+00,-1.000000000000000000e+00,-1.000000000000000000e+00,-1.000000000000000000e+00,-1.000000000000000000e+00,-1.000000000000000000e+00,-1.000000000000000000e+00,-1.000000000000000000e+00,-1.000000000000000000e+00,-1.000000000000000000e+00,-1.000000000000000000e+00,-1.000000000000000000e+00,-1.000000000000000000e+00,-1.000000000000000000e+00,-1.000000000000000000e+00,-1.000000000000000000e+00,-1.000000000000000000e+00,-1.000000000000000000e+00,-1.000000000000000000e+00,-1.000000000000000000e+00,-9.550625290513939936e-01,-9.550825378046186032e-01,-9.551412756342189114e-01,-9.552341822833745333e-01,-9.553510594878278361e-01,-9.554711241970229585e-01,-9.555537495664935266e-01,-9.555220395855089643e-01,-9.552349150741770156e-01,-9.544416741851642350e-01,-9.527114224108093055e-01,-9.493292272650756258e-01,-9.431529795384158144e-01,-9.324323288315448099e-01,-9.146072851082606148e-01,-8.861331546144453064e-01,-8.424231269512909570e-01,-7.780571929755870642e-01,-6.874590239056102003e-01,-5.662461396140470171e-01,-4.133326539731292382e-01,-2.335233474908897655e-01,-3.980782476764277433e-02,1.458817396339815442e-01,2.946928727271900250e-01,3.769861529378120135e-01,3.769861529408222722e-01,2.946928727323663288e-01,1.458817396362215302e-01,-3.980782477343947079e-02,-2.335233475129989689e-01,-4.133326540181080366e-01,-5.662461396944401537e-01,-6.874590240333519064e-01,-7.780571931179286471e-01,-8.424231270960844675e-01,-8.861331547799689012e-01,-9.146072852538200681e-01,-9.324323289825948713e-01,-9.431529796674918975e-01,-9.493292273923821245e-01,-9.527114225252578672e-01,-9.544416743084658261e-01,-9.552349151946742944e-01,-9.555220397282500056e-01,-9.555537497079568121e-01,-9.554711243565342516e-01,-9.553510596400661692e-01,-9.552341824604572151e-01,-9.551412758294696159e-01,-9.550825380165330891e-01,-9.550625292517086473e-01,-1.000000000000000000e+00,-1.000000000000000000e+00,-1.000000000000000000e+00,-1.000000000000000000e+00,-1.000000000000000000e+00,-1.000000000000000000e+00,-1.000000000000000000e+00,-1.000000000000000000e+00,-1.000000000000000000e+00,-1.000000000000000000e+00,-1.000000000000000000e+00,-1.000000000000000000e+00,-1.000000000000000000e+00,-1.000000000000000000e+00,-1.000000000000000000e+00,-1.000000000000000000e+00,-1.000000000000000000e+00,-1.000000000000000000e+00,-1.000000000000000000e+00,-1.000000000000000000e+00,-1.000000000000000000e+00,-1.000000000000000000e+00,-1.000000000000000000e+00,-1.000000000000000000e+00,-1.000000000000000000e+00,-1.000000000000000000e+00,-1.000000000000000000e+00,-1.000000000000000000e+00,-1.000000000000000000e+00,-1.000000000000000000e+00,-1.000000000000000000e+00,-1.000000000000000000e+00,-1.000000000000000000e+00,-1.000000000000000000e+00,-1.000000000000000000e+00,-1.000000000000000000e+00,-1.000000000000000000e+00,-1.000000000000000000e+00,-1.000000000000000000e+00,-1.000000000000000000e+00,-1.000000000000000000e+00,-1.000000000000000000e+00,-1.000000000000000000e+00,-1.000000000000000000e+00,-1.000000000000000000e+00,-1.000000000000000000e+00
-1.000000000000000000e+00,-1.000000000000000000e+00,-1.000000000000000000e+00,-1.000000000000000000e+00,-1.000000000000000000e+00,-1.000000000000000000e+00,-1.000000000000000000e+00,-1.000000000000000000e+00,-1.000000000000000000e+00,-1.000000000000000000e+00,-1.000000000000000000e+00,-1.000000000000000000e+00,-1.000000000000000000e+00,-1.000000000000000000e+00,-1.000000000000000000e+00,-1.000000000000000000e+00,-1.000000000000000000e+00,-1.000000000000000000e+00,-1.000000000000000000e+00,-1.000000000000000000e+00,-1.000000000000000000e+00,-1.000000000000000000e+00,-1.000000000000000000e+00,-1.000000000000000000e+00,-1.000000000000000000e+00,-1.000000000000000000e+00,-1.000000000000000000e+00,-1.000000000000000000e+00,-1.000000000000000000e+00,-1.000000000000000000e+00,-1.000000000000000000e+00,-1.000000000000000000e+00,-1.000000000000000000e+00,-1.000000000000000000e+00,-1.000000000000000000e+00,-1.000000000000000000e+00,-1.000000000000000000e+00,-1.000000000000000000e+00,-1.000000000000000000e+00,-1.000000000000000000e+00,-1.000000000000000000e+00,-1.000000000000000000e+00,-1.000000000000000000e+00,-1.000000000000000000e+00,-1.000000000000000000e+00,-1.000000000000000000e+00,-9.549810000832181789e-01,-9.550010077938142494e-01,-9.550597422611047937e-01,-9.551526424030315487e-01,-9.552695080814138651e-01,-9.553895524168690701e-01,-9.554721410189601638e-01,-9.554403636010282419e-01,-9.551531147775323971e-01,-9.543596462819746717e-01,-9.526289842338567793e-01,-9.492460653737015974e-01,-9.430685736904704797e-01,-9.323458458811387795e-01,-9.145174419577085656e-01,-8.860380586044716011e-01,-8.423201190529268079e-01,-7.779427439956321244e-01,-6.873287631053064395e-01,-5.660951195570957939e-01,-4.131559516075106187e-01,-2.333170422068098215e-01,-3.957025960414917165e-02,1.461486935911353591e-01,2.949829891077679900e-01,3.772889985215310826e-01,3.772889985322636086e-01,2.949829891343636046e-01,1.461486936230531608e-01,-3.957025958339099869e-02,-2.333170422131466415e-01,-4.131559516544198729e-01,-5.660951196448402722e-01,-6.873287632192333074e-01,-7.779427441192238168e-01,-8.423201192025751016e-01,-8.860380587666775165e-01,-9.145174421079043103e-01,-9.323458460377420653e-01,-9.430685738223839598e-01,-9.492460655092525013e-01,-9.526289843531554613e-01,-9.543596464168092597e-01,-9.551531149088322570e-01,-9.554403637539699012e-01,-9.554721411730324743e-01,-9.553895525797562183e-01,-9.552695082380578961e-01,-9.551526425764033101e-01,-9.550597424517227596e-01,-9.550010079967817811e-01,-9.549810002764921313e-01,-1.000000000000000000e+00,-1.000000000000000000e+00,-1.000000000000000000e+00,-1.000000000000000000e+00,-1.000000000000000000e+00,-1.000000000000000000e+00,-1.000000000000000000e+00,-1.000000000000000000e+00,-1.000000000000000000e+00,-1.000000000000000000e+00,-1.000000000000000000e+00,-1.000000000000000000e+00,-1.000000000000000000e+00,-1.000000000000000000e+00,-1.000000000000000000e+00,-1.000000000000000000e+00,-1.000000000000000000e+00,-1.000000000000000000e+00,-1.000000000000000000e+00,-1.000000000000000000e+00,-1.000000000000000000e+00,-1.000000000000000000e+00,-1.000000000000000000e+00,-1.000000000000000000e+00,-1.000000000000000000e+00,-1.000000000000000000e+00,-1.000000000000000000e+00,-1.000000000000000000e+00,-1.000000000000000000e+00,-1.000000000000000000e+00,-1.000000000000000000e+00,-1.000000000000000000e+00,-1.000000000000000000e+00,-1.000000000000000000e+00,-1.000000000000000000e+00,-1.000000000000000000e+00,-1.000000000000000000e+00,-1.000000000000000000e+00,-1.000000000000000000e+00,-1.000000000000000000e+00,-1.000000000000000000e+00,-1.000000000000000000e+00,-1.000000000000000000e+00,-1.000000000000000000e+00,-1.000000000000000000e+00,-1.000000000000000000e+00
-1.000000000000000000e+00,-1.000000000000000000e+00,-1.000000000000000000e+00,-1.000000000000000000e+00,-1.000000000000000000e+00,-1.000000000000000000e+00,-1.000000000000000000e+00,-1.000000000000000000e+00,-1.000000000000000000e+00,-1.000000000000000000e+00,-1.000000000000000000e+00,-1.000000000000000000e+00,-1.000000000000000000e+00,-1.000000000000000000e+00,-1.000000000000000000e+00,-1.000000000000000000e+00,-1.000000000000000000e+00,-1.000000000000000000e+00,-1.000000000000000000e+00,-1.000000000000000000e+00,-1.000000000000000000e+00,-1.000000000000000000e+00,-1.000000000000000000e+00,-1.000000000000000000e+00,-1.000000000000000000e+00,-1.000000000000000000e+00,-1.000000000000000000e+00,-1.000000000000000000e+00,-1.000000000000000000e+00,-1.000000000000000000e+00,-1.000000000000000000e+00,-1.000000000000000000e+00,-1.000000000000000000e+00,-1.000000000000000000e+00,-1.000000000000000000e+00,-1.000000000000000000e+00,-1.000000000000000000e+00,-1.000000000000000000e+00,-1.000000000000000000e+00,-1.000000000000000000e+00,-1.000000000000000000e+00,-1.000000000000000000e+00,-1.000000000000000000e+00,-1.000000000000000000e+00,-1.000000000000000000e+00,-1.000000000000000000e+00,-9.549035814391475530e-01,-9.549235881763312728e-01,-9.549823195029215617e-01,-9.550752135594375858e-01,-9.551920684395569516e-01,-9.553120936485439696e-01,-9.553946476631642870e-01,-9.553628067077764019e-01,-9.550754406196868551e-01,-9.542817572590618358e-01,-9.525507076899718539e-01,-9.491671050153854816e-01,-9.429884376339224827e-01,-9.322637463316088002e-01,-9.144321654692697532e-01,-8.859478150795422335e-01,-8.422223931867488522e-01,-7.778341968812825247e-01,-6.872052590693649154e-01,-5.659519763346811949e-01,-4.129885089189065939e-01,-2.331215873920968740e-01,-3.934522158985842566e-02,1.464015468032651146e-01,2.952577662887934107e-01,3.775758246490037440e-01,3.775758246591394141e-01,2.952577663123991947e-01,1.464015468303851986e-01,-3.934522157223818706e-02,-2.331215873931257176e-01,-4.129885089480981319e-01,-5.659519763931902814e-01,-6.872052591591171211e-01,-7.778341970082744972e-01,-8.422223933482043678e-01,-8.859478152413986507e-01,-9.144321656322763614e-01,-9.322637464907655991e-01,-9.429884377739845558e-01,-9.491671051559994465e-01,-9.525507078155587282e-01,-9.542817574012883997e-01,-9.550754407580278604e-01,-9.553628068620320102e-01,-9.553946478225419092e-01,-9.553120938095795989e-01,-9.551920686015435979e-01,-9.550752137359874716e-01,-9.549823197032045741e-01,-9.549235883891246113e-01,-9.549035816445705649e-01,-1.000000000000000000e+00,-1.000000000000000000e+00,-1.000000000000000000e+00,-1.000000000000000000e+00,-1.000000000000000000e+00,-1.000000000000000000e+00,-1.000000000000000000e+00,-1.000000000000000000e+00,-1.000000000000000000e+00,-1.000000000000000000e+00,-1.000000000000000000e+00,-1.000000000000000000e+00,-1.000000000000000000e+00,-1.000000000000000000e+00,-1.000000000000000000e+00,-1.000000000000000000e+00,-1.000000000000000000e+00,-1.000000000000000000e+00,-1.000000000000000000e+00,-1.000000000000000000e+00,-1.000000000000000000e+00,-1.000000000000000000e+00,-1.000000000000000000e+00,-1.000000000000000000e+00,-1.000000000000000000e+00,-1.000000000000000000e+00,-1.000000000000000000e+00,-1.000000000000000000e+00,-1.000000000000000000e+00,-1.000000000000000000e+00,-1.000000000000000000e+00,-1.000000000000000000e+00,-1.000000000000000000e+00,-1.000000000000000000e+00,-1.000000000000000000e+00,-1.000000000000000000e+00,-1.000000000000000000e+00,-1.000000000000000000e+00,-1.000000000000000000e+00,-1.000000000000000000e+00,-1.000000000000000000e+00,-1.000000000000000000e+00,-1.000000000000000000e+00,-1.000000000000000000e+00,-1.000000000000000000e+00,-1.000000000000000000e+00
-1.000000000000000000e+00,-1.000000000000000000e+00,-1.000000000000000000e+00,-1.000000000000000000e+00,-1.000000000000000000e+00,-1.000000000000000000e+00,-1.000000000000000000e+00,-1.000000000000000000e+00,-1.000000000000000000e+00,-1.000000000000000000e+00,-1.000000000000000000e+00,-1.000000000000000000e+00,-1.000000000000000000e+00,-1.000000000000000000e+00,-1.000000000000000000e+00,-1.000000000000000000e+00,-1.000000000000000000e+00,-1.000000000000000000e+00,-1.000000000000000000e+00,-1.000000000000000000e+00,-1.000000000000000000e+00,-1.000000000000000000e+00,-1.000000000000000000e+00,-1.000000000000000000e+00,-1.000000000000000000e+00,-1.000000000000000000e+00,-1.000000000000000000e+00,-1.000000000000000000e+00,-1.000000000000000000e+00,-1.000000000000000000e+00,-1.000000000000000000e+00,-1.000000000000000000e+00,-1.000000000000000000e+00,-1.000000000000000000e+00,-1.000000000000000000e+00,-1.000000000000000000e+00,-1.000000000000000000e+00,-1.000000000000000000e+00,-1.000000000000000000e+00,-1.000000000000000000e+00,-1.000000000000000000e+00,-1.000000000000000000e+00,-1.000000000000000000e+00,-1.000000000000000000e+00,-1.000000000000000000e+00,-1.000000000000000000e+00,-9.548303251490452004e-01,-9.548503309900148173e-01,-9.549090594177371827e-01,-9.550019478357888447e-01,-9.551187926729078903e-01,-9.552388000298951409e-01,-9.553213216660237928e-01,-9.552894210982102452e-01,-9.550019448109707820e-01,-9.542080593271935474e-01,-9.524766449562469539e-01,-9.490923982902362832e-01,-9.429126233318602113e-01,-9.321860819289203848e-01,-9.143515070988146309e-01,-8.858624751046668688e-01,-8.421300000019603660e-01,-7.777316018511635232e-01,-6.870885616625237446e-01,-5.658167597921044401e-01,-4.128303762643482644e-01,-2.329370345287188337e-01,-3.913276391178388547e-02,1.466402440353693493e-01,2.955171471330588773e-01,3.778465730840281367e-01,3.778465730953257662e-01,2.955171471599968847e-01,1.466402440692780029e-01,-3.913276388324404831e-02,-2.329370345195687086e-01,-4.128303762889051765e-01,-5.658167598546628430e-01,-6.870885617652031652e-01,-7.777316019878159903e-01,-8.421300001564988591e-01,-8.858624752637022093e-01,-9.143515072701392521e-01,-9.321860820852745366e-01,-9.429126234794857897e-01,-9.490923984291534943e-01,-9.524766450873936030e-01,-9.542080594714059671e-01,-9.550019449593335485e-01,-9.552894212601551471e-01,-9.553213218418348252e-01,-9.552388002015143043e-01,-9.551187928492940182e-01,-9.550019480179566811e-01,-9.549090596238688500e-01,-9.548503312069572813e-01,-9.548303253620925579e-01,-1.000000000000000000e+00,-1.000000000000000000e+00,-1.000000000000000000e+00,-1.000000000000000000e+00,-1.000000000000000000e+00,-1.000000000000000000e+00,-1.000000000000000000e+00,-1.000000000000000000e+00,-1.000000000000000000e+00,-1.000000000000000000e+00,-1.000000000000000000e+00,-1.000000000000000000e+00,-1.000000000000000000e+00,-1.000000000000000000e+00,-1.000000000000000000e+00,-1.000000000000000000e+00,-1.000000000000000000e+00,-1.000000000000000000e+00,-1.000000000000000000e+00,-1.000000000000000000e+00,-1.000000000000000000e+00,-1.000000000000000000e+00,-1.000000000000000000e+00,-1.000000000000000000e+00,-1.000000000000000000e+00,-1.000000000000000000e+00,-1.000000000000000000e+00,-1.000000000000000000e+00,-1.000000000000000000e+00,-1.000000000000000000e+00,-1.000000000000000000e+00,-1.000000000000000000e+00,-1.000000000000000000e+00,-1.000000000000000000e+00,-1.000000000000000000e+00,-1.000000000000000000e+00,-1.000000000000000000e+00,-1.000000000000000000e+00,-1.000000000000000000e+00,-1.000000000000000000e+00,-1.000000000000000000e+00,-1.000000000000000000e+00,-1.000000000000000000e+00,-1.000000000000000000e+00,-1.000000000000000000e+00,-1.000000000000000000e+00
-1.000000000000000000e+00,-1.000000000000000000e+00,-1.000000000000000000e+00,-1.000000000000000000e+00,-1.000000000000000000e+00,-1.000000000000000000e+00,-1.000000000000000000e+00,-1.000000000000000000e+00,-1.000000000000000000e+00,-1.000000000000000000e+00,-1.000000000000000000e+00,-1.000000000000000000e+00,-1.000000000000000000e+00,-1.000000000000000000e+00,-1.000000000000000000e+00,-1.000000000000000000e+00,-1.000000000000000000e+00,-1.000000000000000000e+00,-1.000000000000000000e+00,-1.000000000000000000e+00,-1.000000000000000000e+00,-1.000000000000000000e+00,-1.000000000000000000e+00,-1.000000000000000000e+00,-1.000000000000000000e+00,-1.000000000000000000e+00,-1.000000000000000000e+00,-1.000000000000000000e+00,-1.000000000000000000e+00,-1.000000000000000000e+00,-1.000000000000000000e+00,-1.000000000000000000e+00,-1.000000000000000000e+00,-1.000000000000000000e+00,-1.000000000000000000e+00,-1.000000000000000000e+00,-1.000000000000000000e+00,-1.000000000000000000e+00,-1.000000000000000000e+00,-1.000000000000000000e+00,-1.000000000000000000e+00,-1.000000000000000000e+00,-1.000000000000000000e+00,-1.000000000000000000e+00,-1.000000000000000000e+00,-1.000000000000000000e+00,-9.547612791387425357e-01,-9.547812841580514132e-01,-9.548400099281344477e-01,-9.549328931620986172e-01,-9.550497287249051226e-01,-9.551697195159668530e-01,-9.552522109884158397e-01,-9.552202547251888998e-01,-9.549326752820144204e-01,-9.541386003749914302e-01,-9.524068438558692673e-01,-9.490219929136426424e-01,-9.428411783544190516e-01,-9.321129000202854620e-01,-9.142755139204528092e-01,-8.857820853992797172e-01,-8.420429858381051069e-01,-7.776350049515348140e-01,-6.869787167664772598e-01,-5.656895158997763406e-01,-4.126816001610691398e-01,-2.327634312859220289e-01,-3.893293598898628360e-02,1.468647337636432848e-01,2.957610781661217381e-01,3.781011892194892088e-01,3.781011892273229424e-01,2.957610781841017999e-01,1.468647337843991263e-01,-3.893293597483948876e-02,-2.327634312900074276e-01,-4.126816001924630273e-01,-5.656895159599213407e-01,-6.869787168588149529e-01,-7.776350050753533250e-01,-8.420429859872888834e-01,-8.857820855669473747e-01,-9.142755140956960735e-01,-9.321129001760384281e-01,-9.428411785071124651e-01,-9.490219930520150671e-01,-9.524068439992292578e-01,-9.541386005237303403e-01,-9.549326754423750341e-01,-9.552202548891759459e-01,-9.552522111692032247e-01,-9.551697196880852836e-01,-9.550497289124372235e-01,-9.549328933605482073e-01,-9.548400101610619028e-01,-9.547812844014833544e-01,-9.547612793762612071e-01,-1.000000000000000000e+00,-1.000000000000000000e+00,-1.000000000000000000e+00,-1.000000000000000000e+00,-1.000000000000000000e+00,-1.000000000000000000e+00,-1.000000000000000000e+00,-1.000000000000000000e+00,-1.000000000000000000e+00,-1.000000000000000000e+00,-1.000000000000000000e+00,-1.000000000000000000e+00,-1.000000000000000000e+00,-1.000000000000000000e+00,-1.000000000000000000e+00,-1.000000000000000000e+00,-1.000000000000000000e+00,-1.000000000000000000e+00,-1.000000000000000000e+00,-1.000000000000000000e+00,-1.000000000000000000e+00,-1.000000000000000000e+00,-1.000000000000000000e+00,-1.000000000000000000e+00,-1.000000000000000000e+00,-1.000000000000000000e+00,-1.000000000000000000e+00,-1.000000000000000000e+00,-1.000000000000000000e+00,-1.000000000000000000e+00,-1.000000000000000000e+00,-1.000000000000000000e+00,-1.000000000000000000e+00,-1.000000000000000000e+00,-1.000000000000000000e+00,-1.000000000000000000e+00,-1.000000000000000000e+00,-1.000000000000000000e+00,-1.000000000000000000e+00,-1.000000000000000000e+00,-1.000000000000000000e+00,-1.000000000000000000e+00,-1.000000000000000000e+00,-1.000000000000000000e+00,-1.000000000000000000e+00,-1.000000000000000000e+00
-1.000000000000000000e+00,-1.000000000000000000e+00,-1.000000000000000000e+00,-1.000000000000000000e+00,-1.000000000000000000e+00,-1.000000000000000000e+00,-1.000000000000000000e+00,-1.000000000000000000e+00,-1.000000000000000000e+00,-1.000000000000000000e+00,-1.000000000000000000e+00,-1.000000000000000000e+00,-1.000000000000000000e+00,-1.000000000000000000e+00,-1.000000000000000000e+00,-1.000000000000000000e+00,-1.000000000000000000e+00,-1.000000000000000000e+00,-1.000000000000000000e+00,-1.000000000000000000e+00,-1.000000000000000000e+00,-1.000000000000000000e+00,-1.000000000000000000e+00,-1.000000000000000000e+00,-1.000000000000000000e+00,-1.000000000000000000e+00,-1.000000000000000000e+00,-1.000000000000000000e+00,-1.000000000000000000e+00,-1.000000000000000000e+00,-1.000000000000000000e+00,-1.000000000000000000e+00,-1.000000000000000000e+00,-1.000000000000000000e+00,-1.000000000000000000e+00,-1.000000000000000000e+00,-1.000000000000000000e+00,-1.000000000000000000e+00,-1.000000000000000000e+00,-1.000000000000000000e+00,-1.000000000000000000e+00,-1.000000000000000000e+00,-1.000000000000000000e+00,-1.000000000000000000e+00,-1.000000000000000000e+00,-1.000000000000000000e+00,-9.546964876760274388e-01,-9.547164919494397495e-01,-9.547752153005030218e-01,-9.548680937934039825e-01,-9.549849208326987027e-01,-9.551048963205305276e-01,-9.551873598175968372e-01,-9.551553517406790039e-01,-9.548676761403612767e-01,-9.540734244443525025e-01,-9.523413483534377555e-01,-9.489559327306613667e-01,-9.427741464065854116e-01,-9.320442441107038567e-01,-9.142042291895787764e-01,-8.857066889300719836e-01,-8.419613933132981121e-01,-7.775444485024091135e-01,-6.868757666041256371e-01,-5.655702871143564181e-01,-4.125422237613562970e-01,-2.326008220617477029e-01,-3.874578398280570379e-02,1.470749677715701420e-01,2.959895092909592407e-01,3.783396218740420203e-01,3.783396218772538955e-01,2.959895092990580956e-01,1.470749677801705957e-01,-3.874578397878325475e-02,-2.326008220709077090e-01,-4.125422237949037951e-01,-5.655702871799899167e-01,-6.868757667068656758e-01,-7.775444486410835188e-01,-8.419613934763628960e-01,-8.857066891032663314e-01,-9.142042293600010083e-01,-9.320442442657271842e-01,-9.427741465547121447e-01,-9.489559328656260728e-01,-9.523413484990062017e-01,-9.540734245905559963e-01,-9.548676763084668062e-01,-9.551553519081124044e-01,-9.551873600089164640e-01,-9.551048965025896731e-01,-9.549849210350703776e-01,-9.548680940082034940e-01,-9.547752155596211932e-01,-9.547164922267676879e-01,-9.546964879519389546e-01,-1.000000000000000000e+00,-1.000000000000000000e+00,-1.000000000000000000e+00,-1.000000000000000000e+00,-1.000000000000000000e+00,-1.000000000000000000e+00,-1.000000000000000000e+00,-1.000000000000000000e+00,-1.000000000000000000e+00,-1.000000000000000000e+00,-1.000000000000000000e+00,-1.000000000000000000e+00,-1.000000000000000000e+00,-1.000000000000000000e+00,-1.000000000000000000e+00,-1.000000000000000000e+00,-1.000000000000000000e+00,-1.000000000000000000e+00,-1.000000000000000000e+00,-1.000000000000000000e+00,-1.000000000000000000e+00,-1.000000000000000000e+00,-1.000000000000000000e+00,-1.000000000000000000e+00,-1.000000000000000000e+00,-1.000000000000000000e+00,-1.000000000000000000e+00,-1.000000000000000000e+00,-1.000000000000000000e+00,-1.000000000000000000e+00,-1.000000000000000000e+00,-1.000000000000000000e+00,-1.000000000000000000e+00,-1.000000000000000000e+00,-1.000000000000000000e+00,-1.000000000000000000e+00,-1.000000000000000000e+00,-1.000000000000000000e+00,-1.000000000000000000e+00,-1.000000000000000000e+00,-1.000000000000000000e+00,-1.000000000000000000e+00,-1.000000000000000000e+00,-1.000000000000000000e+00,-1.000000000000000000e+00,-1.000000000000000000e+00
-1.000000000000000000e+00,-1.000000000000000000e+00,-1.000000000000000000e+00,-1.000000000000000000e+00,-1.000000000000000000e+00,-1.000000000000000000e+00,-1.000000000000000000e+00,-1.000000000000000000e+00,-1.000000000000000000e+00,-1.000000000000000000e+00,-1.000000000000000000e+00,-1.000000000000000000e+00,-1.000000000000000000e+00,-1.000000000000000000e+00,-1.000000000000000000e+00,-1.000000000000000000e+00,-1.000000000000000000e+00,-1.000000000000000000e+00,-1.000000000000000000e+00,-1.000000000000000000e+00,-1.000000000000000000e+00,-1.000000000000000000e+00,-1.000000000000000000e+00,-1.000000000000000000e+00,-1.000000000000000000e+00,-1.000000000000000000e+00,-1.000000000000000000e+00,-1.000000000000000000e+00,-1.000000000000000000e+00,-1.000000000000000000e+00,-1.000000000000000000e+00,-1.000000000000000000e+00,-1.000000000000000000e+00,-1.000000000000000000e+00,-1.000000000000000000e+00,-1.000000000000000000e+00,-1.000000000000000000e+00,-1.000000000000000000e+00,-1.000000000000000000e+00,-1.000000000000000000e+00,-1.000000000000000000e+00,-1.000000000000000000e+00,-1.000000000000000000e+00,-1.000000000000000000e+00,-1.000000000000000000e+00,-1.000000000000000000e+00,-9.546359915957950415e-01,-9.546559951933201171e-01,-9.547147163514677626e-01,-9.548075905325174029e-01,-9.549244097829281408e-01,-9.550443712087288706e-01,-9.551268088908043685e-01,-9.550947528430083766e-01,-9.548069880381990782e-01,-9.540125721144760984e-01,-9.522801989448865800e-01,-9.488942581115736852e-01,-9.427115677002368965e-01,-9.319801542262693417e-01,-9.141376926883941767e-01,-8.856363252298093958e-01,-8.418852617218052226e-01,-7.774599715945975653e-01,-6.867797502029104884e-01,-5.654591126973460558e-01,-4.124122870215891634e-01,-2.324492480729127841e-01,-3.857135089277041740e-02,1.472709010007624553e-01,2.962023935807467367e-01,3.785618230446499144e-01,3.785618230418814623e-01,2.962023935744240166e-01,1.472709009883497178e-01,-3.857135091408636640e-02,-2.324492481087400142e-01,-4.124122870807748198e-01,-5.654591127835719711e-01,-6.867797503132406778e-01,-7.774599717270799237e-01,-8.418852618696559542e-01,-8.856363253869208307e-01,-9.141376928461992790e-01,-9.319801543772363583e-01,-9.427115678478810157e-01,-9.488942582569821482e-01,-9.522801990949367745e-01,-9.540125722671606301e-01,-9.548069882131644537e-01,-9.550947530139786146e-01,-9.551268090917093279e-01,-9.550443714102960779e-01,-9.549244100168764460e-01,-9.548075907872999313e-01,-9.547147166549854180e-01,-9.546559955137671194e-01,-9.546359919149041140e-01,-1.000000000000000000e+00,-1.000000000000000000e+00,-1.000000000000000000e+00,-1.000000000000000000e+00,-1.000000000000000000e+00,-1.000000000000000000e+00,-1.000000000000000000e+00,-1.000000000000000000e+00,-1.000000000000000000e+00,-1.000000000000000000e+00,-1.000000000000000000e+00,-1.000000000000000000e+00,-1.000000000000000000e+00,-1.000000000000000000e+00,-1.000000000000000000e+00,-1.000000000000000000e+00,-1.000000000000000000e+00,-1.000000000000000000e+00,-1.000000000000000000e+00,-1.000000000000000000e+00,-1.000000000000000000e+00,-1.000000000000000000e+00,-1.000000000000000000e+00,-1.000000000000000000e+00,-1.000000000000000000e+00,-1.000000000000000000e+00,-1.000000000000000000e+00,-1.000000000000000000e+00,-1.000000000000000000e+00,-1.000000000000000000e+00,-1.000000000000000000e+00,-1.000000000000000000e+00,-1.000000000000000000e+00,-1.000000000000000000e+00,-1.000000000000000000e+00,-1.000000000000000000e+00,-1.000000000000000000e+00,-1.000000000000000000e+00,-1.000000000000000000e+00,-1.000000000000000000e+00,-1.000000000000000000e+00,-1.000000000000000000e+00,-1.000000000000000000e+00,-1.000000000000000000e+00,-1.000000000000000000e+00,-1.000000000000000000e+00
-1.000000000000000000e+00,-1.000000000000000000e+00,-1.000000000000000000e+00,-1.000000000000000000e+00,-1.000000000000000000e+00,-1.000000000000000000e+00,-1.000000000000000000e+00,-1.000000000000000000e+00,-1.000000000000000000e+00,-1.000000000000000000e+00,-1.000000000000000000e+00,-1.000000000000000000e+00,-1.000000000000000000e+00,-1.000000000000000000e+00,-1.000000000000000000e+00,-1.000000000000000000e+00,-1.000000000000000000e+00,-1.000000000000000000e+00,-1.000000000000000000e+00,-1.000000000000000000e+00,-1.000000000000000000e+00,-1.000000000000000000e+00,-1.000000000000000000e+00,-1.000000000000000000e+00,-1.000000000000000000e+00,-1.000000000000000000e+00,-1.000000000000000000e+00,-1.000000000000000000e+00,-1.000000000000000000e+00,-1.000000000000000000e+00,-1.000000000000000000e+00,-1.000000000000000000e+00,-1.000000000000000000e+00,-1.000000000000000000e+00,-1.000000000000000000e+00,-1.000000000000000000e+00,-1.000000000000000000e+00,-1.000000000000000000e+00,-1.000000000000000000e+00,-1.000000000000000000e+00,-1.000000000000000000e+00,-1.000000000000000000e+00,-1.000000000000000000e+00,-1.000000000000000000e+00,-1.000000000000000000e+00,-1.000000000000000000e+00,-9.545798285620109569e-01,-9.545998315529685696e-01,-9.546585507360575429e-01,-9.547514210135812363e-01,-9.548682331779307919e-01,-9.549881817435078579e-01,-9.550705957245338995e-01,-9.550384954916028013e-01,-9.547506483763330554e-01,-9.539560807092866135e-01,-9.522234328692225080e-01,-9.488370061988042892e-01,-9.426534792235042870e-01,-9.319206671818990317e-01,-9.140759410184675637e-01,-8.855710306438735469e-01,-8.418146271698229155e-01,-7.773816101881094731e-01,-6.866907035610880783e-01,-5.653560289832200159e-01,-4.122918270277881048e-01,-2.323087476560263820e-01,-3.840967677331685870e-02,1.474524914357127070e-01,2.963996872503908975e-01,3.787677479290056937e-01,3.787677479228883648e-01,2.963996872357423928e-01,1.474524914129120567e-01,-3.840967680437668008e-02,-2.323087477006071655e-01,-4.122918270945666874e-01,-5.653560290773074204e-01,-6.866907036819098753e-01,-7.773816103349823203e-01,-8.418146273324690343e-01,-8.855710308125124275e-01,-9.140759411801071543e-01,-9.319206673348424674e-01,-9.426534793708406523e-01,-9.488370063388863462e-01,-9.522234330063799046e-01,-9.539560808651472712e-01,-9.547506485516530361e-01,-9.550384956734868647e-01,-9.550705959378724685e-01,-9.549881819663827986e-01,-9.548682334370017788e-01,-9.547514213030123820e-01,-9.546585510821465892e-01,-9.545998319206953076e-01,-9.545798289282002580e-01,-1.000000000000000000e+00,-1.000000000000000000e+00,-1.000000000000000000e+00,-1.000000000000000000e+00,-1.000000000000000000e+00,-1.000000000000000000e+00,-1.000000000000000000e+00,-1.000000000000000000e+00,-1.000000000000000000e+00,-1.000000000000000000e+00,-1.000000000000000000e+00,-1.000000000000000000e+00,-1.000000000000000000e+00,-1.000000000000000000e+00,-1.000000000000000000e+00,-1.000000000000000000e+00,-1.000000000000000000e+00,-1.000000000000000000e+00,-1.000000000000000000e+00,-1.000000000000000000e+00,-1.000000000000000000e+00,-1.000000000000000000e+00,-1.000000000000000000e+00,-1.000000000000000000e+00,-1.000000000000000000e+00,-1.000000000000000000e+00,-1.000000000000000000e+00,-1.000000000000000000e+00,-1.000000000000000000e+00,-1.000000000000000000e+00,-1.000000000000000000e+00,-1.000000000000000000e+00,-1.000000000000000000e+00,-1.000000000000000000e+00,-1.000000000000000000e+00,-1.000000000000000000e+00,-1.000000000000000000e+00,-1.000000000000000000e+00,-1.000000000000000000e+00,-1.000000000000000000e+00,-1.000000000000000000e+00,-1.000000000000000000e+00,-1.000000000000000000e+00,-1.000000000000000000e+00,-1.000000000000000000e+00,-1.000000000000000000e+00
-1.000000000000000000e+00,-1.000000000000000000e+00,-1.000000000000000000e+00,-1.000000000000000000e+00,-1.000000000000000000e+00,-1.000000000000000000e+00,-1.000000000000000000e+00,-1.000000000000000000e+00,-1.000000000000000000e+00,-1.000000000000000000e+00,-1.000000000000000000e+00,-1.000000000000000000e+00,-1.000000000000000000e+00,-1.000000000000000000e+00,-1.000000000000000000e+00,-1.000000000000000000e+00,-1.000000000000000000e+00,-1.000000000000000000e+00,-1.000000000000000000e+00,-1.000000000000000000e+00,-1.000000000000000000e+00,-1.000000000000000000e+00,-1.000000000000000000e+00,-1.000000000000000000e+00,-1.000000000000000000e+00,-1.000000000000000000e+00,-1.000000000000000000e+00,-1.000000000000000000e+00,-1.000000000000000000e+00,-1.000000000000000000e+00,-1.000000000000000000e+00,-1.000000000000000000e+00,-1.000000000000000000e+00,-1.000000000000000000e+00,-1.000000000000000000e+00,-1.000000000000000000e+00,-1.000000000000000000e+00,-1.000000000000000000e+00,-1.000000000000000000e+00,-1.000000000000000000e+00,-1.000000000000000000e+00,-1.000000000000000000e+00,-1.000000000000000000e+00,-1.000000000000000000e+00,-1.000000000000000000e+00,-1.000000000000000000e+00,-9.545280331453352973e-01,-9.545480355943355422e-01,-9.546067530082767982e-01,-9.546996197734920475e-01,-9.548164255293996039e-01,-9.549363624055426936e-01,-9.550187547625547113e-01,-9.549866140825840066e-01,-9.546986914932615864e-01,-9.539039844961322290e-01,-9.521710842837961541e-01,-9.487842110597428658e-01,-9.425999149236558017e-01,-9.318658167566677974e-01,-9.140190077783496569e-01,-8.855108385815082528e-01,-8.417495228756619596e-01,-7.773093973636074905e-01,-6.866086597805546310e-01,-5.652610693937413222e-01,-4.121808779485229834e-01,-2.321793562217756568e-01,-3.826079872589660535e-02,1.476197000604435594e-01,2.965813495676059564e-01,3.789573548086124788e-01,3.789573548007600934e-01,2.965813495457141347e-01,1.476197000239325430e-01,-3.826079877781163319e-02,-2.321793562950886791e-01,-4.121808780476333700e-01,-5.652610695175004363e-01,-6.866086599223816256e-01,-7.773093975162382874e-01,-8.417495230266049955e-01,-8.855108387289859495e-01,-9.140190079211887308e-01,-9.318658168999518487e-01,-9.425999150612108801e-01,-9.487842111933546541e-01,-9.521710844279809294e-01,-9.539039846614369988e-01,-9.546986916628000808e-01,-9.549866142802202473e-01,-9.550187549968018885e-01,-9.549363626736204758e-01,-9.548164258363740498e-01,-9.546996201127934123e-01,-9.546067534018845002e-01,-9.545480360124461994e-01,-9.545280335624777290e-01,-1.000000000000000000e+00,-1.000000000000000000e+00,-1.000000000000000000e+00,-1.000000000000000000e+00,-1.000000000000000000e+00,-1.000000000000000000e+00,-1.000000000000000000e+00,-1.000000000000000000e+00,-1.000000000000000000e+00,-1.000000000000000000e+00,-1.000000000000000000e+00,-1.000000000000000000e+00,-1.000000000000000000e+00,-1.000000000000000000e+00,-1.000000000000000000e+00,-1.000000000000000000e+00,-1.000000000000000000e+00,-1.000000000000000000e+00,-1.000000000000000000e+00,-1.000000000000000000e+00,-1.000000000000000000e+00,-1.000000000000000000e+00,-1.000000000000000000e+00,-1.000000000000000000e+00,-1.000000000000000000e+00,-1.000000000000000000e+00,-1.000000000000000000e+00,-1.000000000000000000e+00,-1.000000000000000000e+00,-1.000000000000000000e+00,-1.000000000000000000e+00,-1.000000000000000000e+00,-1.000000000000000000e+00,-1.000000000000000000e+00,-1.000000000000000000e+00,-1.000000000000000000e+00,-1.000000000000000000e+00,-1.000000000000000000e+00,-1.000000000000000000e+00,-1.000000000000000000e+00,-1.000000000000000000e+00,-1.000000000000000000e+00,-1.000000000000000000e+00,-1.000000000000000000e+00,-1.000000000000000000e+00,-1.000000000000000000e+00
-1.000000000000000000e+00,-1.000000000000000000e+00,-1.000000000000000000e+00,-1.000000000000000000e+00,-1.000000000000000000e+00,-1.000000000000000000e+00,-1.000000000000000000e+00,-1.000000000000000000e+00,-1.000000000000000000e+00,-1.000000000000000000e+00,-1.000000000000000000e+00,-1.000000000000000000e+00,-1.000000000000000000e+00,-1.000000000000000000e+00,-1.000000000000000000e+00,-1.000000000000000000e+00,-1.000000000000000000e+00,-1.000000000000000000e+00,-1.000000000000000000e+00,-1.000000000000000000e+00,-1.000000000000000000e+00,-1.000000000000000000e+00,-1.000000000000000000e+00,-1.000000000000000000e+00,-1.000000000000000000e+00,-1.000000000000000000e+00,-1.000000000000000000e+00,-1.000000000000000000e+00,-1.000000000000000000e+00,-1.000000000000000000e+00,-1.000000000000000000e+00,-1.000000000000000000e+00,-1.000000000000000000e+00,-1.000000000000000000e+00,-1.000000000000000000e+00,-1.000000000000000000e+00,-1.000000000000000000e+00,-1.000000000000000000e+00,-1.000000000000000000e+00,-1.000000000000000000e+00,-1.000000000000000000e+00,-1.000000000000000000e+00,-1.000000000000000000e+00,-1.000000000000000000e+00,-1.000000000000000000e+00,-1.000000000000000000e+00,-9.544806369799333501e-01,-9.545006389497000532e-01,-9.545593547926687350e-01,-9.546522184204592198e-01,-9.547690184164366878e-01,-9.548889447334975022e-01,-9.549713174934151283e-01,-9.549391400535017782e-01,-9.546511487636691884e-01,-9.538563148099986622e-01,-9.521231844251989429e-01,-9.487359037996735411e-01,-9.425509057947121239e-01,-9.318156338054379706e-01,-9.139669236382992334e-01,-8.854557795218017668e-01,-8.416899791670410247e-01,-7.772433633877300352e-01,-6.865336492273466096e-01,-5.651742646573227891e-01,-4.120794712522785064e-01,-2.320611064230571063e-01,-3.812475099064538409e-02,1.477724908482669353e-01,2.967473429086471270e-01,3.791306051445220149e-01,3.791306051395766374e-01,2.967473428936779900e-01,1.477724908211621724e-01,-3.812475103360879469e-02,-2.320611064895129472e-01,-4.120794713474935644e-01,-5.651742647811647258e-01,-6.865336493729818912e-01,-7.772433635480987535e-01,-8.416899793304756239e-01,-8.854557796820188287e-01,-9.139669237893901510e-01,-9.318156339486687312e-01,-9.425509059275594126e-01,-9.487359039417810891e-01,-9.521231845831089613e-01,-9.538563149714310851e-01,-9.546511489375512083e-01,-9.549391402779776605e-01,-9.549713177462010316e-01,-9.548889450389154154e-01,-9.547690187584241261e-01,-9.546522187989281427e-01,-9.545593552235337453e-01,-9.545006394069537325e-01,-9.544806374350642830e-01,-1.000000000000000000e+00,-1.000000000000000000e+00,-1.000000000000000000e+00,-1.000000000000000000e+00,-1.000000000000000000e+00,-1.000000000000000000e+00,-1.000000000000000000e+00,-1.000000000000000000e+00,-1.000000000000000000e+00,-1.000000000000000000e+00,-1.000000000000000000e+00,-1.000000000000000000e+00,-1.000000000000000000e+00,-1.000000000000000000e+00,-1.000000000000000000e+00,-1.000000000000000000e+00,-1.000000000000000000e+00,-1.000000000000000000e+00,-1.000000000000000000e+00,-1.000000000000000000e+00,-1.000000000000000000e+00,-1.000000000000000000e+00,-1.000000000000000000e+00,-1.000000000000000000e+00,-1.000000000000000000e+00,-1.000000000000000000e+00,-1.000000000000000000e+00,-1.000000000000000000e+00,-1.000000000000000000e+00,-1.000000000000000000e+00,-1.000000000000000000e+00,-1.000000000000000000e+00,-1.000000000000000000e+00,-1.000000000000000000e+00,-1.000000000000000000e+00,-1.000000000000000000e+00,-1.000000000000000000e+00,-1.000000000000000000e+00,-1.000000000000000000e+00,-1.000000000000000000e+00,-1.000000000000000000e+00,-1.000000000000000000e+00,-1.000000000000000000e+00,-1.000000000000000000e+00,-1.000000000000000000e+00,-1.000000000000000000e+00
-1.000000000000000000e+00,-1.000000000000000000e+00,-1.000000000000000000e+00,-1.000000000000000000e+00,-1.000000000000000000e+00,-1.000000000000000000e+00,-1.000000000000000000e+00,-1.000000000000000000e+00,-1.000000000000000000e+00,-1.000000000000000000e+00,-1.000000000000000000e+00,-1.000000000000000000e+00,-1.000000000000000000e+00,-1.000000000000000000e+00,-1.000000000000000000e+00,-1.000000000000000000e+00,-1.000000000000000000e+00,-1.000000000000000000e+00,-1.000000000000000000e+00,-1.000000000000000000e+00,-1.000000000000000000e+00,-1.000000000000000000e+00,-1.000000000000000000e+00,-1.000000000000000000e+00,-1.000000000000000000e+00,-1.000000000000000000e+00,-1.000000000000000000e+00,-1.000000000000000000e+00,-1.000000000000000000e+00,-1.000000000000000000e+00,-1.000000000000000000e+00,-1.000000000000000000e+00,-1.000000000000000000e+00,-1.000000000000000000e+00,-1.000000000000000000e+00,-1.000000000000000000e+00,-1.000000000000000000e+00,-1.000000000000000000e+00,-1.000000000000000000e+00,-1.000000000000000000e+00,-1.000000000000000000e+00,-1.000000000000000000e+00,-1.000000000000000000e+00,-1.000000000000000000e+00,-1.000000000000000000e+00,-1.000000000000000000e+00,-9.544376687900586465e-01,-9.544576703377618543e-01,-9.545163847944631019e-01,-9.546092456445190999e-01,-9.547260405108396464e-01,-9.548459573755165852e-01,-9.549283125226062374e-01,-9.548961019650223925e-01,-9.546080486574594071e-01,-9.538131000647934732e-01,-9.520797616846963241e-01,-9.486921127142065036e-01,-9.425064799996890619e-01,-9.317701463695454711e-01,-9.139197165082773022e-01,-8.854058812189407046e-01,-8.416360236456900124e-01,-7.771835357793711596e-01,-6.864656995000597561e-01,-5.650956427178429609e-01,-4.119876355963503212e-01,-2.319540280561119827e-01,-3.800156487995109966e-02,1.479108307908520992e-01,2.968976327537462545e-01,3.792874635492069491e-01,3.792874635442373688e-01,2.968976327375090207e-01,1.479108307575347503e-01,-3.800156493912076883e-02,-2.319540281458597475e-01,-4.119876357174625525e-01,-5.650956428657409880e-01,-6.864656996622666707e-01,-7.771835359468883819e-01,-8.416360238099187541e-01,-8.854058813728703514e-01,-9.139197166512785797e-01,-9.317701465092311786e-01,-9.425064801388525204e-01,-9.486921128637627598e-01,-9.520797618336995782e-01,-9.538131002235128442e-01,-9.546080488685787513e-01,-9.548961022261179821e-01,-9.549283128050406466e-01,-9.548459577202428328e-01,-9.547260408815174682e-01,-9.546092460544015612e-01,-9.545163852596062481e-01,-9.544576708340127835e-01,-9.544376692816500807e-01,-1.000000000000000000e+00,-1.000000000000000000e+00,-1.000000000000000000e+00,-1.000000000000000000e+00,-1.000000000000000000e+00,-1.000000000000000000e+00,-1.000000000000000000e+00,-1.000000000000000000e+00,-1.000000000000000000e+00,-1.000000000000000000e+00,-1.000000000000000000e+00,-1.000000000000000000e+00,-1.000000000000000000e+00,-1.000000000000000000e+00,-1.000000000000000000e+00,-1.000000000000000000e+00,-1.000000000000000000e+00,-1.000000000000000000e+00,-1.000000000000000000e+00,-1.000000000000000000e+00,-1.000000000000000000e+00,-1.000000000000000000e+00,-1.000000000000000000e+00,-1.000000000000000000e+00,-1.000000000000000000e+00,-1.000000000000000000e+00,-1.000000000000000000e+00,-1.000000000000000000e+00,-1.000000000000000000e+00,-1.000000000000000000e+00,-1.000000000000000000e+00,-1.000000000000000000e+00,-1.000000000000000000e+00,-1.000000000000000000e+00,-1.000000000000000000e+00,-1.000000000000000000e+00,-1.000000000000000000e+00,-1.000000000000000000e+00,-1.000000000000000000e+00,-1.000000000000000000e+00,-1.000000000000000000e+00,-1.000000000000000000e+00,-1.000000000000000000e+00,-1.000000000000000000e+00,-1.000000000000000000e+00,-1.000000000000000000e+00
-1.000000000000000000e+00,-1.000000000000000000e+00,-1.000000000000000000e+00,-1.000000000000000000e+00,-1.000000000000000000e+00,-1.000000000000000000e+00,-1.000000000000000000e+00,-1.000000000000000000e+00,-1.000000000000000000e+00,-1.000000000000000000e+00,-1.000000000000000000e+00,-1.000000000000000000e+00,-1.000000000000000000e+00,-1.000000000000000000e+00,-1.000000000000000000e+00,-1.000000000000000000e+00,-1.000000000000000000e+00,-1.000000000000000000e+00,-1.000000000000000000e+00,-1.000000000000000000e+00,-1.000000000000000000e+00,-1.000000000000000000e+00,-1.000000000000000000e+00,-1.000000000000000000e+00,-1.000000000000000000e+00,-1.000000000000000000e+00,-1.000000000000000000e+00,-1.000000000000000000e+00,-1.000000000000000000e+00,-1.000000000000000000e+00,-1.000000000000000000e+00,-1.000000000000000000e+00,-1.000000000000000000e+00,-1.000000000000000000e+00,-1.000000000000000000e+00,-1.000000000000000000e+00,-1.000000000000000000e+00,-1.000000000000000000e+00,-1.000000000000000000e+00,-1.000000000000000000e+00,-1.000000000000000000e+00,-1.000000000000000000e+00,-1.000000000000000000e+00,-1.000000000000000000e+00,-1.000000000000000000e+00,-1.000000000000000000e+00,-9.543991544847756359e-01,-9.544191556647878549e-01,-9.544778689088427859e-01,-9.545707273196448739e-01,-9.546875176584092015e-01,-9.548074261536335650e-01,-9.548897656367081321e-01,-9.548575255981548437e-01,-9.545694169084592007e-01,-9.537743658603679009e-01,-9.520408415823534698e-01,-9.486528632776822789e-01,-9.424666629166820186e-01,-9.317293796896091163e-01,-9.138774114864528508e-01,-8.853611686421363203e-01,-8.415876811844734684e-01,-7.771299393855738424e-01,-6.864048355641330090e-01,-5.650252288959884961e-01,-4.119053969829880035e-01,-2.318581481833698055e-01,-3.789126885290383662e-02,1.480346898759881125e-01,2.970321877096577801e-01,3.794278978403635705e-01,3.794278978377134681e-01,2.970321876999142408e-01,1.480346898509263820e-01,-3.789126890569505246e-02,-2.318581482675764471e-01,-4.119053970990068647e-01,-5.650252290403479094e-01,-6.864048357268737188e-01,-7.771299395572358604e-01,-8.415876813558925695e-01,-8.853611688027396287e-01,-9.138774116356691568e-01,-9.317293798333941002e-01,-9.424666630617440921e-01,-9.486528634347775046e-01,-9.520408417524235389e-01,-9.537743660665753964e-01,-9.545694171554965912e-01,-9.548575258593906545e-01,-9.548897659454416154e-01,-9.548074265333965638e-01,-9.546875180620116863e-01,-9.545707277595462115e-01,-9.544778694022306720e-01,-9.544191561939088242e-01,-9.543991550144463876e-01,-1.000000000000000000e+00,-1.000000000000000000e+00,-1.000000000000000000e+00,-1.000000000000000000e+00,-1.000000000000000000e+00,-1.000000000000000000e+00,-1.000000000000000000e+00,-1.000000000000000000e+00,-1.000000000000000000e+00,-1.000000000000000000e+00,-1.000000000000000000e+00,-1.000000000000000000e+00,-1.000000000000000000e+00,-1.000000000000000000e+00,-1.000000000000000000e+00,-1.000000000000000000e+00,-1.000000000000000000e+00,-1.000000000000000000e+00,-1.000000000000000000e+00,-1.000000000000000000e+00,-1.000000000000000000e+00,-1.000000000000000000e+00,-1.000000000000000000e+00,-1.000000000000000000e+00,-1.000000000000000000e+00,-1.000000000000000000e+00,-1.000000000000000000e+00,-1.000000000000000000e+00,-1.000000000000000000e+00,-1.000000000000000000e+00,-1.000000000000000000e+00,-1.000000000000000000e+00,-1.000000000000000000e+00,-1.000000000000000000e+00,-1.000000000000000000e+00,-1.000000000000000000e+00,-1.000000000000000000e+00,-1.000000000000000000e+00,-1.000000000000000000e+00,-1.000000000000000000e+00,-1.000000000000000000e+00,-1.000000000000000000e+00,-1.000000000000000000e+00,-1.000000000000000000e+00,-1.000000000000000000e+00,-1.000000000000000000e+00
-1.000000000000000000e+00,-1.000000000000000000e+00,-1.000000000000000000e+00,-1.000000000000000000e+00,-1.000000000000000000e+00,-1.000000000000000000e+00,-1.000000000000000000e+00,-1.000000000000000000e+00,-1.000000000000000000e+00,-1.000000000000000000e+00,-1.000000000000000000e+00,-1.000000000000000000e+00,-1.000000000000000000e+00,-1.000000000000000000e+00,-1.000000000000000000e+00,-1.000000000000000000e+00,-1.000000000000000000e+00,-1.000000000000000000e+00,-1.000000000000000000e+00,-1.000000000000000000e+00,-1.000000000000000000e+00,-1.000000000000000000e+00,-1.000000000000000000e+00,-1.000000000000000000e+00,-1.000000000000000000e+00,-1.000000000000000000e+00,-1.000000000000000000e+00,-1.000000000000000000e+00,-1.000000000000000000e+00,-1.000000000000000000e+00,-1.000000000000000000e+00,-1.000000000000000000e+00,-1.000000000000000000e+00,-1.000000000000000000e+00,-1.000000000000000000e+00,-1.000000000000000000e+00,-1.000000000000000000e+00,-1.000000000000000000e+00,-1.000000000000000000e+00,-1.000000000000000000e+00,-1.000000000000000000e+00,-1.000000000000000000e+00,-1.000000000000000000e+00,-1.000000000000000000e+00,-1.000000000000000000e+00,-1.000000000000000000e+00,-9.543651171629415897e-01,-9.543851180265356948e-01,-9.544438302244676597e-01,-9.545366865222152386e-01,-9.546534729107488682e-01,-9.547733740897362820e-01,-9.548556997876358476e-01,-9.548234338440035884e-01,-9.545352764512968768e-01,-9.537401351107934744e-01,-9.520064469233632254e-01,-9.486181782044569299e-01,-9.424314771911114219e-01,-9.316933563246508898e-01,-9.138400310191235887e-01,-8.853216641118027974e-01,-8.415449739989302458e-01,-7.770825963844160134e-01,-6.863510796962930538e-01,-5.649630457917046433e-01,-4.118327786411088987e-01,-2.317734910109308100e-01,-3.779388839946185019e-02,1.481440411925183387e-01,2.971509796048037444e-01,3.795518791202974196e-01,3.795518791131928804e-01,2.971509795813194188e-01,1.481440411464070017e-01,-3.779388847605091861e-02,-2.317734911171916989e-01,-4.118327787723989886e-01,-5.649630459403716110e-01,-6.863510798567271642e-01,-7.770825965506898969e-01,-8.415449741665600447e-01,-8.853216642729699881e-01,-9.138400311740014770e-01,-9.316933564753691055e-01,-9.424314773467310502e-01,-9.486181783773180998e-01,-9.520064471236340253e-01,-9.537401353504595392e-01,-9.545352767150169226e-01,-9.548234341473268438e-01,-9.548557001689615964e-01,-9.547733744985303916e-01,-9.546534733407453510e-01,-9.545366869767165641e-01,-9.544438307285516565e-01,-9.543851185608070997e-01,-9.543651176990847196e-01,-1.000000000000000000e+00,-1.000000000000000000e+00,-1.000000000000000000e+00,-1.000000000000000000e+00,-1.000000000000000000e+00,-1.000000000000000000e+00,-1.000000000000000000e+00,-1.000000000000000000e+00,-1.000000000000000000e+00,-1.000000000000000000e+00,-1.000000000000000000e+00,-1.000000000000000000e+00,-1.000000000000000000e+00,-1.000000000000000000e+00,-1.000000000000000000e+00,-1.000000000000000000e+00,-1.000000000000000000e+00,-1.000000000000000000e+00,-1.000000000000000000e+00,-1.000000000000000000e+00,-1.000000000000000000e+00,-1.000000000000000000e+00,-1.000000000000000000e+00,-1.000000000000000000e+00,-1.000000000000000000e+00,-1.000000000000000000e+00,-1.000000000000000000e+00,-1.000000000000000000e+00,-1.000000000000000000e+00,-1.000000000000000000e+00,-1.000000000000000000e+00,-1.000000000000000000e+00,-1.000000000000000000e+00,-1.000000000000000000e+00,-1.000000000000000000e+00,-1.000000000000000000e+00,-1.000000000000000000e+00,-1.000000000000000000e+00,-1.000000000000000000e+00,-1.000000000000000000e+00,-1.000000000000000000e+00,-1.000000000000000000e+00,-1.000000000000000000e+00,-1.000000000000000000e+00,-1.000000000000000000e+00,-1.000000000000000000e+00
-1.000000000000000000e+00,-1.000000000000000000e+00,-1.000000000000000000e+00,-1.000000000000000000e+00,-1.000000000000000000e+00,-1.000000000000000000e+00,-1.000000000000000000e+00,-1.000000000000000000e+00,-1.000000000000000000e+00,-1.000000000000000000e+00,-1.000000000000000000e+00,-1.000000000000000000e+00,-1.000000000000000000e+00,-1.000000000000000000e+00,-1.000000000000000000e+00,-1.000000000000000000e+00,-1.000000000000000000e+00,-1.000000000000000000e+00,-1.000000000000000000e+00,-1.000000000000000000e+00,-1.000000000000000000e+00,-1.000000000000000000e+00,-1.000000000000000000e+00,-1.000000000000000000e+00,-1.000000000000000000e+00,-1.000000000000000000e+00,-1.000000000000000000e+00,-1.000000000000000000e+00,-1.000000000000000000e+00,-1.000000000000000000e+00,-1.000000000000000000e+00,-1.000000000000000000e+00,-1.000000000000000000e+00,-1.000000000000000000e+00,-1.000000000000000000e+00,-1.000000000000000000e+00,-1.000000000000000000e+00,-1.000000000000000000e+00,-1.000000000000000000e+00,-1.000000000000000000e+00,-1.000000000000000000e+00,-1.000000000000000000e+00,-1.000000000000000000e+00,-1.000000000000000000e+00,-1.000000000000000000e+00,-1.000000000000000000e+00,-9.543355771669943532e-01,-9.543555777589628475e-01,-9.544142890629225828e-01,-9.545071435581017338e-01,-9.546239265596671020e-01,-9.547438214899932607e-01,-9.548261352990885520e-01,-9.547938468994002781e-01,-9.545056473811596165e-01,-9.537104279136866536e-01,-9.519765977841656568e-01,-9.485880774965264051e-01,-9.424009427337961542e-01,-9.316620960895737324e-01,-9.138075948242603275e-01,-8.852873872509701147e-01,-8.415079216400953577e-01,-7.770415263193456434e-01,-6.863044515543144097e-01,-5.649091133748548321e-01,-4.117698011237178601e-01,-2.317000779816885681e-01,-3.770944612304272248e-02,1.482388608571232336e-01,2.972539834279663840e-01,3.796593817351165967e-01,3.796593817226168177e-01,2.972539833883511839e-01,1.482388607874869368e-01,-3.770944622465399743e-02,-2.317000781121452135e-01,-4.117698012764098303e-01,-5.649091135393908836e-01,-6.863044517258225508e-01,-7.770415264905139452e-01,-8.415079218082294199e-01,-8.852873874106075291e-01,-9.138075949803972087e-01,-9.316620962500461456e-01,-9.424009429106386948e-01,-9.485880776963654393e-01,-9.519765980140622030e-01,-9.537104281805837136e-01,-9.545056476867272988e-01,-9.547938472722887759e-01,-9.548261357067604482e-01,-9.547438218865990089e-01,-9.546239270171958946e-01,-9.545071440279961905e-01,-9.544142895886719158e-01,-9.543555783105998058e-01,-9.543355777154736153e-01,-1.000000000000000000e+00,-1.000000000000000000e+00,-1.000000000000000000e+00,-1.000000000000000000e+00,-1.000000000000000000e+00,-1.000000000000000000e+00,-1.000000000000000000e+00,-1.000000000000000000e+00,-1.000000000000000000e+00,-1.000000000000000000e+00,-1.000000000000000000e+00,-1.000000000000000000e+00,-1.000000000000000000e+00,-1.000000000000000000e+00,-1.000000000000000000e+00,-1.000000000000000000e+00,-1.000000000000000000e+00,-1.000000000000000000e+00,-1.000000000000000000e+00,-1.000000000000000000e+00,-1.000000000000000000e+00,-1.000000000000000000e+00,-1.000000000000000000e+00,-1.000000000000000000e+00,-1.000000000000000000e+00,-1.000000000000000000e+00,-1.000000000000000000e+00,-1.000000000000000000e+00,-1.000000000000000000e+00,-1.000000000000000000e+00,-1.000000000000000000e+00,-1.000000000000000000e+00,-1.000000000000000000e+00,-1.000000000000000000e+00,-1.000000000000000000e+00,-1.000000000000000000e+00,-1.000000000000000000e+00,-1.000000000000000000e+00,-1.000000000000000000e+00,-1.000000000000000000e+00,-1.000000000000000000e+00,-1.000000000000000000e+00,-1.000000000000000000e+00,-1.000000000000000000e+00,-1.000000000000000000e+00,-1.000000000000000000e+00
-1.000000000000000000e+00,-1.000000000000000000e+00,-1.000000000000000000e+00,-1.000000000000000000e+00,-1.000000000000000000e+00,-1.000000000000000000e+00,-1.000000000000000000e+00,-1.000000000000000000e+00,-1.000000000000000000e+00,-1.000000000000000000e+00,-1.000000000000000000e+00,-1.000000000000000000e+00,-1.000000000000000000e+00,-1.000000000000000000e+00,-1.000000000000000000e+00,-1.000000000000000000e+00,-1.000000000000000000e+00,-1.000000000000000000e+00,-1.000000000000000000e+00,-1.000000000000000000e+00,-1.000000000000000000e+00,-1.000000000000000000e+00,-1.000000000000000000e+00,-1.000000000000000000e+00,-1.000000000000000000e+00,-1.000000000000000000e+00,-1.000000000000000000e+00,-1.000000000000000000e+00,-1.000000000000000000e+00,-1.000000000000000000e+00,-1.000000000000000000e+00,-1.000000000000000000e+00,-1.000000000000000000e+00,-1.000000000000000000e+00,-1.000000000000000000e+00,-1.000000000000000000e+00,-1.000000000000000000e+00,-1.000000000000000000e+00,-1.000000000000000000e+00,-1.000000000000000000e+00,-1.000000000000000000e+00,-1.000000000000000000e+00,-1.000000000000000000e+00,-1.000000000000000000e+00,-1.000000000000000000e+00,-1.000000000000000000e+00,-9.543105521020547322e-01,-9.543305524680241181e-01,-9.543892630269821264e-01,-9.544821160107319624e-01,-9.545988961319068489e-01,-9.547187857903285391e-01,-9.548010896696852434e-01,-9.547687823326806988e-01,-9.544805471933724972e-01,-9.536852616783427772e-01,-9.519513115254438773e-01,-9.485625784662633508e-01,-9.423750767959526708e-01,-9.316356161590894081e-01,-9.137801199919354245e-01,-8.852583550674250068e-01,-8.414765410519547961e-01,-7.770067461260198316e-01,-6.862649681738151042e-01,-5.648634489542063708e-01,-4.117164822512021649e-01,-2.316379276954660948e-01,-3.763796163586630161e-02,1.483191281405888962e-01,2.973411774638501370e-01,3.797503834031781267e-01,3.797503833767654768e-01,2.973411773877914221e-01,1.483191280235847120e-01,-3.763796178279910087e-02,-2.316379278586531143e-01,-4.117164824194792239e-01,-5.648634491201512953e-01,-6.862649683371622178e-01,-7.770067462842576989e-01,-8.414765412095553954e-01,-8.852583552219011054e-01,-9.137801201487046887e-01,-9.316356163272727642e-01,-9.423750769883995071e-01,-9.485625786928947312e-01,-9.519513117954364612e-01,-9.536852619921047935e-01,-9.544805475496853653e-01,-9.547687827387743020e-01,-9.548010900846706228e-01,-9.547187862460200236e-01,-9.545988966593561553e-01,-9.544821164863032115e-01,-9.543892635481642239e-01,-9.543305530096929390e-01,-9.543105526362440916e-01,-1.000000000000000000e+00,-1.000000000000000000e+00,-1.000000000000000000e+00,-1.000000000000000000e+00,-1.000000000000000000e+00,-1.000000000000000000e+00,-1.000000000000000000e+00,-1.000000000000000000e+00,-1.000000000000000000e+00,-1.000000000000000000e+00,-1.000000000000000000e+00,-1.000000000000000000e+00,-1.000000000000000000e+00,-1.000000000000000000e+00,-1.000000000000000000e+00,-1.000000000000000000e+00,-1.000000000000000000e+00,-1.000000000000000000e+00,-1.000000000000000000e+00,-1.000000000000000000e+00,-1.000000000000000000e+00,-1.000000000000000000e+00,-1.000000000000000000e+00,-1.000000000000000000e+00,-1.000000000000000000e+00,-1.000000000000000000e+00,-1.000000000000000000e+00,-1.000000000000000000e+00,-1.000000000000000000e+00,-1.000000000000000000e+00,-1.000000000000000000e+00,-1.000000000000000000e+00,-1.000000000000000000e+00,-1.000000000000000000e+00,-1.000000000000000000e+00,-1.000000000000000000e+00,-1.000000000000000000e+00,-1.000000000000000000e+00,-1.000000000000000000e+00,-1.000000000000000000e+00,-1.000000000000000000e+00,-1.000000000000000000e+00,-1.000000000000000000e+00,-1.000000000000000000e+00,-1.000000000000000000e+00,-1.000000000000000000e+00
-1.000000000000000000e+00,-1.000000000000000000e+00,-1.000000000000000000e+00,-1.000000000000000000e+00,-1.000000000000000000e+00,-1.000000000000000000e+00,-1.000000000000000000e+00,-1.000000000000000000e+00,-1.000000000000000000e+00,-1.000000000000000000e+00,-1.000000000000000000e+00,-1.000000000000000000e+00,-1.000000000000000000e+00,-1.000000000000000000e+00,-1.000000000000000000e+00,-1.000000000000000000e+00,-1.000000000000000000e+00,-1.000000000000000000e+00,-1.000000000000000000e+00,-1.000000000000000000e+00,-1.000000000000000000e+00,-1.000000000000000000e+00,-1.000000000000000000e+00,-1.000000000000000000e+00,-1.000000000000000000e+00,-1.000000000000000000e+00,-1.000000000000000000e+00,-1.000000000000000000e+00,-1.000000000000000000e+00,-1.000000000000000000e+00,-1.000000000000000000e+00,-1.000000000000000000e+00,-1.000000000000000000e+00,-1.000000000000000000e+00,-1.000000000000000000e+00,-1.000000000000000000e+00,-1.000000000000000000e+00,-1.000000000000000000e+00,-1.000000000000000000e+00,-1.000000000000000000e+00,-1.000000000000000000e+00,-1.000000000000000000e+00,-1.000000000000000000e+00,-1.000000000000000000e+00,-1.000000000000000000e+00,-1.000000000000000000e+00,-9.542900568227498104e-01,-9.543100570028648644e-01,-9.543687669649674188e-01,-9.544616187568067955e-01,-9.545783965766729828e-01,-9.546982818492379952e-01,-9.547805775974492759e-01,-9.547482548333203756e-01,-9.544599906013352397e-01,-9.536646510971436008e-01,-9.519306028029446143e-01,-9.485416957250045744e-01,-9.423538939366908895e-01,-9.316139310299869081e-01,-9.137576209470605892e-01,-8.852345819175740926e-01,-8.414508465418854000e-01,-7.769782701114861245e-01,-6.862326439562709268e-01,-5.648260671742844075e-01,-4.116728371154227961e-01,-2.315870559235924109e-01,-3.757945158622133519e-02,1.483848254334181327e-01,2.974125432599341590e-01,3.798248651972373491e-01,3.798248651570101941e-01,2.974125431477876447e-01,1.483848252667339107e-01,-3.757945178867638791e-02,-2.315870561393043037e-01,-4.116728373261210328e-01,-5.648260673700438161e-01,-6.862326441333652660e-01,-7.769782702695556820e-01,-8.414508466933119379e-01,-8.852345820716056579e-01,-9.137576211175900687e-01,-9.316139312267541772e-01,-9.423538941648469391e-01,-9.485416959909851453e-01,-9.519306031164356252e-01,-9.536646514611220038e-01,-9.544599910164645040e-01,-9.547482552955790513e-01,-9.547805780809488496e-01,-9.546982823807801388e-01,-9.545783971028934944e-01,-9.544616192259434140e-01,-9.543687675046130803e-01,-9.543100575614557046e-01,-9.542900573724526492e-01,-1.000000000000000000e+00,-1.000000000000000000e+00,-1.000000000000000000e+00,-1.000000000000000000e+00,-1.000000000000000000e+00,-1.000000000000000000e+00,-1.000000000000000000e+00,-1.000000000000000000e+00,-1.000000000000000000e+00,-1.000000000000000000e+00,-1.000000000000000000e+00,-1.000000000000000000e+00,-1.000000000000000000e+00,-1.000000000000000000e+00,-1.000000000000000000e+00,-1.000000000000000000e+00,-1.000000000000000000e+00,-1.000000000000000000e+00,-1.000000000000000000e+00,-1.000000000000000000e+00,-1.000000000000000000e+00,-1.000000000000000000e+00,-1.000000000000000000e+00,-1.000000000000000000e+00,-1.000000000000000000e+00,-1.000000000000000000e+00,-1.000000000000000000e+00,-1.000000000000000000e+00,-1.000000000000000000e+00,-1.000000000000000000e+00,-1.000000000000000000e+00,-1.000000000000000000e+00,-1.000000000000000000e+00,-1.000000000000000000e+00,-1.000000000000000000e+00,-1.000000000000000000e+00,-1.000000000000000000e+00,-1.000000000000000000e+00,-1.000000000000000000e+00,-1.000000000000000000e+00,-1.000000000000000000e+00,-1.000000000000000000e+00,-1.000000000000000000e+00,-1.000000000000000000e+00,-1.000000000000000000e+00,-1.000000000000000000e+00
-1.000000000000000000e+00,-1.000000000000000000e+00,-1.000000000000000000e+00,-1.000000000000000000e+00,-1.000000000000000000e+00,-1.000000000000000000e+00,-1.000000000000000000e+00,-1.000000000000000000e+00,-1.000000000000000000e+00,-1.000000000000000000e+00,-1.000000000000000000e+00,-1.000000000000000000e+00,-1.000000000000000000e+00,-1.000000000000000000e+00,-1.000000000000000000e+00,-1.000000000000000000e+00,-1.000000000000000000e+00,-1.000000000000000000e+00,-1.000000000000000000e+00,-1.000000000000000000e+00,-1.000000000000000000e+00,-1.000000000000000000e+00,-1.000000000000000000e+00,-1.000000000000000000e+00,-1.000000000000000000e+00,-1.000000000000000000e+00,-1.000000000000000000e+00,-1.000000000000000000e+00,-1.000000000000000000e+00,-1.000000000000000000e+00,-1.000000000000000000e+00,-1.000000000000000000e+00,-1.000000000000000000e+00,-1.000000000000000000e+00,-1.000000000000000000e+00,-1.000000000000000000e+00,-1.000000000000000000e+00,-1.000000000000000000e+00,-1.000000000000000000e+00,-1.000000000000000000e+00,-1.000000000000000000e+00,-1.000000000000000000e+00,-1.000000000000000000e+00,-1.000000000000000000e+00,-1.000000000000000000e+00,-1.000000000000000000e+00,-9.542741034915601661e-01,-9.542941035186502940e-01,-9.543528129922120851e-01,-9.544456638053533393e-01,-9.545624399350217670e-01,-9.546823218656051990e-01,-9.547646112806904561e-01,-9.547322765302829195e-01,-9.544439896952182645e-01,-9.536486082248571972e-01,-9.519144836302172452e-01,-9.485254412386736611e-01,-9.423374060675387964e-01,-9.315970525573156191e-01,-9.137401094849241234e-01,-8.852160795413622774e-01,-8.414308498142144543e-01,-7.769561099859580988e-01,-6.862074906959210185e-01,-5.647969800348079383e-01,-4.116388780843156514e-01,-2.315474755910299498e-01,-3.753392962018875512e-02,1.484359382970903418e-01,2.974680656766084397e-01,3.798828115748609235e-01,3.798828115190755472e-01,2.974680655225301340e-01,1.484359380738566880e-01,-3.753392988007187014e-02,-2.315474758554881829e-01,-4.116388783297476595e-01,-5.647969802506167536e-01,-6.862074908796986783e-01,-7.769561101435320527e-01,-8.414308499606224512e-01,-8.852160796926829001e-01,-9.137401096606095896e-01,-9.315970527718967498e-01,-9.423374063268553646e-01,-9.485254415448952647e-01,-9.519144839863077356e-01,-9.536486086322577549e-01,-9.544439901555652472e-01,-9.547322770325060715e-01,-9.547646118027107720e-01,-9.546823224038578637e-01,-9.545624404505879124e-01,-9.544456643457566170e-01,-9.543528135648851052e-01,-9.542941040721302226e-01,-9.542741040302838984e-01,-1.000000000000000000e+00,-1.000000000000000000e+00,-1.000000000000000000e+00,-1.000000000000000000e+00,-1.000000000000000000e+00,-1.000000000000000000e+00,-1.000000000000000000e+00,-1.000000000000000000e+00,-1.000000000000000000e+00,-1.000000000000000000e+00,-1.000000000000000000e+00,-1.000000000000000000e+00,-1.000000000000000000e+00,-1.000000000000000000e+00,-1.000000000000000000e+00,-1.000000000000000000e+00,-1.000000000000000000e+00,-1.000000000000000000e+00,-1.000000000000000000e+00,-1.000000000000000000e+00,-1.000000000000000000e+00,-1.000000000000000000e+00,-1.000000000000000000e+00,-1.000000000000000000e+00,-1.000000000000000000e+00,-1.000000000000000000e+00,-1.000000000000000000e+00,-1.000000000000000000e+00,-1.000000000000000000e+00,-1.000000000000000000e+00,-1.000000000000000000e+00,-1.000000000000000000e+00,-1.000000000000000000e+00,-1.000000000000000000e+00,-1.000000000000000000e+00,-1.000000000000000000e+00,-1.000000000000000000e+00,-1.000000000000000000e+00,-1.000000000000000000e+00,-1.000000000000000000e+00,-1.000000000000000000e+00,-1.000000000000000000e+00,-1.000000000000000000e+00,-1.000000000000000000e+00,-1.000000000000000000e+00,-1.000000000000000000e+00
-1.000000000000000000e+00,-1.000000000000000000e+00,-1.000000000000000000e+00,-1.000000000000000000e+00,-1.000000000000000000e+00,-1.000000000000000000e+00,-1.000000000000000000e+00,-1.000000000000000000e+00,-1.000000000000000000e+00,-1.000000000000000000e+00,-1.000000000000000000e+00,-1.000000000000000000e+00,-1.000000000000000000e+00,-1.000000000000000000e+00,-1.000000000000000000e+00,-1.000000000000000000e+00,-1.000000000000000000e+00,-1.000000000000000000e+00,-1.000000000000000000e+00,-1.000000000000000000e+00,-1.000000000000000000e+00,-1.000000000000000000e+00,-1.000000000000000000e+00,-1.000000000000000000e+00,-1.000000000000000000e+00,-1.000000000000000000e+00,-1.000000000000000000e+00,-1.000000000000000000e+00,-1.000000000000000000e+00,-1.000000000000000000e+00,-1.000000000000000000e+00,-1.000000000000000000e+00,-1.000000000000000000e+00,-1.000000000000000000e+00,-1.000000000000000000e+00,-1.000000000000000000e+00,-1.000000000000000000e+00,-1.000000000000000000e+00,-1.000000000000000000e+00,-1.000000000000000000e+00,-1.000000000000000000e+00,-1.000000000000000000e+00,-1.000000000000000000e+00,-1.000000000000000000e+00,-1.000000000000000000e+00,-1.000000000000000000e+00,-9.542627015464560936e-01,-9.542827014835977284e-01,-9.543414106878425063e-01,-9.544342607364310060e-01,-9.545510355924338164e-01,-9.546709151580982100e-01,-9.547532000582835687e-01,-9.547208567517628808e-01,-9.544325537867452969e-01,-9.536371423599064867e-01,-9.519029632917661576e-01,-9.485138242758598404e-01,-9.423256224302059003e-01,-9.315849899465568074e-01,-9.137275947680375543e-01,-8.852028570569988597e-01,-8.414165599573152354e-01,-7.769402748423838156e-01,-6.861895175526890878e-01,-5.647761968612947658e-01,-4.116146147758195095e-01,-2.315191967502349124e-01,-3.750140634827148212e-02,1.484724555139558255e-01,2.975077329659141512e-01,3.799242104878322035e-01,3.799242104207214421e-01,2.975077327787059023e-01,1.484724552428622335e-01,-3.750140665820078656e-02,-2.315191970584100645e-01,-4.116146150514525814e-01,-5.647761970905926798e-01,-6.861895177360022302e-01,-7.769402749955629517e-01,-8.414165601023735341e-01,-8.852028572178285426e-01,-9.137275949607417402e-01,-9.315849901804109656e-01,-9.423256227097400739e-01,-9.485138246035625942e-01,-9.519029636741946909e-01,-9.536371427989855931e-01,-9.544325542822228448e-01,-9.547208572857907027e-01,-9.547532006120136305e-01,-9.546709157151972436e-01,-9.545510361312413705e-01,-9.544342612854361807e-01,-9.543414111811324707e-01,-9.542827020033762819e-01,-9.542627020700314988e-01,-1.000000000000000000e+00,-1.000000000000000000e+00,-1.000000000000000000e+00,-1.000000000000000000e+00,-1.000000000000000000e+00,-1.000000000000000000e+00,-1.000000000000000000e+00,-1.000000000000000000e+00,-1.000000000000000000e+00,-1.000000000000000000e+00,-1.000000000000000000e+00,-1.000000000000000000e+00,-1.000000000000000000e+00,-1.000000000000000000e+00,-1.000000000000000000e+00,-1.000000000000000000e+00,-1.000000000000000000e+00,-1.000000000000000000e+00,-1.000000000000000000e+00,-1.000000000000000000e+00,-1.000000000000000000e+00,-1.000000000000000000e+00,-1.000000000000000000e+00,-1.000000000000000000e+00,-1.000000000000000000e+00,-1.000000000000000000e+00,-1.000000000000000000e+00,-1.000000000000000000e+00,-1.000000000000000000e+00,-1.000000000000000000e+00,-1.000000000000000000e+00,-1.000000000000000000e+00,-1.000000000000000000e+00,-1.000000000000000000e+00,-1.000000000000000000e+00,-1.000000000000000000e+00,-1.000000000000000000e+00,-1.000000000000000000e+00,-1.000000000000000000e+00,-1.000000000000000000e+00,-1.000000000000000000e+00,-1.000000000000000000e+00,-1.000000000000000000e+00,-1.000000000000000000e+00,-1.000000000000000000e+00,-1.000000000000000000e+00
-1.000000000000000000e+00,-1.000000000000000000e+00,-1.000000000000000000e+00,-1.000000000000000000e+00,-1.000000000000000000e+00,-1.000000000000000000e+00,-1.000000000000000000e+00,-1.000000000000000000e+00,-1.000000000000000000e+00,-1.000000000000000000e+00,-1.000000000000000000e+00,-1.000000000000000000e+00,-1.000000000000000000e+00,-1.000000000000000000e+00,-1.000000000000000000e+00,-1.000000000000000000e+00,-1.000000000000000000e+00,-1.000000000000000000e+00,-1.000000000000000000e+00,-1.000000000000000000e+00,-1.000000000000000000e+00,-1.000000000000000000e+00,-1.000000000000000000e+00,-1.000000000000000000e+00,-1.000000000000000000e+00,-1.000000000000000000e+00,-1.000000000000000000e+00,-1.000000000000000000e+00,-1.000000000000000000e+00,-1.000000000000000000e+00,-1.000000000000000000e+00,-1.000000000000000000e+00,-1.000000000000000000e+00,-1.000000000000000000e+00,-1.000000000000000000e+00,-1.000000000000000000e+00,-1.000000000000000000e+00,-1.000000000000000000e+00,-1.000000000000000000e+00,-1.000000000000000000e+00,-1.000000000000000000e+00,-1.000000000000000000e+00,-1.000000000000000000e+00,-1.000000000000000000e+00,-1.000000000000000000e+00,-1.000000000000000000e+00,-9.542558576362175637e-01,-9.542758574503642510e-01,-9.543345665363059949e-01,-9.544274162040083942e-01,-9.545441902899476361e-01,-9.546640684457642356e-01,-9.547463506496082219e-01,-9.547140022148296046e-01,-9.544256895763442161e-01,-9.536302601779382826e-01,-9.518960484309354486e-01,-9.485068514498560255e-01,-9.423185496093262614e-01,-9.315777497522138573e-01,-9.137200833204116579e-01,-8.851949209574957456e-01,-8.414079834408734193e-01,-7.769307711515847092e-01,-6.861787310423597130e-01,-5.647637242873264629e-01,-4.116000540388595752e-01,-2.315022265716127903e-01,-3.748188935530838428e-02,1.484943690453308651e-01,2.975315366929338623e-01,3.799490532763740713e-01,3.799490532048861446e-01,2.975315364926331974e-01,1.484943687544153512e-01,-3.748188968793897402e-02,-2.315022269026832946e-01,-4.116000543328678374e-01,-5.647637245288701369e-01,-6.861787312305288600e-01,-7.769307713019384387e-01,-8.414079835766672399e-01,-8.851949211105492044e-01,-9.137200835115131259e-01,-9.315777499942241580e-01,-9.423185499068938986e-01,-9.485068518016908090e-01,-9.518960488445903367e-01,-9.536302606497890633e-01,-9.544256901024553708e-01,-9.547140027696263687e-01,-9.547463512134641839e-01,-9.546640690103790350e-01,-9.545441908441995027e-01,-9.544274167440165435e-01,-9.543345670476408582e-01,-9.542758580522044953e-01,-9.542558581787939920e-01,-1.000000000000000000e+00,-1.000000000000000000e+00,-1.000000000000000000e+00,-1.000000000000000000e+00,-1.000000000000000000e+00,-1.000000000000000000e+00,-1.000000000000000000e+00,-1.000000000000000000e+00,-1.000000000000000000e+00,-1.000000000000000000e+00,-1.000000000000000000e+00,-1.000000000000000000e+00,-1.000000000000000000e+00,-1.000000000000000000e+00,-1.000000000000000000e+00,-1.000000000000000000e+00,-1.000000000000000000e+00,-1.000000000000000000e+00,-1.000000000000000000e+00,-1.000000000000000000e+00,-1.000000000000000000e+00,-1.000000000000000000e+00,-1.000000000000000000e+00,-1.000000000000000000e+00,-1.000000000000000000e+00,-1.000000000000000000e+00,-1.000000000000000000e+00,-1.000000000000000000e+00,-1.000000000000000000e+00,-1.000000000000000000e+00,-1.000000000000000000e+00,-1.000000000000000000e+00,-1.000000000000000000e+00,-1.000000000000000000e+00,-1.000000000000000000e+00,-1.000000000000000000e+00,-1.000000000000000000e+00,-1.000000000000000000e+00,-1.000000000000000000e+00,-1.000000000000000000e+00,-1.000000000000000000e+00,-1.000000000000000000e+00,-1.000000000000000000e+00,-1.000000000000000000e+00,-1.000000000000000000e+00,-1.000000000000000000e+00
-1.000000000000000000e+00,-1.000000000000000000e+00,-1.000000000000000000e+00,-1.000000000000000000e+00,-1.000000000000000000e+00,-1.000000000000000000e+00,-1.000000000000000000e+00,-1.000000000000000000e+00,-1.000000000000000000e+00,-1.000000000000000000e+00,-1.000000000000000000e+00,-1.000000000000000000e+00,-1.000000000000000000e+00,-1.000000000000000000e+00,-1.000000000000000000e+00,-1.000000000000000000e+00,-1.000000000000000000e+00,-1.000000000000000000e+00,-1.000000000000000000e+00,-1.000000000000000000e+00,-1.000000000000000000e+00,-1.000000000000000000e+00,-1.000000000000000000e+00,-1.000000000000000000e+00,-1.000000000000000000e+00,-1.000000000000000000e+00,-1.000000000000000000e+00,-1.000000000000000000e+00,-1.000000000000000000e+00,-1.000000000000000000e+00,-1.000000000000000000e+00,-1.000000000000000000e+00,-1.000000000000000000e+00,-1.000000000000000000e+00,-1.000000000000000000e+00,-1.000000000000000000e+00,-1.000000000000000000e+00,-1.000000000000000000e+00,-1.000000000000000000e+00,-1.000000000000000000e+00,-1.000000000000000000e+00,-1.000000000000000000e+00,-1.000000000000000000e+00,-1.000000000000000000e+00,-1.000000000000000000e+00,-1.000000000000000000e+00,-9.542535760354948771e-01,-9.542735757270816022e-01,-9.543322847089570349e-01,-9.544251342569547436e-01,-9.545419080784373067e-01,-9.546617857572592403e-01,-9.547440670598503765e-01,-9.547117169143982673e-01,-9.544234010528777068e-01,-9.536279656661118542e-01,-9.518937430282198298e-01,-9.485045267288834125e-01,-9.423161915592405125e-01,-9.315753359120043653e-01,-9.137175790632916517e-01,-8.851922751504139875e-01,-8.414051241635133183e-01,-7.769276028183060845e-01,-6.861751351004914401e-01,-5.647595663159380441e-01,-4.115951999967744079e-01,-2.314965693573460825e-01,-3.747538317315735057e-02,1.485016741038800436e-01,2.975394718425297125e-01,3.799573347927951428e-01,3.799573347165625670e-01,2.975394716301427156e-01,1.485016737972466583e-01,-3.747538352129198280e-02,-2.314965696988849908e-01,-4.115952002922536046e-01,-5.647595665531413012e-01,-6.861751352841087837e-01,-7.769276029682428142e-01,-8.414051243026731131e-01,-8.851922753051645332e-01,-9.137175792496632365e-01,-9.315753361438556812e-01,-9.423161918448236252e-01,-9.485045270689314023e-01,-9.518937434338295978e-01,-9.536279661311806155e-01,-9.544234015768868762e-01,-9.547117174714990773e-01,-9.547440676213679867e-01,-9.546617863147138783e-01,-9.545419086239121942e-01,-9.544251347700624111e-01,-9.543322852166875592e-01,-9.542735762872974759e-01,-9.542535764274221455e-01,-1.000000000000000000e+00,-1.000000000000000000e+00,-1.000000000000000000e+00,-1.000000000000000000e+00,-1.000000000000000000e+00,-1.000000000000000000e+00,-1.000000000000000000e+00,-1.000000000000000000e+00,-1.000000000000000000e+00,-1.000000000000000000e+00,-1.000000000000000000e+00,-1.000000000000000000e+00,-1.000000000000000000e+00,-1.000000000000000000e+00,-1.000000000000000000e+00,-1.000000000000000000e+00,-1.000000000000000000e+00,-1.000000000000000000e+00,-1.000000000000000000e+00,-1.000000000000000000e+00,-1.000000000000000000e+00,-1.000000000000000000e+00,-1.000000000000000000e+00,-1.000000000000000000e+00,-1.000000000000000000e+00,-1.000000000000000000e+00,-1.000000000000000000e+00,-1.000000000000000000e+00,-1.000000000000000000e+00,-1.000000000000000000e+00,-1.000000000000000000e+00,-1.000000000000000000e+00,-1.000000000000000000e+00,-1.000000000000000000e+00,-1.000000000000000000e+00,-1.000000000000000000e+00,-1.000000000000000000e+00,-1.000000000000000000e+00,-1.000000000000000000e+00,-1.000000000000000000e+00,-1.000000000000000000e+00,-1.000000000000000000e+00,-1.000000000000000000e+00,-1.000000000000000000e+00,-1.000000000000000000e+00,-1.000000000000000000e+00
