Model: _005_20_26_CPC_metacentric_relaxed_MCF10A_chr19_PMP1_compare
Simulation: 1105102268_0
(SimID_1105102268_0 (PDE Simulation)) 
Sim time range (0.0 500.0) (saved timepoints 51) 
Number of variables 42 
Variable names ['BUB1a', 'BUB1a_pknl1', 'CPCa', 'CPCi', 'H2A', 'H3', 'H3_CPCa', 'H3_CPCi', 'H3S10rep', 'HASPINa', 'HASPINi', 'I', 'KNL1', 'NDC80', 'NDC80_TTKa', 'NDC80_TTKi', 'NDC80_pTTKa', 'NDC80_pTTKi', 'pH2A', 'pH2A_SGO1', 'pH2A_SGO1_CPCa', 'pH2A_SGO1_CPCi', 'pH3', 'pH3_CPCa', 'pH3_CPCi', 'pH3S10rep', 'pKNL1', 'pKNL1_bub1a', 'PLK1a', 'PLK1i', 'pTTKa', 'pTTKi', 'pNDC80', 'pNDC80_TTKa', 'pNDC80_TTKi', 'pNDC80_pTTKa', 'pNDC80_pTTKi', 'SGO1', 'SGO1_CPCi', 'SGO1_CPCa', 'TTKa', 'TTKi'] 
 
2D Slice for variable pH2A_SGO1 at time 290.0 in plane XY at Z = 0 
 
X in rows, Y in columns 
5.0381749435613585,5.0381806421725095,5.038197705975691,5.038226025053044,5.038265441847993,5.038315750253367,5.038376748430437,5.038448289502655,5.0385303588817525,5.038623197638963,5.038727479794961,5.03884456424569,5.0389768122464265,5.039128020780724,5.039303926576077,5.03951274918355,5.039765668603751,5.040076966375692,5.040463384652581,5.040941899287554,5.041524683358833,5.042209766530635,5.042966539001549,5.043718787350572,5.044338008416418,5.044677856374517,5.044677856421403,5.04433800831642,5.043718788854247,5.042966540944519,5.042209769754522,5.041524686478716,5.040941901027189,5.040463384797018,5.040076965953661,5.039765669003024,5.039512749870523,5.039303925961198,5.03912802027362,5.03897681122233,5.038844562823654,5.038727480173277,5.038623198050622,5.038530361126036,5.0384482932949375,5.0383767513034385,5.038315750631028,5.038265441862202,5.0382260266513,5.038197706317409,5.038180643286288,5.038174943328472
5.0383027786164805,5.038308484294266,5.0383255667713716,5.0383539198454175,5.038393379462397,5.038443743254471,5.038504810776358,5.038576430191401,5.038658585983696,5.038751517597033,5.0388559013104395,5.038973089549269,5.03910544618354,5.039256766720404,5.039432784345487,5.0396417199957995,5.03989475073171,5.040206155757994,5.040592676859041,5.041071289720269,5.041654165985237,5.042339332935212,5.043096178136519,5.043848487153139,5.044467750626143,5.044807620885712,5.044807620943755,5.044467750906771,5.04384848807524,5.043096180232479,5.042339335456822,5.041654168552773,5.041071291328199,5.040592677208343,5.040206155614777,5.039894751219821,5.039641721280597,5.039432785343341,5.039256766940164,5.039105445603947,5.038973087930971,5.038855899463649,5.038751516847018,5.0386585861040185,5.038576431670539,5.03850481241738,5.038443744639922,5.038393379042922,5.038353919584236,5.038325566508978,5.038308483762411,5.03830277752314
5.038686219135568,5.038691944604437,5.038709085330466,5.038737535746399,5.038777129240898,5.038827664087242,5.0388889349557395,5.038960787940761,5.039043203259866,5.0391364177963025,5.039241103186516,5.03935860937125,5.039491295453854,5.039642952687817,5.039819310649342,5.040028585275487,5.040281948928439,5.040593677404526,5.040980509937353,5.041459418679785,5.042042570651034,5.042727988535376,5.043485053960142,5.044237543455079,5.044856936729974,5.04519687491039,5.045196875185158,5.0448569376283965,5.044237545007542,5.0434850560940765,5.042727990430906,5.042042572282299,5.041459419963179,5.040980510927121,5.040593678046689,5.040281949720567,5.040028586677145,5.039819312411486,5.039642954205231,5.039491296043684,5.039358608749687,5.039241102044907,5.039136416616125,5.039043202547367,5.038960788379019,5.0388889361000935,5.03882766526908,5.038777129622113,5.038737535145807,5.038709084615596,5.0386919431040464,5.038686217092114
5.039325075616203,5.03933083290994,5.039348073342379,5.039376687708851,5.039416508152782,5.0394673291117265,5.039528941046548,5.039601186011177,5.039684037151453,5.039777727727479,5.039882921384804,5.040000961685486,5.040134202427214,5.040286425981811,5.040463354521597,5.040673197371573,5.0409271200424035,5.04123939273728,5.041626748494156,5.042106153029109,5.042689767578901,5.043375605774238,5.04413304057728,5.044885833038273,5.045505444350102,5.045845495516418,5.04584549586907,5.045505445157624,5.04488583456496,5.044133042014123,5.0433756070160705,5.0426897683560945,5.042106154103589,5.041626749590751,5.041239394033715,5.040927121375715,5.040673198869993,5.040463356487648,5.040286427586164,5.040134203752312,5.040000962732915,5.03988292087381,5.03977772682875,5.039684036733701,5.039601185489995,5.03952894179714,5.039467329519784,5.039416508294067,5.039376687516513,5.039348073089926,5.039330832641111,5.039325073740857
5.040219029217683,5.040224835853041,5.040242218504527,5.040271065188992,5.040311206181044,5.040362432325431,5.040424528564695,5.040497327537505,5.040580798080299,5.040675162759338,5.040781077045473,5.040899876531194,5.041033902269219,5.0411869272266845,5.041364663968103,5.041575311942764,5.041830026984624,5.042143069921688,5.0425311659066585,5.043011272072901,5.0435955393485985,5.0442819727920085,5.045039929147033,5.045793149321692,5.046413067095953,5.046753278165002,5.046753278347118,5.046413067810813,5.04579314959857,5.045039929531986,5.044281973371516,5.043595539997233,5.0430112725695695,5.042531167045103,5.04214307117107,5.041830028045273,5.0415753135987895,5.041364665988967,5.041186929088849,5.041033903646776,5.040899877618423,5.040781078010695,5.04067516263315,5.040580797475753,5.040497327350662,5.040424527993463,5.040362432516554,5.040311206297795,5.040271064696333,5.0402422180157895,5.0402248369375835,5.040219030936193
5.041367643338603,5.041373512589577,5.041391077740121,5.041420227908318,5.041460788768327,5.041512545257948,5.041575272626169,5.041648797578039,5.041733077245308,5.0418283235582715,5.041935181456303,5.042054971618163,5.042190022556545,5.042344094692157,5.042522887727764,5.042734586861848,5.042990335513064,5.043304383872501,5.0436934451581905,5.044174465087356,5.0447595841765756,5.045446792289594,5.0462054264759795,5.046959201959285,5.047579519022439,5.047919936926095,5.047919936927886,5.047579519125755,5.04695920212394,5.046205426328067,5.045446791983106,5.044759584532164,5.044174465837513,5.0436934459964275,5.043304384620514,5.0429903363466995,5.042734587666204,5.042522889068301,5.042344096535944,5.0421900240680255,5.042054972797374,5.041935182381219,5.041828324298199,5.041733077234197,5.0416487972408275,5.041575272316749,5.041512544986623,5.04146078941047,5.041420228335256,5.041391077557478,5.041373512261315,5.041367644264744
5.042770341614663,5.042776285936109,5.042794080048015,5.042823609352533,5.042864695309061,5.042917112464154,5.042980628672995,5.043055059054452,5.0431403486278565,5.043236695947063,5.043344729485847,5.043465754638739,5.0436020844924165,5.043757463014577,5.043937571643546,5.044150579799903,5.044407616302846,5.0447229161292615,5.045113178637599,5.045595335815161,5.046181513004505,5.046869681524316,5.047629156933379,5.0483836209022,5.049004431349802,5.049345105789821,5.049345106202591,5.049004431830587,5.048383620883708,5.0476291566837865,5.046869681205733,5.046181512597284,5.045595336167122,5.045113179156583,5.044722916877775,5.044407617074607,5.044150580333853,5.0439375720652135,5.043757464068716,5.043602086194066,5.043465755920341,5.043344730250137,5.043236696053498,5.043140348600816,5.043055058738833,5.042980628487963,5.042917112794085,5.0428646966744575,5.042823611397174,5.042794081011282,5.042776285550902,5.042770340489751
5.044426415217719,5.044432451636553,5.044450524474714,5.0444805147394725,5.044522235706095,5.044575453585812,5.044639925313469,5.0447154529890685,5.044801965613154,5.044899645040513,5.045009101892282,5.045131623011337,5.045269501594781,5.045426459700188,5.045608159432666,5.045822750882835,5.046081344100518,5.046398156751856,5.046789869712168,5.04727339834872,5.04786084982688,5.048550175750022,5.049310662312691,5.050065953091357,5.050687356577106,5.051028339142861,5.0510283393177975,5.050687357151927,5.050065953663457,5.049310662338374,5.048550175398731,5.047860849515219,5.047273397942725,5.046789869528146,5.046398157414832,5.0460813452921185,5.045822751427427,5.045608159668232,5.045426459914951,5.04526950238938,5.045131624500897,5.045009102649245,5.044899644982236,5.04480196477506,5.044715452185024,5.044639925453505,5.044575454501836,5.044522237439606,5.044480517182033,5.044450526900176,5.044432452560817,5.044426413979157
5.046335025451098,5.0463411728109975,5.046359576711795,5.046390114099661,5.046432589150548,5.04648675763568,5.046552364306683,5.046629193679497,5.046717158000138,5.046816418618152,5.046927565451252,5.047051861651498,5.047191576208483,5.047350407276809,5.047533992980709,5.0477504610525425,5.048010899222387,5.048329501770816,5.048722929750371,5.049208078856023,5.0497970354691395,5.050487725127763,5.0512494028242685,5.052005666664491,5.052627766791924,5.052969110428503,5.052969110464755,5.05262776708119,5.0520056674217,5.051249403487786,5.0504877253933405,5.049797035053499,5.049208078329315,5.048722929584778,5.048329501818561,5.048010899683877,5.047750461985775,5.047533993501013,5.047350407282791,5.047191576344596,5.0470518620943094,5.046927565885258,5.046816418532825,5.0467171571335605,5.046629193047168,5.0465523643028645,5.046486758755543,5.046432590634261,5.046390116670062,5.046359579841941,5.0463411744900535,5.046335024994488
5.04849519530175,5.048501472418447,5.04852026523155,5.048551442483548,5.0485947998269705,5.048650081917787,5.048717015935431,5.048795369477799,5.048885032835301,5.048986144593359,5.049099267851463,5.04922563988364,5.049367500838932,5.049528521038398,5.04971431173481,5.0499329726063555,5.0501955633034985,5.050516253578003,5.050911681273317,5.0513987174362045,5.051989423859054,5.052681698979842,5.053444758375546,5.054202148912581,5.054825054455277,5.055166815461923,5.055166815284764,5.054825054384776,5.054202149308135,5.053444758789964,5.052681699532574,5.051989424167037,5.051398717114007,5.05091168087504,5.050516253568968,5.050195563331678,5.049932972975865,5.049714312705882,5.049528521444554,5.049367500594246,5.049225639444498,5.049099267532496,5.048986143784144,5.048885032376764,5.048795369230794,5.048717016227578,5.0486500824702745,5.048594801064203,5.0485514443624115,5.048520267858628,5.048501475122665,5.048495196175079
5.050905805239863,5.050912234507233,5.050931476728978,5.050963395210683,5.051007775162929,5.051064346437557,5.0511328191572815,5.0512129385236175,5.0513045704180035,5.051407824905632,5.051523236865873,5.051652011350233,5.051796356299898,5.051959910228947,5.052148250891591,5.052369445118061,5.052634522322564,5.052957623122239,5.053355356134413,5.053844566447038,5.054437287712313,5.055131383665956,5.055896027567382,5.056654708261473,5.05727853438034,5.057620772428241,5.057620772295926,5.057278533900551,5.056654707793179,5.0558960277580836,5.0551313838875584,5.054437287910188,5.05384456682917,5.053355356310099,5.052957622827074,5.052634522306737,5.052369445392984,5.052148251188365,5.051959910705794,5.051796356105734,5.051652010601955,5.051523236029443,5.051407824209818,5.051304569759298,5.0512129386035465,5.051132819453315,5.051064346756241,5.051007775352126,5.050963395857383,5.050931478315027,5.050912236864365,5.050905807523708
5.053565591758163,5.053572194335858,5.053591952898372,5.053624723240963,5.053670279126247,5.053728333645768,5.053798575724125,5.05388072525251,5.053974619074527,5.054080336722971,5.054198378484335,5.054329912877281,5.054477111037682,5.0546435729604084,5.054834839143315,5.055058938900663,5.055326866063138,5.055652726570449,5.056053098193431,5.056544793887503,5.057139813757555,5.057835984252596,5.058602430446136,5.059362575466957,5.05998744561953,5.060330224179978,5.060330223780712,5.059987444810001,5.05936257461315,5.058602430061727,5.057835983933007,5.057139813821569,5.056544794326286,5.056053098703823,5.055652727067555,5.055326865990181,5.055058938984146,5.054834839276566,5.054643573078939,5.054477110443325,5.054329911721223,5.054198377575417,5.054080336496682,5.053974619066873,5.053880725137432,5.053798575381226,5.053728333412382,5.0536702787918335,5.053624723144906,5.05359195320517,5.053572195680991,5.05356559356779
5.056473135612418,5.056479935894758,5.05650028453338,5.056534029848367,5.056580930733174,5.056640681729974,5.056712945975042,5.056797415878944,5.056893895430617,5.057002428234551,5.057123474412043,5.057258160688881,5.057408615673462,5.057578397003693,5.057773000337328,5.058000412519768,5.058271586186205,5.058600589783851,5.059003962107599,5.059498480449776,5.060096107144601,5.060794626612874,5.0615631095828295,5.062324906472529,5.062950952159638,5.063294339040926,5.063294338847587,5.062950951160712,5.0623249051086745,5.061563108319408,5.060794626140819,5.060096107186913,5.059498480563168,5.059003962739528,5.05860059034795,5.058271586968352,5.058000412652453,5.057773000239165,5.057578396668268,5.057408615017159,5.0572581593075805,5.057123473397563,5.057002428301679,5.056893895984818,5.056797415713741,5.0567129452591235,5.056640680490784,5.0565809298595035,5.056534029035361,5.056500284650509,5.056479936723741,5.056473136852368
5.059626861798375,5.059633886929989,5.059654908723943,5.059689764190391,5.059738197130866,5.059799877928101,5.059874444844529,5.059961556113046,5.060060979072921,5.060172714548723,5.060297177106091,5.060435447260964,5.0605896053298345,5.060763157873873,5.0609615505753185,5.061192722621673,5.0614675799852975,5.061800144431913,5.062206913832666,5.062704622723636,5.063305192256236,5.064006358792553,5.064777131892392,5.0655407823133585,5.066168145697898,5.066512214161419,5.066512213807515,5.0661681450244584,5.065540781074192,5.0647771303117635,5.064006357806201,5.063305192173819,5.0627046228014345,5.0622069139474775,5.061800145040395,5.061467580404398,5.0611927232550995,5.060961550536738,5.0607631572300384,5.060589604653735,5.060435446878864,5.060297176577124,5.060172714202115,5.060060979293887,5.05996155618246,5.059874444264822,5.059799876656688,5.059738194940731,5.059689762781671,5.059654908451468,5.059633888043067,5.059626862823576
5.063025032198441,5.063032313745746,5.06305409916856,5.063090214733936,5.06314038464386,5.063204257052263,5.063281437051952,5.063371545534697,5.063474306678406,5.0635896727866045,5.063718008896182,5.063860341470707,5.064018694277823,5.064196516910109,5.0643991995010005,5.064634624709215,5.064913644630538,5.06525023069302,5.065660831314409,5.066162134711001,5.066766014470736,5.067470151896778,5.068243490380117,5.069009213813216,5.069638048074086,5.06998287652877,5.069982876436053,5.069638047759658,5.069009212849484,5.068243489056997,5.067470150916535,5.066766013849563,5.066162134730253,5.065660831389136,5.06525023084894,5.06491364488038,5.064634624641569,5.0643991992368065,5.064196516769208,5.064018694320316,5.063860341708457,5.063718009117811,5.0635896726943574,5.063474306256455,5.06337154527082,5.063281436473086,5.063204256050411,5.063140382977744,5.063090212506436,5.063054098238244,5.063032314350218,5.063025033431847
5.066665738402878,5.066673309973373,5.0666959593709215,5.066733500699047,5.066785638920589,5.066851992579591,5.066932130251482,5.067025630507067,5.067132167551728,5.067251641264942,5.067384357791706,5.067531282468502,5.067694375155032,5.0678770216186635,5.068084546223701,5.068324769249422,5.0686084815399735,5.068949596634217,5.0693645072835904,5.069869849033656,5.0704774406624855,5.071184903786253,5.071961108200602,5.0727291422190115,5.073359613622327,5.073705287024234,5.0737052872339605,5.073359613386324,5.072729141917303,5.071961107656639,5.071184902918697,5.070477440075823,5.069869848864149,5.069364507351893,5.068949596306528,5.0686084812815615,5.06832476869329,5.068084545835304,5.067877021555062,5.067694375910648,5.067531283322341,5.067384358585466,5.0672516413869335,5.0671321671571015,5.0670256297264515,5.066932129707234,5.066851991622244,5.0667856377581,5.066733499135873,5.066695958159714,5.066673309574803,5.066665738712854
5.0705468912008325,5.070554789038136,5.070578415516156,5.070617569204389,5.070671932037253,5.070741088914303,5.07082456811815,5.070921899198038,5.071032701023701,5.0711568117492485,5.071294472429805,5.071446578235384,5.071615017087871,5.071803100001829,5.072016079739697,5.072261704075542,5.072550695423993,5.072896900147354,5.073316649188571,5.073826517875738,5.074438263691276,5.075149441135454,5.075928839730536,5.076699444147999,5.077331732531986,5.077678343318473,5.0776783432493415,5.077331732654363,5.0766994443904405,5.075928840066317,5.075149440942884,5.074438263142763,5.073826517768745,5.073316649034374,5.072896899593399,5.072550694395174,5.0722617034510415,5.072016079264178,5.071803100145323,5.0716150176323795,5.071446579433037,5.071294473554253,5.071156812293586,5.071032700669672,5.070921898637195,5.070824567657902,5.070741088268383,5.070671931046008,5.070617568221261,5.070578414365339,5.070554788212373,5.070546889889085
5.074666210386174,5.074674478684178,5.074699207691905,5.074740181601953,5.0747970543564085,5.074869374533264,5.0749566241135255,5.0750582761128005,5.075173886790848,5.075303225936723,5.075446459199384,5.075604401846149,5.075778859792175,5.0759730619721095,5.076192177574533,5.076443873945163,5.076738793736661,5.07709070953867,5.077515881789795,5.078030816940207,5.078647203505584,5.0793625229201975,5.080145475886558,5.0809189332663625,5.081553235044743,5.081900883358379,5.081900883476642,5.081553235502602,5.0809189340067915,5.080145476572467,5.079362523272336,5.078647203307447,5.078030816477626,5.077515881475304,5.077090709084782,5.076738792852082,5.076443873034634,5.076192177394529,5.075973062063831,5.075778860150464,5.0756044024102644,5.075446459900109,5.075303226961907,5.07517388725669,5.075058275872281,5.074956623794565,5.07486937460378,5.074797053890912,5.074740180601426,5.074699206345013,5.074674476967011,5.074666209419967
5.079021221263836,5.079029905740078,5.0790558782603075,5.079098904231097,5.079158607002059,5.079234493989359,5.0793259921734855,5.079432512933825,5.079553541759339,5.079688769392576,5.079838275445096,5.080002785920629,5.080184014404828,5.080385095864161,5.080611105582269,5.080869618663583,5.08117118925514,5.081529506299872,5.081960748884507,5.082481346541456,5.083102911823518,5.083822843830243,5.084609745968326,5.085386366150326,5.086022896039544,5.086371691308166,5.086371691443929,5.086022896868874,5.085386367177747,5.084609746853919,5.083822844502873,5.083102911875561,5.082481345994228,5.0819607482670275,5.081529505855141,5.0811711890941815,5.080869618287714,5.080611105345073,5.080385095669282,5.0801840143316435,5.0800027860215815,5.079838275688621,5.079688770106139,5.0795535428336,5.079432513590285,5.079325992392486,5.079234494050468,5.079158607154587,5.079098903618018,5.079055876767598,5.079029903793422,5.079021219489968
5.083609233273674,5.083618386785847,5.0836457608271735,5.083691099225676,5.083753991517209,5.083833895244144,5.0839301788188,5.084042182157717,5.084169310543748,5.084311163791712,5.08446772566673,5.08463962117738,5.084828458972011,5.085037267191544,5.085271015865444,5.085537175534931,5.085846200995036,5.086211684770689,5.086649715757422,5.087176636677202,5.08780397475933,5.088529038683249,5.089320324309624,5.09010044766134,5.0907394401544535,5.091089502040881,5.091089502432536,5.090739440993831,5.090100448585082,5.089320325300268,5.088529039599395,5.08780397507958,5.087176636181717,5.086649715091257,5.086211684786496,5.085846201304065,5.0855371757164285,5.085271015576344,5.085037266833068,5.084828458481836,5.084639620826726,5.084467725673659,5.084311164345353,5.084169311576992,5.084042183522173,5.0839301794156775,5.0838338955383096,5.083753991737069,5.0836910992393385,5.083645759777592,5.083618385197603,5.08360923122326
5.088427332744977,5.088437015403114,5.088465968300981,5.088513911665494,5.08858039500505,5.088664822169448,5.088766492804315,5.088884667046669,5.089018657011999,5.089167962178127,5.089332456713565,5.089512650992753,5.08971003484908,5.089927517214514,5.090169947451473,5.090444679235174,5.090762054150873,5.091135556699711,5.091581173261033,5.092115149862018,5.092748919167511,5.093479688152151,5.094275836050668,5.095059835840906,5.095701548595834,5.096053008163643,5.096053008603004,5.095701549247579,5.095059836659945,5.094275836824144,5.0934796886704,5.092748919738495,5.092115150093111,5.091581173130466,5.091135556745301,5.0907620545950865,5.090444679657208,5.090169947450298,5.089927516922618,5.089710034525306,5.089512650480928,5.089332456675903,5.089167962576504,5.089018657951029,5.08888466793813,5.088766493455729,5.088664822723284,5.088580395778953,5.088513911853234,5.0884659678832325,5.088437014184886,5.088427331198989
5.093472368524467,5.093482647025505,5.093513377819866,5.093564254642588,5.0936347815085545,5.093724300377464,5.09383203382026,5.093957150336475,5.094098858307451,5.094256541379954,5.094429950844011,5.094619466901054,5.094826446293893,5.095053661253593,5.095305826163981,5.095590162644154,5.095916884173232,5.096299353215305,5.096753441934992,5.097295288218016,5.097936217680265,5.098673324958006,5.099474863061815,5.100263150700887,5.100907866375327,5.101260867669703,5.101260867885484,5.100907866974101,5.100263151190704,5.0994748635299905,5.098673325321217,5.097936218292645,5.097295289126296,5.096753442472587,5.096299353357462,5.095916884331125,5.095590163018722,5.095305826408308,5.095053661192503,5.094826446281611,5.094619467042117,5.094429950959769,5.094256541418812,5.094098858648593,5.093957150896846,5.093832034401377,5.093724301104483,5.093634782156535,5.093564255118092,5.093513377872024,5.093482646181217,5.093472367831137
5.098740933322559,5.098751882413213,5.09878461602898,5.098838795634838,5.098913874577866,5.09900912423751,5.099123680311187,5.0992566069976055,5.099406993767903,5.099574094606427,5.09975752108949,5.099957506623339,5.100175256177901,5.100413388187999,5.100676465233573,5.10097155899448,5.101308739056191,5.101701231255893,5.102164779079214,5.102715398578528,5.1033642958056005,5.104108442736343,5.10491595412711,5.105708982694425,5.10635701256529,5.106711713433585,5.106711713445033,5.106357012713169,5.105708983079465,5.1049159544307345,5.104108443331569,5.103364296527086,5.1027153994624435,5.1021647798869125,5.101701231574987,5.101308739185545,5.100971559128229,5.100676465488527,5.100413388479765,5.100175256344273,5.099957507121485,5.099757521396037,5.0995740946648525,5.0994069938539495,5.099256607072708,5.0991236811375025,5.099009125038014,5.098913874770833,5.0988387960379855,5.098784616251333,5.098751882739497,5.098740933879717
5.10422934593944,5.104241051440071,5.104276040230931,5.1043339390198,5.104414142483392,5.104515843954626,5.104638077899237,5.104779790227469,5.104939937098849,5.105117624859926,5.105312306185021,5.105524048766952,5.105753885057461,5.106004261130226,5.106279567114891,5.106586706733948,5.106935587135591,5.107339280213883,5.107813385568746,5.1083737822762085,5.109031543781752,5.109783507009324,5.11059763600614,5.111395905418347,5.1120475918731945,5.1124041657664545,5.112404165621067,5.112047591739639,5.111395905654723,5.110597636378104,5.1097835075319065,5.109031544457023,5.108373782944556,5.107813386371212,5.107339280563842,5.1069355870046875,5.106586706898373,5.106279567622159,5.1060042616476355,5.105753885410997,5.105524049148898,5.105312306756722,5.105117625189504,5.1049399373530795,5.1047797906187515,5.104638078361682,5.104515844067751,5.104414142803434,5.104333939319912,5.104276040684606,5.104241052568204,5.104229347964035
5.109933634141039,5.109946191070385,5.109983720005046,5.110045807600934,5.110131783373576,5.110240748232385,5.1103716240822115,5.110523222565055,5.110694347748721,5.1108839376105095,5.111091266198872,5.111316211511698,5.111559612620806,5.111823720548225,5.112112731006897,5.1124333576464025,5.112795324798475,5.113211532869823,5.113697419289064,5.114268709562611,5.114936330670793,5.115696970796483,5.116518429961349,5.1173224917469575,5.117978211432761,5.118336850107384,5.118336850049163,5.117978211367105,5.117322491633683,5.116518430133686,5.115696971245877,5.114936331334236,5.11426871005841,5.113697419811358,5.113211533471354,5.112795324786346,5.112433357467471,5.112112731400017,5.1118237213784194,5.111559613449352,5.111316211936847,5.11109126666667,5.1108839382305264,5.110694348185096,5.110523223450206,5.110371624305863,5.11024074819428,5.110131783512793,5.110045808156994,5.109983720613134,5.1099461918773,5.109933635497739
5.115849508517743,5.115863024632716,5.115903416534153,5.1159702248476915,5.116062703289697,5.116179850200552,5.116320457650804,5.116483185033683,5.116666662205874,5.116869637584205,5.117091180587055,5.1173309558415445,5.117589583832727,5.117869094130724,5.118173462660062,5.118509189249717,5.118885794205621,5.119315984421996,5.1198150148674015,5.1203984410922105,5.121077027611849,5.1218472983345,5.122676875816953,5.123487338682919,5.124147507747978,5.12450842160653,5.124508421594384,5.1241475073082485,5.12348733843772,5.122676876064355,5.121847298705448,5.121077028137888,5.120398441800911,5.119815015467551,5.119315984941687,5.1188857944354,5.118509189144137,5.118173462712441,5.117869094867915,5.117589584927018,5.117330956650985,5.117091181053341,5.1168696379363325,5.116666662798317,5.116483185812459,5.116320458170997,5.116179850608717,5.116062703861788,5.115970225141858,5.115903416680785,5.115863024357403,5.11584950840146
5.121972341768855,5.1219869400025075,5.1220305605280165,5.122102692146362,5.122202502752308,5.122328872569556,5.122480445984072,5.12265570820851,5.122853091529823,5.123071128064316,5.1233086554431555,5.123565096368311,5.123840822675195,5.1241376133403405,5.124459197122251,5.124811833176368,5.125204812000006,5.125650623390532,5.126164318618024,5.126761264316313,5.127452044474175,5.12823300326737,5.1290715718617665,5.129889108016083,5.130554184557663,5.1309176057497785,5.130917605422134,5.130554184130553,5.12988910767701,5.129071571828261,5.128233003720988,5.1274520450313155,5.126761265095581,5.126164319247322,5.12565062379767,5.125204812572813,5.124811833399673,5.124459197330121,5.124137614010476,5.1238408234448025,5.123565097147223,5.1233086557552525,5.123071128423914,5.1228530923298425,5.122655708764476,5.122480446690552,5.1223288733792955,5.1222025034335115,5.122102692504362,5.122030559968222,5.121986938644709,5.12197234107044
5.128297145183797,5.1283129644863985,5.128360230662814,5.1284383722437274,5.128546458618084,5.128683234976068,5.128847177522438,5.129036571688729,5.129249625813051,5.129484624457662,5.129740141676194,5.130015324512705,5.1303102629826185,5.13062645292538,5.130967342997902,5.1313389218635495,5.131750222145051,5.132213489020958,5.132743547663538,5.133355554288516,5.13405989391196,5.134852714901454,5.135701239642498,5.136526591769098,5.13719708129461,5.137563265454977,5.1375632652897325,5.1371970810657555,5.136526591461997,5.135701239357994,5.134852715048157,5.134059894446234,5.133355554839418,5.132743548130973,5.132213489388221,5.131750222956559,5.131338922856757,5.130967343562433,5.130626453197512,5.130310263395105,5.130015324747879,5.12974014186746,5.129484625266898,5.129249626791888,5.1290365724580465,5.128847178206429,5.128683235577239,5.128546459029959,5.1284383725492235,5.12836023015039,5.128312963579707,5.128297144097542
5.134818543675417,5.134835745189747,5.134887134243915,5.134972071369788,5.135089513068302,5.135238050183367,5.135415965339843,5.135621317660142,5.135852056921838,5.136106185402704,5.136381976039211,5.136678262150422,5.136994813067505,5.137332802226317,5.137695362900407,5.1380881787551465,5.138519990932033,5.139002771786512,5.139551095102153,5.140179883638441,5.140899303593263,5.141705289423221,5.14256483989566,5.143398829181459,5.144075289617237,5.14444451852104,5.144444518489895,5.144075289501583,5.1433988291718915,5.142564839695354,5.14170528927226,5.14089930363501,5.140179883707296,5.139551095386002,5.139002772389951,5.1385199918692255,5.138088180101719,5.137695363853334,5.1373328021706595,5.136994812789922,5.1366782623314045,5.136381976741338,5.136106186255505,5.135852057622564,5.135621318331452,5.1354159659974865,5.135238050283405,5.1350895134937495,5.134972071782501,5.134887134326753,5.134835744862822,5.134818542296542
5.141530761888924,5.141549530123444,5.141605592987903,5.141698232371683,5.141826275256057,5.141988134972517,5.1421818734901485,5.142405287560436,5.142656031099065,5.142931782397403,5.143230469543658,5.143550565996193,5.143891474083154,5.144254001908646,5.144640924093089,5.145057578987375,5.145512379986438,5.1460169956812045,5.146585719562134,5.14723321610133,5.147969413254012,5.148790013407841,5.149661776057133,5.150505311092291,5.151188357761297,5.15156094221637,5.151560942227855,5.151188357794563,5.150505310855849,5.149661776047327,5.148790013175668,5.147969412924935,5.147233215894718,5.146585719607955,5.14601699666582,5.145512381163808,5.145057580098676,5.144640924867485,5.144254001963877,5.143891473980539,5.143550566152794,5.143230470394794,5.142931783113937,5.1426560310977045,5.142405287691786,5.142181873575516,5.141988135481646,5.141826275892531,5.141698232715482,5.14160559322863,5.141549529943136,5.1415307618893875
5.148427612600555,5.1484481632439785,5.148509543808107,5.148610944924259,5.14875104505627,5.148928053277656,5.149139776007961,5.149383707765198,5.14965716080713,5.149957439801963,5.150282073660125,5.150629121694924,5.1509975648279385,5.15138779179327,5.151802169105968,5.152245642455477,5.152726257393673,5.1532553426578325,5.1538468798250054,5.154515252106127,5.155270127071067,5.156106958694234,5.156992252303785,5.15784633874382,5.15853665210749,5.158912934850555,5.158912934745345,5.158536651882452,5.157846338505401,5.156992252241136,5.156106958448222,5.155270126656129,5.1545152520042565,5.153846880194964,5.153255343366028,5.15272625831789,5.152245643181876,5.151802169905985,5.151387792377328,5.150997564895862,5.1506291220635765,5.150282074268655,5.1499574398597705,5.14965716048515,5.14938370742006,5.149139776053608,5.148928053977444,5.148751045134548,5.148610944825097,5.1485095443872595,5.148448164076169,5.148427613452776
5.1555025115412505,5.155525101539227,5.15559256547374,5.155703989577698,5.155857879661377,5.156052209580873,5.156284488170331,5.15655185950217,5.156851238218513,5.157179492794536,5.157533687930361,5.1579113998261885,5.158311120569466,5.158732755105748,5.159178199410976,5.1596519524128155,5.160161644136755,5.160718222767393,5.161335326985416,5.1620270328673366,5.1628027281007896,5.163657603721673,5.1645578987284075,5.165423653911032,5.166121987029859,5.166502346443307,5.166502346293638,5.166121986584471,5.165423653735554,5.164557898385356,5.163657603435377,5.162802727783239,5.16202703286584,5.161335327476788,5.160718223123692,5.160161644722557,5.159651953225802,5.159178200193892,5.158732755886825,5.158311121045368,5.1579114000315025,5.157533687865766,5.157179492586904,5.156851238144073,5.156551859271429,5.156284488200525,5.156052209302483,5.1558578793237615,5.155703989780308,5.155592565971431,5.155525102758487,5.155502512567116
5.162748530331998,5.162773473138597,5.162847954348355,5.1629709389738405,5.163140734509246,5.163355038615965,5.163611013848762,5.1639053924411105,5.164234620853385,5.1645950530379645,5.16498320359158,5.165396079340165,5.165831596558799,5.166289092959259,5.166769916921169,5.1672780538370136,5.167820662241807,5.1684082644312115,5.169054123303131,5.169771983085733,5.1705709370983115,5.171445904102055,5.172362849594793,5.17324151967726,5.173948708332838,5.17433356429357,5.174333564150883,5.173948708120026,5.173241519379104,5.17236284912463,5.171445903656003,5.170570936739787,5.1697719827845745,5.169054123453132,5.168408264953334,5.16782066297889,5.16727805475944,5.166769917368923,5.16628909363019,5.165831597227343,5.165396079429872,5.164983203096857,5.164595052899422,5.164234621120841,5.16390539213255,5.163611013259502,5.1633550381345374,5.163140734503425,5.162970938728016,5.162847954687437,5.1627734743185805,5.1627485318598065
5.170158516863792,5.170186206097252,5.170268879289086,5.170405361603317,5.170593727498835,5.170831351675343,5.171114986968052,5.171440876531854,5.171804906154629,5.172202810206837,5.172630441337287,5.173084119135115,5.173561068207002,5.174059946556285,5.174581455650834,5.175128982772352,5.17570914476855,5.176331988779403,5.177010367477305,5.177757674646512,5.178582703400238,5.179480100063186,5.180415562256202,5.18130854587699,5.182025523252401,5.182415341899045,5.182415341971187,5.182025523245526,5.181308545687589,5.180415561848185,5.179480099324269,5.178582702751259,5.177757674340981,5.177010367462199,5.1763319893236215,5.175709145406754,5.175128983239434,5.174581456115825,5.174059946977814,5.1735610689382225,5.1730841194971875,5.172630441060524,5.1722028099671995,5.171804905600644,5.17144087625167,5.1711149867506565,5.170831351326791,5.170593727077239,5.17040536154173,5.170268880053112,5.1701862068495394,5.170158516444921
5.177725322924483,5.1777562725160315,5.177848671825424,5.178001182891018,5.178211606384234,5.178476933745058,5.178793427870738,5.179156738421698,5.179562066294751,5.1800043826207895,5.180478720293035,5.180980547721664,5.181506232382432,5.182053598294914,5.182622563855423,5.183215802957245,5.18383930529714,5.184502584800424,5.185218052573987,5.185998745228993,5.186853164384834,5.187775704690172,5.188731821574278,5.1896407028675355,5.190368516754421,5.1907638192519565,5.190763819556003,5.190368516885975,5.1896407024719045,5.188731820871951,5.18777570405325,5.1868531639986335,5.185998745282394,5.185218052546084,5.1845025849002475,5.183839305339998,5.183215802890668,5.182622564284911,5.182053598980096,5.181506233394743,5.180980548231295,5.180478720273314,5.180004381716568,5.179562065723089,5.179156738280569,5.178793427390787,5.178476933569926,5.178211606246992,5.178001183693596,5.177848672035307,5.177756271378746,5.177725321295229
5.185442205474794,5.185477112122092,5.18558132084171,5.185753300858677,5.1859905287638695,5.1862895362620645,5.186645987455109,5.187054797950436,5.187510307414263,5.1880065184146815,5.188537415296517,5.1890973731790355,5.1896816618050625,5.190287046263438,5.190912464937597,5.191559719383365,5.192234060118273,5.192944400193527,5.193702686128941,5.194521610885543,5.1954094231491785,5.196360322754719,5.197339581769558,5.1982661767057285,5.199006014265824,5.199407386817433,5.19940738675891,5.199006014070097,5.198266176141427,5.197339581199555,5.19636032245857,5.195409423342618,5.194521611015105,5.193702686204274,5.192944399700106,5.192234059505727,5.191559719158321,5.190912465324976,5.190287047565698,5.189681662530754,5.189097373688444,5.1885374154837915,5.188006517969832,5.187510306726725,5.187054796980069,5.186645987091951,5.186289536450485,5.185990529722529,5.185753300747038,5.185581319940038,5.185477110667596,5.185442203418401
5.19330348257132,5.193343328068409,5.193462279138254,5.193658578668672,5.193929315767686,5.194270460991569,5.194676932357599,5.19514271072162,5.195661020068798,5.196224588933156,5.196826009282483,5.197458196311444,5.198114956783057,5.1987916582355345,5.19948596411252,5.200198576382134,5.200933851360066,5.201700023444544,5.202508568627308,5.20337188559111,5.204298063857765,5.205281223643543,5.206286575928314,5.20723299563376,5.207986215156833,5.2083943207102035,5.208394320397378,5.207986214750793,5.207232995268241,5.206286575779466,5.205281223719261,5.204298064055191,5.203371885710964,5.202508568768988,5.201700022913475,5.20093385076021,5.200198576252169,5.19948596463484,5.198791658819107,5.198114956954007,5.197458196969347,5.196826009848745,5.196224588957936,5.195661019135604,5.195142709978654,5.194676932418216,5.194270461693909,5.193929315808974,5.193658577804833,5.193462277904242,5.193343326591582,5.193303480546571
5.201305561954684,5.201351769112483,5.201489718029005,5.201717384317678,5.202031389887418,5.202427008312872,5.202898205010658,5.2034377356153945,5.204037328172706,5.20468797413644,5.20538034196012,5.206105319613105,5.206854685539929,5.207621882419353,5.208402851073333,5.209196853738224,5.210007134328611,5.210841159098511,5.211709957188635,5.212625751091714,5.213596656118478,5.21461693070723,5.215651947983381,5.216620682410526,5.217388852477756,5.217804447111291,5.217804447145563,5.217388852591243,5.216620682413965,5.215651947975506,5.2146169308129835,5.213596656233948,5.212625751371087,5.2117099570393135,5.2108411591002595,5.210007134253332,5.20919685381031,5.20840285121368,5.207621882006283,5.206854685936917,5.20610531982329,5.205380342261613,5.20468797458827,5.204037328115424,5.203437735655473,5.2028982051156465,5.202427008331626,5.2020313891861845,5.201717383148012,5.201489716316791,5.201351767485777,5.20130556042085
5.209448473206179,5.209503148163639,5.209666399291739,5.209935888095714,5.210307666705395,5.210776129339452,5.211333995038869,5.211972364795281,5.212680895565918,5.213448125704652,5.214261972479438,5.215110406575851,5.215982286598293,5.21686830399763,5.217761982705084,5.218660626661301,5.219566055421672,5.220484863122177,5.22142771444078,5.22240689252276,5.223430874006847,5.224494444763074,5.225563529255236,5.226557552326095,5.2273424965793005,5.2277664425691865,5.227766442631148,5.227342496699617,5.226557552602173,5.225563529529472,5.224494444883075,5.223430874186044,5.222406892652319,5.22142771451431,5.220484863391061,5.219566055704774,5.218660626997542,5.217761982722116,5.21686830373654,5.215982286258076,5.215110406364325,5.214261972659033,5.213448126504018,5.212680896411671,5.211972364851705,5.211333995098101,5.210776128724256,5.210307665466758,5.209935886234169,5.209666397482128,5.2095031469274256,5.209448472908478
5.217738060907984,5.2178043571993635,5.218002358390628,5.218329358214173,5.218780713372877,5.21934969113495,5.220027343069885,5.220802477405461,5.2216618010265226,5.222590288287113,5.223571807135753,5.2245900062300565,5.2256294119148174,5.226676664200768,5.227721782957786,5.228759320307246,5.2297892192466655,5.230817086516771,5.231853415487128,5.2329109800585245,5.233999208991453,5.235114079646744,5.236222727124393,5.237245611878217,5.238049445586038,5.238482717913596,5.238482717849324,5.23804944532526,5.237245611926099,5.236222727619616,5.23511408034849,5.2339992094542485,5.2329109800592795,5.2318534156722905,5.2308170867408785,5.229789220060131,5.2287593210741115,5.227721782875887,5.226676663936416,5.225629411157932,5.224590006060958,5.2235718075229265,5.222590288511187,5.2216618015857135,5.22080247820674,5.220027342849881,5.219349689789478,5.218780711418458,5.218329356639527,5.218002357224309,5.217804356830025,5.217738060833736
5.226188983264678,5.226271636886046,5.226518586576961,5.2269267059985856,5.227490506077586,5.228201796733272,5.229049360394249,5.230018763195881,5.231092421195782,5.232250020713164,5.233469346949795,5.234727507958472,5.236002468892591,5.237274768169273,5.238529222750273,5.239756422284208,5.24095377419233,5.242125792164374,5.24328318076286,5.244439963758228,5.245607524552268,5.246784135825875,5.2479392238260205,5.2489952393034605,5.249820378395837,5.250264052675903,5.250264052627582,5.249820378415093,5.24899523943099,5.247939224146441,5.246784136788312,5.245607525099949,5.244439964169968,5.243283180719499,5.242125792843205,5.240953775308393,5.239756422767767,5.238529222839349,5.237274767929978,5.236002468869481,5.234727507943659,5.233469346620695,5.232250020478739,5.231092421979761,5.230018763753361,5.2290493592394425,5.228201794631354,5.227490504552966,5.226926704894076,5.226518586535051,5.226271637349724,5.2261889834215935
5.234828615890012,5.234934710966332,5.235251860358269,5.235776483021546,5.236502081481584,5.23741857837956,5.238511639476118,5.239762187511497,5.241146313872325,5.242635758992111,5.244199051739494,5.24580327615505,5.247416332612384,5.249009441739846,5.25055958222613,5.252051540845051,5.253479246499546,5.254846068754776,5.256163640392423,5.257448537170353,5.258715754995303,5.259967656801957,5.261177693117439,5.262271822483897,5.26312091419551,5.263576106594773,5.263576106654403,5.263120914426746,5.2622718229442995,5.261177693632117,5.2599676570929645,5.258715755333171,5.257448537725117,5.256163641127608,5.254846069858156,5.253479247157213,5.252051541201889,5.250559582729277,5.249009442197943,5.247416333034893,5.245803275745332,5.244199051226581,5.242635759316766,5.241146313732873,5.239762186341448,5.2385116379811905,5.237418576737009,5.236502079979411,5.235776483160746,5.235251861361021,5.234934712016596,5.234828616089959
5.24370185557905,5.243841887923956,5.244260748409215,5.244954420066798,5.245915254900936,5.247130761829301,5.2485823219868255,5.250244176712238,5.25208304261529,5.25405864970466,5.256125353323074,5.2582347856306635,5.260339306009333,5.262395810834691,5.264369384484754,5.2662362455217,5.267985537109916,5.269619587666497,5.271152265262477,5.272604882386956,5.2739987470312455,5.2753431719287915,5.276618351085683,5.2777560991417145,5.278631784177833,5.279099500049239,5.279099500074792,5.278631784489582,5.277756099864275,5.276618351680653,5.275343171989628,5.273998747527644,5.272604882693695,5.271152266460268,5.2696195887471395,5.267985537650803,5.266236246032289,5.264369385130402,5.26239581151362,5.26033930639494,5.258234785821338,5.256125353452277,5.254058649268374,5.252083040897192,5.250244175186389,5.248582320507926,5.247130760282656,5.2459152548534576,5.244954421159912,5.244260749420585,5.243841889014836,5.243701857237132
5.252876629521412,5.25306594456875,5.2536326283191865,5.2545723713653585,5.255876338995102,5.257529043705212,5.259506033828309,5.26177196769427,5.264279678045784,5.266970731026381,5.26977775974466,5.272628541171599,5.2754513920449915,5.278181149943342,5.280764816692063,5.283165962444826,5.285367202665475,5.287370310686772,5.289193722912534,5.290867117287397,5.292422440958764,5.293880429163276,5.295232193012922,5.2964189536894315,5.297323305879034,5.297804118895232,5.297804119026744,5.297323306407266,5.2964189543947136,5.295232193465064,5.293880429579799,5.292422441378766,5.290867118126045,5.289193724128549,5.287370311306436,5.285367203092584,5.283165962876259,5.280764817098584,5.278181150862801,5.275451392647828,5.2726285419223125,5.269777759905569,5.266970729706093,5.2642796765160424,5.261771965294348,5.259506032564502,5.257529043948445,5.255876339711236,5.254572372004985,5.253632629509834,5.253065946151347,5.252876630934243
5.262449644946554,5.26271031711033,5.263491229168578,5.264788184948249,5.266591406355363,5.268881907370919,5.271627469141314,5.2747791524732905,5.278269352828991,5.282012266704994,5.285907310103373,5.289845467982791,5.293717891713783,5.297425475779493,5.300887792083234,5.304049852065564,5.306885585586629,5.309397552304691,5.311612885308954,5.31357560372166,5.315335143742403,5.316930546185905,5.318370110546037,5.319609696109219,5.320543080590732,5.321036514408096,5.321036514674842,5.320543081406451,5.319609696687349,5.318370111047415,5.316930546505704,5.315335144245606,5.313575605135968,5.3116128864731,5.309397552672168,5.306885585598465,5.30404985233355,5.300887792804512,5.297425476422679,5.293717892417713,5.289845468722986,5.285907310075061,5.282012265721524,5.278269350551057,5.274779151337966,5.271627468834529,5.268881908049735,5.266591407029717,5.264788185926753,5.263491230084819,5.26271031807072,5.262449646898192
5.272551534695241,5.272914742690468,5.274003795714419,5.2758155328739,5.278340100932204,5.281554910099894,5.285417794754095,5.289860875622693,5.29478677644933,5.30006871888179,5.305555510908944,5.311081510872353,5.316480493127612,5.32160120582577,5.326321782789191,5.330560302727296,5.3342796901962615,5.337486427987969,5.340223626699596,5.342559442608263,5.344571546924639,5.346327708895974,5.347862633301656,5.349154310437585,5.350113244350867,5.350616659219739,5.350616659769114,5.350113245059102,5.34915431085145,5.3478626340789726,5.3463277097165625,5.344571547863027,5.3425594436881845,5.340223627251015,5.33748642831498,5.334279690653198,5.330560303060763,5.3263217828173905,5.321601205792762,5.316480494410201,5.311081511296177,5.305555510474043,5.300068717641165,5.294786776287018,5.289860875795309,5.285417794903754,5.2815549106024635,5.278340101710772,5.275815533136539,5.274003796474375,5.272914744118101,5.272551536640278
5.283350122627801,5.283859030870976,5.285386450726305,5.287932142783618,5.291488310444139,5.2960297188989,5.301502283170678,5.307812457492925,5.3148201274217755,5.322337669324949,5.330137098484311,5.337965751342231,5.345568835692242,5.352715052164726,5.359220196023906,5.364963871415846,5.369896281719669,5.374034627851347,5.377450832933219,5.3802532346328125,5.382564465201763,5.384496563027037,5.386123859025324,5.387456857818775,5.388430244553259,5.388936930414408,5.388936930638502,5.388430244809467,5.387456858704044,5.386123859922187,5.384496564439244,5.382564466616942,5.380253234994358,5.37745083297709,5.374034628570302,5.369896282255786,5.364963871250209,5.359220195848133,5.352715053193325,5.345568835418428,5.3379657507798335,5.3301370978304075,5.322337670232192,5.314820128370546,5.307812458312499,5.301502284301457,5.2960297191397725,5.291488310452827,5.287932143536185,5.2853864512674305,5.283859032003735,5.2833501236374705
5.295050069054774,5.295763166396546,5.297905775098893,5.301484194092993,5.306497220890593,5.312920284772991,5.320686688309938,5.329669486442848,5.339668379073424,5.350406226126637,5.361538926708298,5.372680043288567,5.38343777340721,5.393457726710475,5.402462187443741,5.410276905740127,5.416840130273398,5.4221938460461425,5.426461450931596,5.429817761295657,5.432456241304399,5.434555998386806,5.436249435919309,5.437593382205325,5.438556191374438,5.439052239732629,5.439052239556667,5.438556191728649,5.437593383038909,5.436249436928953,5.434555999862302,5.432456242628742,5.429817761863065,5.426461451123857,5.422193846151587,5.416840130206326,5.410276906222554,5.402462188501802,5.39345772645083,5.383437772328105,5.372680042387109,5.3615389272541485,5.35040622715479,5.33966838085212,5.329669488169997,5.320686689052522,5.312920285222082,5.306497221721602,5.30148419443894,5.297905775487476,5.2957631664455445,5.2950500689139295
5.307886786703681,5.308881527335575,5.311874103907709,5.316883966539499,5.323925408180189,5.332982538755228,5.343978868193082,5.356746655349018,5.3710029488323165,5.38634029731143,5.402239442319781,5.418107719718465,5.433340173935274,5.447392075074758,5.459845462824048,5.470452670908826,5.4791473865742235,5.486024626622794,5.491299353022851,5.495256024664526,5.498198718305598,5.500406467441681,5.50209460450125,5.503383649507614,5.504286760999315,5.504746139928575,5.504746140161764,5.504286761367924,5.503383650234279,5.502094605538352,5.5004064688601035,5.498198719377162,5.495256025230651,5.4912993529840834,5.486024626462408,5.479147387331923,5.470452672030904,5.459845462950348,5.447392074053939,5.433340173456901,5.418107719739178,5.4022394429504725,5.386340298523377,5.37100295028975,5.356746656729875,5.343978869370402,5.332982540200659,5.32392540888572,5.3168839666120356,5.311874103771451,5.308881527343512,5.307886787107439
5.322112328478462,5.323488776043197,5.327635665631555,5.334597221121082,5.344419728832353,5.357112826101903,5.372600878473413,5.390671570768631,5.410932347337789,5.432788436271619,5.455456710879561,5.4780247985905,5.499552905052377,5.519198950120743,5.536333845782504,5.550613377537747,5.5619893224827734,5.570665223708146,5.577018554073536,5.581514311067141,5.584627922845782,5.5867846539746,5.588314720729473,5.589422385783827,5.5901769454182215,5.590554051502587,5.5905540516144345,5.590176945799195,5.5894223864217665,5.588314722293992,5.586784655019241,5.584627923095423,5.5815143113245265,5.577018554622228,5.570665224353596,5.561989323426853,5.55061337834255,5.536333845358271,5.519198949800971,5.4995529049799075,5.478024799285103,5.455456711531828,5.432788436996174,5.4109323482405856,5.390671572172377,5.372600879892482,5.357112827441128,5.344419729166944,5.3345972211453585,5.32763566661149,5.3234887778050215,5.322112329826418
5.337971131265257,5.339855086674223,5.345540595997432,5.355116347958386,5.368689821328235,5.3863287583450195,5.407984720940191,5.433407660230062,5.462067162613303,5.493103584074508,5.525336727071426,5.557354635793331,5.5876844189900545,5.615012436372139,5.63838906160975,5.657349744532269,5.671919603632378,5.682517745107288,5.689809415838144,5.694556339274066,5.69749707064539,5.699266432569446,5.700347778315161,5.701048872446022,5.701503256841741,5.701722151999513,5.7017221518540575,5.701503257409872,5.701048873283283,5.7003477795788875,5.699266432945773,5.697497070719425,5.694556340051655,5.689809416570946,5.682517746173879,5.671919604756311,5.657349744438516,5.6383890619810435,5.615012437060284,5.587684419755936,5.557354636081867,5.52533672733209,5.493103584648955,5.462067163720747,5.433407660903708,5.407984721819869,5.386328758394416,5.368689822121651,5.355116349329291,5.345540598383617,5.3398550905669335,5.337971134728337
5.355664177617363,5.358208978599841,5.3659041887184875,5.378915103546686,5.397459931739297,5.421723825748139,5.451741158962903,5.487255330566841,5.527577513305859,5.571482395532644,5.617193793378578,5.662512154266387,5.705102235172124,5.7428882685662614,5.774427612514014,5.799118951239777,5.81718238699392,5.829455406654141,5.837110662925629,5.841395654490547,5.843448488448896,5.844196437736314,5.844316400511819,5.844232262966463,5.844139897310375,5.844079567387278,5.844079567672504,5.844139897496083,5.8442322638412305,5.844316400782829,5.844196438243778,5.843448489442541,5.841395654818295,5.837110664258777,5.829455408203658,5.817182386697583,5.799118951381466,5.774427614001652,5.742888270012407,5.705102235993259,5.6625121547387325,5.617193793859618,5.571482396175054,5.527577513288637,5.487255330415025,5.451741158915692,5.421723826570704,5.397459932844697,5.37891510610831,5.365904192854434,5.358208982770465,5.355664180746899
5.375301511523551,5.37868730052737,5.3889496809352275,5.406380922241754,5.431390483608685,5.46438339795221,5.50558388771071,5.554809402141398,5.611220501361014,5.673105866250238,5.737800815104696,5.801854897098419,5.86151523385346,5.913448644098679,5.955442061480519,5.986767143361231,6.008090729235983,6.02104529066202,6.027690833619952,6.030063828798233,6.029899659980199,6.02851940011075,6.026825494573866,6.025350055182851,6.024327323272123,6.023802837607391,6.023802837652953,6.024327323360624,6.025350055005617,6.026825494654276,6.028519400881487,6.029899661058107,6.030063830227049,6.027690835107013,6.02104529048704,6.008090729592268,5.986767144475521,5.955442062367576,5.913448645519862,5.861515235409269,5.801854898613335,5.737800816053409,5.67310586589531,5.611220500265538,5.554809401906862,5.505583887826467,5.464383398706554,5.431390486006846,5.406380926260244,5.388949685015957,5.37868730281988,5.375301510812917
5.396845251394052,5.401274049832297,5.414734685346522,5.437721681543199,5.470960552291926,5.51524434267681,5.571179080062407,5.6388288856565065,5.717281854604673,5.804221272541696,5.895677629374668,5.986208066026798,6.069698144835947,6.140700098344608,6.195779007553924,6.234156204281445,6.257442083541346,6.26874523380587,6.271655688666154,6.269473637393934,6.264807774473182,6.259483448284279,6.254630899786588,6.250838949792582,6.248314969594504,6.247055629208767,6.247055628911217,6.248314969332298,6.250838949346008,6.254630899314856,6.25948344881641,6.26480777627676,6.269473639677767,6.271655688233155,6.268745234315957,6.2574420847836345,6.234156205248726,6.195779008655198,6.140700099890276,6.069698147198227,5.986208067879158,5.895677629726465,5.804221271890264,5.7172818544015716,5.638828884613034,5.571179079832923,5.51524434433084,5.470960556395592,5.437721685599632,5.414734687827187,5.401274048093879,5.3968452488006315
5.420048382496577,5.4257328967436464,5.443064527164239,5.4728462432241,5.516302403185197,5.574874544436376,5.649872704021913,5.741938189940458,5.85031182409729,5.9720098150068655,6.1012008707551235,6.229285991232925,6.346189422487752,6.4428574038446955,6.5139040253318745,6.558727487593874,6.5808168063767125,6.585943410890108,6.580277161159721,6.569099266773959,6.556257561111615,6.5441777865168875,6.534153987292604,6.526701241540059,6.52186603504064,6.519493777193394,6.519493777533583,6.5218660343875,6.526701240838937,6.534153987277229,6.544177787162848,6.556257562624231,6.569099267412313,6.580277162509398,6.585943411768333,6.580816807773167,6.558727489342681,6.513904026898011,6.442857405952381,6.346189423940762,6.2292859921121755,6.101200871127051,5.972009815429247,5.850311823392389,5.741938189362433,5.649872704901832,5.5748745479091815,5.516302406632792,5.472846245538605,5.443064525438272,5.425732894250891,5.420048379791334
5.444398658443699,5.451542632930159,5.47340085831096,5.511223750260905,5.566983668390057,5.643146926816413,5.742230498851684,5.866029597834157,6.014433652700765,6.183910556651965,6.366104910353377,6.547508345759258,6.71141931611077,6.842598968054057,6.932584972274136,6.981490884327477,6.996342818138751,6.9875297515722785,6.965428915061647,6.938334697839297,6.91178862398768,6.888858030098995,6.870818841174896,6.857857099208116,6.849622073041609,6.845636542571914,6.845636542725928,6.849622073384954,6.857857099092675,6.870818841239107,6.888858031081747,6.911788623811234,6.938334698861363,6.965428917028604,6.987529753584699,6.996342819918748,6.981490886846997,6.932584974619294,6.8425989688695195,6.7114193169132745,6.547508346492017,6.366104910591697,6.183910556490164,6.014433652739274,5.866029599241724,5.742230502265963,5.643146930336003,5.566983669510049,5.511223748169647,5.473400856030029,5.451542630475229,5.444398656960341
5.469081459047656,5.477850100303192,5.504781632385495,5.551737988799996,5.621747486354633,5.718796699677937,5.847326763595085,6.011199604671679,6.211885434350993,6.4458225553210164,6.701525666484425,6.958126379428986,7.18801794709905,7.3653800089466905,7.477149210387804,7.525289370858434,7.523058335195441,7.488408420464623,7.438259733170022,7.385318099018457,7.3373514788021605,7.298009688226959,7.26819732379798,7.247346551469593,7.234340215868188,7.228120499380006,7.228120499408584,7.234340216797127,7.247346552406109,7.268197324857324,7.298009686919345,7.33735147858504,7.385318100596629,7.438259735871432,7.488408423035737,7.523058337938721,7.525289373223423,7.477149212178125,7.365380010242564,7.188017947319102,6.958126378886452,6.701525666755482,6.445822555594876,6.211885436272591,6.01119960851374,5.8473267681008085,5.718796699802058,5.621747483902871,5.551737986677785,5.504781630087563,5.477850098594386,5.46908145985271
5.4929793143897685,5.503460479033636,5.535778630395444,5.592572246523983,5.678253891682424,5.798900136645271,5.961778251639139,6.174095476739386,6.440422285225715,6.758399762186769,7.113266700878642,7.4738326251448495,7.795143122176106,8.03333020752601,8.169403649581808,8.209365735127005,8.176485065067544,8.10008727794306,8.006619422532744,7.914978170768307,7.83578896340706,7.773122644462199,7.726972988833233,7.695409583223438,7.676038561610386,7.666873975234984,7.666873975071027,7.676038562473414,7.695409585469482,7.726972987990621,7.773122644148943,7.835788963628381,7.9149781716155845,8.00661942498187,8.100087281664049,8.176485067465743,8.209365736923228,8.169403651581739,8.03333020808831,7.795143121229689,7.47383262477298,7.11326670133859,6.75839976439857,6.440422288797333,6.1740954818152405,5.961778251485245,5.798900135185447,5.678253890287064,5.592572244700106,5.535778628490609,5.503460479618152,5.4929793159466
5.5147266839998235,5.526887641117396,5.5645285598976395,5.631185512380462,5.7329210944631885,5.878419149059263,6.078697619959484,6.345803509739972,6.689493995508297,7.110857582473934,7.592950429222049,8.091855981470568,8.53674708972985,8.852097073996225,9.01456679283933,9.038153967726497,8.960080147917923,8.824619874583105,8.670906300022455,8.526193416444883,8.404845496427187,8.311227572219401,8.243791186761733,8.198514139878748,8.171117652694244,8.15827819441264,8.158278195215805,8.171117653854187,8.19851413952375,8.243791187949041,8.31122757280956,8.404845496849061,8.526193416942627,8.670906301146788,8.824619876113799,8.96008015085919,9.038153969336582,9.014566792531848,8.852097073033226,8.536747089463589,8.091855981820446,7.592950431053222,7.1108575864251575,6.689494001113387,6.345803509373983,6.0786976198825995,5.878419148634349,5.73292109330712,5.63118551115042,5.5645285595497125,5.526887642165172,5.514726684505212
5.532832993786541,5.546483229782453,5.588876200581602,5.664461463512216,5.781029779486423,5.950114246353918,6.187075196738402,6.510026169774062,6.936090089530661,7.473017377283025,8.10524605312371,8.777741104926799,9.386745288395362,9.792949994235098,9.982756649085808,9.985426266244529,9.853432307904734,9.646553931282714,9.418827745044368,9.208436027958752,9.034985856789522,8.903407652638336,8.810158738298075,8.748461554848243,8.711567187388036,8.694414846149913,8.694414846271675,8.711567186420929,8.748461555461784,8.810158739909287,8.903407653763393,9.03498585736103,9.208436027613496,9.418827744991864,9.646553932151894,9.85343230716073,9.985426265435192,9.982756647850051,9.792949994011824,9.386745289331351,8.777741106548257,8.105246057144,7.473017383330337,6.936090090057255,6.510026170837229,6.18707519662131,5.950114245937325,5.781029778645512,5.664461462267148,5.588876201214072,5.546483230097325,5.532832994887062
5.5458715724604914,5.560646973418631,5.606651285507169,5.689101645429311,5.817277351605571,6.005258694989038,6.272494448442315,6.643245136626838,7.143023007566541,7.789332345599038,8.575161763392522,9.449029247133824,10.291843077588616,10.788875575405621,11.000122531973192,10.984569792885257,10.803956319478017,10.526789759328429,10.221274034491346,9.939155123200253,9.707757992635237,9.533730359445112,9.411676659268757,9.331765360887568,9.284409360641753,9.262532978775917,9.26253297781187,9.284409360112782,9.331765360258542,9.411676660005988,9.533730361444283,9.707757992067602,9.939155123444413,10.221274033717787,10.526789756987354,10.803956316609263,10.984569789654328,11.000122531065955,10.788875576911286,10.29184307981861,9.449029251596286,8.575161769209178,7.789332346890482,7.143023009536286,6.6432451373490595,6.27249444863145,6.005258693963489,5.817277349800865,5.6891016451059455,5.606651286335754,5.5606469745510525,5.545871573798588
5.552707069840341,5.568090487896217,5.6160541034553,5.702259149210307,5.8368615742742795,6.035483743577457,6.320152141039607,6.719252954711857,7.264584079399697,7.982957686568226,8.883098501162463,9.955714031303375,11.249518740711604,11.778743741579262,11.976677108162555,11.944977638865188,11.73462815246237,11.405465414124794,11.033184499408952,10.683992185109076,10.39583133674771,10.17922308158691,10.027969645339423,9.92953950345745,9.871556066518512,9.84488985226776,9.844889851405684,9.871556065249639,9.92953950282744,10.027969643418327,10.179223081291969,10.395831338692046,10.683992184680438,11.033184496662058,11.405465409481835,11.734628147846216,11.944977635984555,11.976677107058144,11.778743741633239,11.249518745119294,9.955714040570124,8.883098505112892,7.9829576879441655,7.264584080422744,6.719252956546445,6.320152140793764,6.035483740395857,5.836861572759498,5.7022591507482066,5.616054103805784,5.568090489511843,5.552707070218668
0.0,0.0,0.0,0.0,0.0,0.0,0.0,0.0,0.0,0.0,0.0,0.0,12.594706844594407,12.763475222813616,12.853127025534583,12.792614090276372,12.571396962165007,12.217914658449299,11.802311355862455,11.401565772060414,11.065656754672295,10.811399661654868,10.63360607259942,10.518096344207445,10.450243351639038,10.419116872343109,10.41911687294623,10.450243349893428,10.51809634011703,10.633606069908257,10.811399659019584,11.065656753769693,11.401565769445595,11.802311351368921,12.217914654308744,12.571396957749648,12.792614087184553,12.853127023387843,12.763475225113567,12.594706851334951,0.0,0.0,0.0,0.0,0.0,0.0,0.0,0.0,0.0,0.0,0.0,0.0
0.0,0.0,0.0,0.0,0.0,0.0,0.0,0.0,0.0,0.0,0.0,0.0,13.491610902307992,13.546204006880222,13.568567767747902,13.487985750910061,13.269933524392421,12.916432260741123,12.483533221148152,12.052018037616847,11.682429140666233,11.39922057893486,11.200001887360086,11.070313996602982,10.994139958238422,10.959224034084361,10.959224032538499,10.994139955031143,11.070313992793167,11.200001880946898,11.399220572443946,11.682429133741186,12.05201803205591,12.483533216781645,12.916432257681057,13.269933521199212,13.487985746704144,13.568567768369695,13.546204011656387,13.491610907067143,0.0,0.0,0.0,0.0,0.0,0.0,0.0,0.0,0.0,0.0,0.0,0.0
0.0,0.0,0.0,0.0,0.0,0.0,0.0,0.0,0.0,0.0,0.0,0.0,14.131933107361876,14.145933462538373,14.133898743218754,14.040637547978605,13.82791540126714,13.483644860765615,13.049696232827761,12.604497641693444,12.215013122280071,11.912437100231969,11.697883041197551,11.557638155352706,11.475124591027335,11.437286769289452,11.437286768226667,11.475124588438353,11.557638149241516,11.697883033518778,11.912437089339129,12.215013110608677,12.604497634001456,13.049696226813664,13.483644854902344,13.827915398903544,14.04063754862111,14.133898746447468,14.145933465090847,14.131933106210052,0.0,0.0,0.0,0.0,0.0,0.0,0.0,0.0,0.0,0.0,0.0,0.0
0.0,0.0,0.0,0.0,0.0,0.0,0.0,0.0,0.0,0.0,0.0,0.0,14.588342856428767,14.58623939119788,14.557372434192612,14.457005709720107,14.248684570110859,13.914331052626228,13.48582067678867,13.037109786006244,12.637885175512748,12.324021845418908,12.099744787199846,11.952479211015591,11.865630721095636,11.825765129143528,11.825765128158983,11.86563071744716,11.952479205013152,12.099744777172377,12.324021833600062,12.637885162764539,13.037109771632451,13.485820666869524,13.914331046550124,14.24868456951879,14.457005711902061,14.55737243736034,14.586239390378443,14.588342851691786,0.0,0.0,0.0,0.0,0.0,0.0,0.0,0.0,0.0,0.0,0.0,0.0
0.0,0.0,0.0,0.0,0.0,0.0,0.0,0.0,0.0,0.0,0.0,0.0,14.886677218592661,14.87777226907887,14.840933751483833,14.737030189168173,14.531749978340073,14.204810786833185,13.782297720449671,13.334341779344939,12.931326018244986,12.611803619879193,12.382157787602061,12.2308142186717,12.141374260852384,12.100277830141472,12.100277828735708,12.141374256238072,12.230814213067944,12.382157780212138,12.611803607393329,12.931326001904658,13.33434176312567,13.782297706719614,14.20481077992132,14.531749975274245,14.737030192333705,14.840933749938158,14.877772265443632,14.886677215165745,0.0,0.0,0.0,0.0,0.0,0.0,0.0,0.0,0.0,0.0,0.0,0.0
0.0,0.0,0.0,0.0,0.0,0.0,0.0,0.0,0.0,0.0,0.0,0.0,15.034922628955883,15.023433366382644,14.983399381681076,14.878083902348992,14.674370579476141,14.35130193021278,13.932385240824233,13.485687418506345,13.081611847863186,12.759874964051935,12.527930741595643,12.374765677096628,12.284141094207476,12.242475186328754,12.24247518544453,12.284141093784925,12.374765672889206,12.527930733555849,12.759874953608142,13.081611834872083,13.485687402782796,13.932385225004184,14.351301919277775,14.674370575109354,14.878083898123654,14.983399376609956,15.023433360619153,15.034922624855893,0.0,0.0,0.0,0.0,0.0,0.0,0.0,0.0,0.0,0.0,0.0,0.0
0.0,0.0,0.0,0.0,0.0,0.0,0.0,0.0,0.0,0.0,0.0,0.0,15.03492262993197,15.023433368118715,14.983399384700416,14.878083906118489,14.6743705838763,14.351301935468287,13.932385240048925,13.48568741472739,13.081611844948917,12.759874960526933,12.527930738880164,12.374765673742314,12.284141092420239,12.242475185809585,12.242475187193554,12.284141091525553,12.374765670561748,12.527930733877168,12.75987495458717,13.081611835715112,13.485687403784127,13.932385226731762,14.351301921070956,14.674370572480635,14.878083895721442,14.983399376315466,15.023433362403134,15.034922626641924,0.0,0.0,0.0,0.0,0.0,0.0,0.0,0.0,0.0,0.0,0.0,0.0
0.0,0.0,0.0,0.0,0.0,0.0,0.0,0.0,0.0,0.0,0.0,0.0,14.886677223540708,14.877772273816497,14.840933759133854,14.737030201651946,14.531749991726926,14.204810795424574,13.78229771938162,13.334341773208573,12.931326007931538,12.611803610668169,12.382157779673495,12.230814212045553,12.141374256780237,12.100277828080706,12.100277825547307,12.141374253923026,12.230814210743915,12.382157778375076,12.61180360740256,12.9313260052679,13.334341768367992,13.782297710376985,14.20481078277515,14.531749973849884,14.737030186587614,14.84093374786784,14.87777226843271,14.886677221016267,0.0,0.0,0.0,0.0,0.0,0.0,0.0,0.0,0.0,0.0,0.0,0.0
0.0,0.0,0.0,0.0,0.0,0.0,0.0,0.0,0.0,0.0,0.0,0.0,14.588342861196216,14.586239401355364,14.557372447960393,14.457005727583631,14.248684584774445,13.91433105936196,13.485820676655653,13.037109776693994,12.637885163928246,12.324021832572619,12.099744776756642,11.952479204517685,11.865630714498979,11.825765122119073,11.825765122605517,11.865630713692768,11.952479202251586,12.09974477622501,12.324021835451209,12.63788516696798,13.037109776340829,13.485820674173578,13.914331050184597,14.248684568517557,14.457005707586251,14.557372434059497,14.5862393918679,14.588342857152119,0.0,0.0,0.0,0.0,0.0,0.0,0.0,0.0,0.0,0.0,0.0,0.0
0.0,0.0,0.0,0.0,0.0,0.0,0.0,0.0,0.0,0.0,0.0,0.0,14.131933118866383,14.145933478203432,14.133898760381427,14.040637563688337,13.827915411683739,13.48364486377824,13.04969623021877,12.604497633465739,12.215013110083651,11.912437089300653,11.697883031515103,11.557638144645368,11.475124582431604,11.437286762845032,11.437286762532468,11.475124582646574,11.557638146647783,11.697883033750067,11.912437093030817,12.215013113590752,12.60449763862819,13.049696232167417,13.483644858821625,13.827915400609273,14.040637547703339,14.133898743943648,14.14593346300847,14.13193310892681,0.0,0.0,0.0,0.0,0.0,0.0,0.0,0.0,0.0,0.0,0.0,0.0
0.0,0.0,0.0,0.0,0.0,0.0,0.0,0.0,0.0,0.0,0.0,0.0,13.491610921443923,13.546204025140941,13.568567783782663,13.487985758904271,13.269933528117644,12.91643225944301,12.483533215730752,12.052018032922662,11.68242913385777,11.39922056927755,11.200001875711884,11.070313987494433,10.994139950110664,10.959224025508995,10.959224025802433,10.994139951913628,11.070313990099127,11.200001880807756,11.399220571987978,11.682429137416966,12.052018037727148,12.48353321998888,12.916432260822777,13.269933524948861,13.48798575082244,13.568567769094514,13.546204009485987,13.491610906016355,0.0,0.0,0.0,0.0,0.0,0.0,0.0,0.0,0.0,0.0,0.0,0.0
0.0,0.0,0.0,0.0,0.0,0.0,0.0,0.0,0.0,0.0,0.0,0.0,12.594706863773187,12.76347523888605,12.85312703480757,12.792614092334874,12.571396958778859,12.217914654479078,11.802311353106864,11.401565768800827,11.06565674925607,10.811399653133103,10.633606064970088,10.518096334630508,10.450243342605818,10.419116865824186,10.419116867927213,10.45024334588627,10.51809633873481,10.633606067561795,10.811399658374546,11.06565675505344,11.40156577284362,11.80231135667889,12.217914658396936,12.571396961780092,12.792614092458377,12.853127028169226,12.763475226698114,12.594706847850128,0.0,0.0,0.0,0.0,0.0,0.0,0.0,0.0,0.0,0.0,0.0,0.0
5.552707070163179,5.5680904862938485,5.61605410261904,5.702259147401403,5.836861576571145,6.03548374380214,6.320152135580806,6.719252950402992,7.264584075459422,7.982957682351282,8.88309849768867,9.955714033287602,11.24951875348268,11.778743751151742,11.976677110028142,11.944977636754455,11.73462814906394,11.405465410478914,11.033184494312565,10.683992179187197,10.395831332829303,10.179223076916717,10.027969637561526,9.929539496117053,9.871556060047102,9.844889848277436,9.84488984813967,9.871556062094893,9.929539499795009,10.027969642388278,10.179223081541492,10.395831338890423,10.683992186037283,11.033184499141957,11.405465413936616,11.734628153823351,11.944977641458332,11.97667711141633,11.778743745538945,11.249518746634331,9.955714037700588,8.883098505656745,7.982957689454934,7.264584082094634,6.719252956820883,6.32015214187891,6.035483743308706,5.8368615739912375,5.702259148691542,5.61605410256481,5.568090487446966,5.552707069914089
5.545871572010489,5.5606469728015195,5.60665128478854,5.689101645774305,5.817277350934007,6.005258691036741,6.272494444820017,6.643245133952083,7.143023004907153,7.789332342070069,8.575161761562319,9.449029253939582,10.291843085689289,10.788875577362903,11.000122531369898,10.984569790795756,10.803956316458251,10.526789753552224,10.221274028397488,9.939155118652625,9.707757988161426,9.533730355704957,9.411676654450822,9.331765356832923,9.284409357480643,9.262532975042111,9.262532975304607,9.28440935804302,9.331765358347464,9.41167665879341,9.533730361714722,9.707757993710892,9.939155123099223,10.221274034031874,10.526789760620867,10.803956321409727,10.984569795275892,11.000122536370814,10.788875581002175,10.291843083781174,9.449029251968245,8.575161766631958,7.789332348473998,7.143023009789394,6.6432451379177175,6.272494448838762,6.00525869514512,5.817277351618737,5.689101644976699,5.606651285159079,5.5606469734051975,5.545871573078732
5.532832992938348,5.546483229622016,5.588876199355868,5.66446146214441,5.781029777669076,5.950114244673967,6.187075194108773,6.510026167103731,6.936090086222327,7.473017375440953,8.10524605749937,8.77774110969742,9.386745289112095,9.792949994346872,9.98275664879154,9.985426264150572,9.853432303292555,9.64655392712711,9.4188277411052,9.208436023531824,9.034985852076067,8.903407649602647,8.810158737491916,8.748461552876375,8.711567185048416,8.694414843402651,8.694414843827438,8.711567185600412,8.748461554781253,8.810158739950776,8.903407654066767,9.034985856693863,9.208436028069034,9.418827745365808,9.64655393238501,9.853432310192504,9.98542627046459,9.982756653344772,9.792949999228528,9.386745293049673,8.777741108965202,8.105246056482397,7.473017380104175,6.9360900914509065,6.510026170936255,6.187075197384131,5.950114246685813,5.781029779540066,5.664461463347766,5.588876200649228,5.5464832300072855,5.532832994483824
5.514726684484196,5.526887639155105,5.564528557743868,5.631185511790195,5.732921094217505,5.878419147501689,6.078697616913807,6.34580350527788,6.689493992542833,7.110857586438882,7.592950432811285,8.09185598263783,8.536747090068623,8.852097073306028,9.014566789900668,9.038153964960458,8.960080146110036,8.824619872509821,8.670906296666923,8.526193412366712,8.404845493762798,8.311227570858062,8.243791186085396,8.198514139472056,8.171117651133146,8.158278193050183,8.158278193651553,8.1711176528562,8.198514140874355,8.243791188573981,8.31122757293371,8.40484549656436,8.526193415625373,8.670906300700405,8.824619876625588,8.96008015193308,9.038153971443478,9.014566796829252,8.852097078619654,8.536747094343564,8.091855985212677,7.592950432494005,7.110857585031017,6.689493997304264,6.34580351057608,6.0786976203482,5.878419149422987,5.7329210945485025,5.631185512474936,5.56452856003616,5.526887641305572,5.514726684649228
5.492979311059165,5.5034604762706945,5.535778631051605,5.592572247279812,5.678253890902923,5.798900133458119,5.961778247114276,6.174095472850877,6.440422287810261,6.758399764974713,7.113266702658934,7.4738326249019105,7.795143120594147,8.03333020475909,8.169403647226085,8.209365732749589,8.176485063817797,8.100087277274042,8.006619421541217,7.914978169282187,7.835788961892334,7.773122643236092,7.7269729887873755,7.695409583284171,7.67603856072573,7.666873974933766,7.666873975376155,7.676038562090381,7.695409585115502,7.726972990354942,7.773122645002163,7.83578896263511,7.914978170809812,8.00661942461209,8.100087281767896,8.176485068684746,8.20936573870228,8.169403653890361,8.033330211803918,7.795143125418433,7.473832627867754,7.113266703578181,6.758399764352348,6.440422286334459,6.174095477452833,5.961778252235177,5.798900136786685,5.678253891513698,5.592572246479785,5.535778630518274,5.503460479365735,5.492979315304837
5.469081458300583,5.477850102007034,5.504781634676843,5.551737988595375,5.621747483153646,5.718796694248071,5.847326759077573,6.011199605894318,6.211885436051613,6.445822556616206,6.701525666192152,6.9581263775019675,7.188017944075725,7.365380006465409,7.477149208527457,7.525289369581471,7.523058334501573,7.4884084209120525,7.438259734023891,7.385318099083655,7.337351478610397,7.298009688088646,7.268197322959961,7.247346551417459,7.234340217072168,7.228120499821783,7.22812049969703,7.234340217375489,7.24734655375883,7.268197325089662,7.298009687777863,7.337351479167071,7.385318100955031,7.438259735959819,7.488408423566663,7.523058338159154,7.525289374479481,7.477149213846134,7.365380011517137,7.1880179492594145,6.95812638167172,6.7015256686134155,6.445822556669848,6.211885435369062,6.01119960554475,5.847326763774895,5.718796699287177,5.6217474859258,5.551737988777129,5.504781632629254,5.47785010125129,5.46908146046437
5.444398662421737,5.451542636779512,5.473400858936689,5.511223746734055,5.566983662263629,5.643146921751634,5.7422304982691355,5.8660295988777085,6.014433653335165,6.183910555488809,6.366104908345686,6.547508343765762,6.711419313758584,6.842598965701788,6.932584971041797,6.981490884667432,6.996342818644582,6.987529752140418,6.965428916327892,6.938334699594878,6.911788624951102,6.888858029486748,6.8708188411931586,6.857857099417236,6.849622074392321,6.845636543518639,6.845636543793417,6.849622075583545,6.857857100224911,6.870818841587084,6.888858030426031,6.911788625172727,6.938334699416449,6.965428917439536,6.987529753875544,6.996342820901287,6.9814908869984675,6.9325849745643096,6.842598969905782,6.711419317959083,6.547508347456505,6.366104911650119,6.183910557705367,6.014433653644757,5.866029598217475,5.742230498406819,5.643146926221094,5.566983668069607,5.5112237505368675,5.473400858876052,5.451542634290035,5.444398660013715
5.420048386776048,5.4257328980844735,5.443064522857663,5.4728462369658955,5.516302398433561,5.574874543153886,5.649872704491423,5.741938189075982,5.8503118222689325,5.972009812589481,6.101200869043775,6.229285989450615,6.346189421135384,6.442857402741307,6.51390402574406,6.558727488569828,6.580816806750746,6.5859434118193185,6.580277163569178,6.569099269102675,6.556257561647875,6.5441777875776195,6.534153987566158,6.52670124219707,6.521866035511905,6.519493778533195,6.519493779027056,6.521866035849181,6.526701242163239,6.534153986963838,6.544177787046684,6.556257561659587,6.569099268700518,6.580277163272482,6.58594341280412,6.580816808331487,6.558727489471953,6.513904026919607,6.44285740541715,6.346189423853875,6.229285992603746,6.101200871807183,5.97200981571578,5.850311824415221,5.741938189548433,5.64987270342653,5.574874544038332,5.5163024032430945,5.472846243647767,5.443064527946478,5.425732897997841,5.4200483834806645
5.3968452511356295,5.401274044423193,5.414734678099452,5.437721677253869,5.470960551413603,5.515244343367628,5.571179078726092,5.638828883339055,5.717281851495896,5.804221270148517,5.895677627574218,5.986208065494576,6.069698145004449,6.1407000994026895,6.195779008252165,6.234156204744489,6.257442085081131,6.268745235556318,6.27165569038514,6.269473638848259,6.264807776970264,6.259483449235004,6.254630900322346,6.250838950357166,6.2483149699917115,6.247055629767817,6.247055629909469,6.248314970210111,6.250838949660979,6.25463089932062,6.259483448205749,6.2648077758904686,6.269473639267646,6.2716556899740326,6.268745235184988,6.257442085007841,6.234156205494232,6.195779008676736,6.140700099739725,6.069698146358413,5.986208067101224,5.895677629846445,5.804221272535254,5.71728185423358,5.638828884978316,5.571179079666209,5.515244342648338,5.4709605526248115,5.4377216818360665,5.414734685879641,5.401274050548113,5.396845251718075
5.375301504320152,5.378687292305113,5.388949675662227,5.406380921343476,5.4313904843056315,5.464383397433185,5.505583885958305,5.5548093994188585,5.611220498601123,5.673105864433244,5.73780081427053,5.801854897508335,5.861515235259765,5.91344864547427,5.955442062501188,5.9867671446039115,6.008090730634503,6.021045292342496,6.027690834016427,6.030063830773826,6.029899661588005,6.0285194015017955,6.02682549571748,6.025350055507834,6.024327323236637,6.023802838387874,6.0238028385963265,6.024327323240092,6.025350054215067,6.026825494157781,6.02851940056731,6.029899661200448,6.030063829671164,6.027690834739036,6.021045291924977,6.008090730183415,5.986767144109391,5.955442062602813,5.913448645505024,5.861515234881723,5.801854897512961,5.7378008149377875,5.673105865818411,5.611220500757672,5.554809401674216,5.505583887645738,5.464383398045768,5.431390483807471,5.406380922185774,5.388949681084277,5.378687300698169,5.375301511422902
5.355664169876414,5.358208972584563,5.365904187730492,5.37891510365842,5.397459931804512,5.421723824371451,5.451741157080092,5.487255328641437,5.527577512361556,5.571482394870436,5.617193793488594,5.662512154673961,5.705102236162899,5.742888270182831,5.774427613889921,5.799118952481601,5.8171823880899645,5.829455406808889,5.837110664342939,5.841395655441773,5.843448489842661,5.844196439466864,5.844316401474558,5.844232263207862,5.844139898186826,5.844079568187837,5.8440795675760215,5.844139896340968,5.844232262330054,5.844316400259463,5.84419643815669,5.843448488928203,5.841395655286674,5.837110663928393,5.829455407542497,5.817182387569279,5.799118952017647,5.774427613611081,5.742888269404059,5.705102235400179,5.662512154049707,5.617193793067799,5.5714823951126995,5.527577512863919,5.487255330365976,5.451741159033037,5.421723825752928,5.397459931576052,5.378915103222701,5.365904188464331,5.358208978505063,5.355664176917641
5.337971127081855,5.339855085662375,5.34554059548018,5.355116348333432,5.36868982003061,5.386328756906609,5.40798471992237,5.433407660132855,5.462067162769284,5.493103584571708,5.525336727151976,5.557354636263557,5.587684419670875,5.61501243715397,5.638389063309061,5.657349745380806,5.671919603736067,5.68251774616031,5.689809416970715,5.694556340262525,5.697497071722136,5.699266433673743,5.700347778948614,5.701048873322416,5.701503257703955,5.7017221520794825,5.7017221509871705,5.701503256358323,5.701048871667863,5.700347778120858,5.699266432751863,5.69749707092397,5.694556339920616,5.68980941656753,5.682517745746532,5.671919604342499,5.657349745293568,5.638389062256682,5.615012436357932,5.587684418658379,5.5573546355467,5.525336726814607,5.493103583793545,5.462067162428582,5.433407660229834,5.40798472089938,5.3863287582180766,5.368689820949318,5.355116347252216,5.345540595426184,5.339855086271027,5.337971130218911
5.322112327638161,5.323488775271195,5.327635664913649,5.334597219242599,5.344419727723293,5.357112825792739,5.372600878984774,5.390671571588058,5.410932348203809,5.432788436906184,5.455456711832783,5.478024799295491,5.499552905391239,5.519198950924407,5.536333846161833,5.550613377877013,5.561989323224947,5.570665224567838,5.577018554950918,5.581514311843812,5.584627923453546,5.586784654678998,5.588314721783472,5.589422386615691,5.590176945608821,5.590554051133921,5.590554050712147,5.590176944202793,5.589422385154053,5.588314720684355,5.586784653984283,5.584627923202616,5.581514311682958,5.577018554677756,5.5706652242274215,5.561989323068867,5.550613378066838,5.53633384582541,5.519198949716549,5.499552904683837,5.478024798516599,5.455456710589657,5.4327884361415935,5.410932347343141,5.3906715709516035,5.372600878332082,5.357112825775355,5.344419728143206,5.334597220007055,5.3276356650145145,5.323488775229458,5.322112327010402
5.307886784344348,5.308881524806719,5.311874101985872,5.3168839651055775,5.323925407882251,5.332982539166662,5.343978869317659,5.356746656850548,5.371002950254722,5.386340298763878,5.402239443192631,5.418107720514357,5.433340174312784,5.447392074785986,5.45984546239591,5.470452671468238,5.4791473876349785,5.4860246271688045,5.491299353363137,5.49525602534907,5.498198719422789,5.500406467818001,5.502094605018391,5.503383650050996,5.504286761134954,5.504746139170723,5.504746138632371,5.504286759891333,5.503383649212329,5.502094604364357,5.500406467647729,5.498198718852101,5.495256025102354,5.49129935335385,5.486024627047613,5.479147387024008,5.470452671132839,5.459845462586721,5.447392074701397,5.433340173837143,5.418107719450425,5.402239442206073,5.386340297516696,5.371002949092361,5.356746655431067,5.343978867715696,5.332982538177299,5.323925406911453,5.316883965473887,5.311874103211701,5.308881526150254,5.307886784809633
5.295050064519861,5.2957631641423735,5.297905773922572,5.301484194142448,5.306497220956242,5.312920285668913,5.3206866891389915,5.329669487855995,5.339668380826454,5.3504062276313,5.361538928093776,5.37268004328476,5.383437773106355,5.393457725881921,5.402462187642554,5.410276906584385,5.4168401310873815,5.42219384644274,5.426461451166686,5.429817762092186,5.432456241494143,5.434555998724512,5.436249436473877,5.437593382978076,5.438556190993902,5.43905223832614,5.439052238356957,5.438556190701213,5.437593381803036,5.436249435919531,5.434555998774887,5.432456241752013,5.429817761531613,5.426461451153058,5.4221938464835295,5.416840130667511,5.410276905737096,5.402462187176247,5.393457726533217,5.383437773343395,5.372680043186066,5.36153892705528,5.350406226551373,5.339668379268526,5.329669485929193,5.3206866875382675,5.312920283733938,5.3064972195153475,5.301484193156111,5.297905774186687,5.295763164891233,5.295050067233967
5.2833501198602475,5.283859029981502,5.285386451079925,5.287932143395553,5.291488311226908,5.2960297191032675,5.301502283848981,5.307812458179929,5.314820128854286,5.322337670696882,5.330137099388333,5.3379657516377845,5.345568834863925,5.352715052339084,5.359220196350368,5.364963871733529,5.369896282200962,5.37403462854053,5.377450833321019,5.380253234363348,5.382564464961359,5.384496563820279,5.38612386002553,5.387456857904788,5.388430243993197,5.388936929208274,5.388936929479659,5.388430243998077,5.38745685752551,5.386123859150256,5.384496563293008,5.382564465375402,5.380253234825868,5.377450833398132,5.374034628483733,5.369896281850453,5.364963871290083,5.35922019581054,5.352715052151859,5.345568835781212,5.337965751835321,5.330137099025467,5.322337669544022,5.314820127147017,5.307812456599976,5.301502282261137,5.296029717449043,5.291488309183053,5.287932141860938,5.285386449668691,5.283859029245964,5.2833501207685805
5.272551533538351,5.272914743263822,5.274003797212158,5.275815534254098,5.278340101804685,5.281554910235739,5.285417794861291,5.289860876217946,5.294786776714449,5.300068719790754,5.305555510764722,5.311081510777797,5.316480493843683,5.3216012064229155,5.326321782941608,5.330560302924415,5.334279690652856,5.337486428408017,5.340223626752756,5.342559442014363,5.344571547136155,5.346327709501068,5.347862633669958,5.3491543103064085,5.350113243894048,5.350616658754856,5.350616658614869,5.350113243864824,5.349154310218354,5.347862633325429,5.346327708967992,5.3445715470503,5.342559443083307,5.340223627493506,5.33748642839632,5.334279690149128,5.330560302496817,5.326321782870263,5.321601206117637,5.316480493656249,5.311081511400866,5.305555511255746,5.3000687188213655,5.29478677575795,5.289860874719844,5.285417793438713,5.281554908681304,5.278340099747676,5.2758155318969715,5.274003794463581,5.2729147410533965,5.272551533036234
5.2624496450386715,5.262710319356471,5.263491231300203,5.264788186339776,5.266591407071513,5.268881908122044,5.271627469140348,5.274779152108425,5.278269352782679,5.282012265525204,5.285907310027234,5.289845468183734,5.29371789291968,5.297425476472239,5.300887792761679,5.304049852436102,5.306885585274797,5.309397552079743,5.311612885120079,5.313575603791797,5.315335144043494,5.3169305464615375,5.318370110669357,5.319609696073639,5.320543080241076,5.321036514008416,5.321036513823047,5.320543080274685,5.319609696060228,5.3183701104223315,5.316930546204734,5.315335144167283,5.313575604470188,5.311612886009669,5.309397552436569,5.306885585555632,5.304049852246453,5.300887792431264,5.2974254761585255,5.293717892211295,5.2898454682138345,5.285907310275409,5.282012266290055,5.278269352078999,5.274779151338931,5.271627467774412,5.268881906261418,5.266591405231915,5.26478818375081,5.263491227805673,5.262710315619505,5.262449643351967
5.252876631491031,5.253065947033526,5.2536326304560985,5.254572372676382,5.255876339715276,5.257529044143376,5.259506033979686,5.261771967226779,5.264279676397379,5.266970730238671,5.269777759338358,5.272628541931405,5.27545139251822,5.2781811509002505,5.280764817269463,5.283165962469295,5.285367202454647,5.2873703104271135,5.289193722526356,5.290867117516804,5.292422441405541,5.293880429564499,5.295232193152113,5.296418953342431,5.297323305605335,5.297804118367448,5.297804118558909,5.297323305766439,5.296418953621054,5.29523219305302,5.293880429508198,5.292422441580909,5.290867118069784,5.289193723353361,5.28737031086208,5.2853672028622345,5.283165962879742,5.280764816825858,5.278181150261384,5.275451392238794,5.272628541394137,5.269777759566564,5.266970730385355,5.2642796772466705,5.261771966536755,5.259506032975049,5.257529042636249,5.255876337627867,5.254572370209498,5.2536326270654135,5.253065943248782,5.252876628318273
5.243701857230277,5.243841890367256,5.244260750551557,5.244954421408932,5.245915255489524,5.247130762083821,5.248582321488736,5.250244175436144,5.25208304172761,5.254058648785955,5.256125353142765,5.258234785793464,5.260339306573848,5.2623958113771,5.264369384576566,5.266236245539102,5.267985537392823,5.26961958723279,5.271152265272572,5.272604882939106,5.273998747533693,5.275343171990423,5.276618350847102,5.277756098915586,5.278631783777497,5.279099499559929,5.279099499947949,5.278631784219539,5.277756099212917,5.2766183513775236,5.275343172506046,5.273998747848947,5.2726048830177215,5.271152265699347,5.269619587913775,5.267985537405051,5.266236245608026,5.264369384654186,5.262395811145741,5.260339306032998,5.258234785602315,5.256125352727918,5.254058649214679,5.252083041746122,5.250244175900699,5.248582321287875,5.247130760553108,5.245915253555538,5.244954419027401,5.2442607475516425,5.243841887145552,5.243701854922935
5.234828617451285,5.234934713359859,5.235251862285923,5.235776484489954,5.2365020815736525,5.23741857707908,5.238511638666663,5.239762186867843,5.241146313205152,5.242635759123865,5.244199051574456,5.245803276008202,5.247416332475681,5.24900944156669,5.250559582462354,5.252051540991494,5.253479246182154,5.254846068633264,5.256163641210014,5.257448538063428,5.258715755451025,5.259967656410451,5.261177692665534,5.262271822217326,5.263120913766409,5.263576106351226,5.263576106593818,5.263120914219829,5.262271822666672,5.261177693703102,5.2599676577268735,5.25871575594889,5.257448537892311,5.256163640653185,5.254846068819367,5.253479246690974,5.252051540948884,5.2505595825134606,5.249009441712432,5.2474163324747485,5.245803275708826,5.244199051278911,5.242635758558656,5.241146313052322,5.239762187001681,5.238511638559272,5.237418576887545,5.236502080363417,5.23577648256822,5.235251860035182,5.23493471090952,5.234828615973789
5.226188984184129,5.226271638817842,5.22651858849383,5.226926706487558,5.227490505002087,5.228201795407137,5.2290493592689264,5.230018763035811,5.231092421664965,5.232250021132659,5.233469346778899,5.2347275073957835,5.236002468534195,5.2372747678241485,5.238529222472431,5.239756422353693,5.240953774011615,5.242125792883795,5.243283181399229,5.2444399642608195,5.245607524819657,5.2467841358419856,5.247939223422178,5.248995238614708,5.2498203778229975,5.250264052576377,5.250264052577154,5.249820378421626,5.24899523982594,5.247939224829922,5.246784137103037,5.245607525381929,5.244439964123314,5.2432831807566,5.242125792342184,5.240953774358685,5.239756422523515,5.23852922264288,5.2372747679081915,5.236002468584119,5.234727507586926,5.233469346783431,5.232250020063797,5.231092420649277,5.23001876269795,5.2290493591294185,5.228201795345728,5.227490505607031,5.22692670613566,5.226518586863824,5.226271637426141,5.226188983633051
5.217738062001533,5.2178043589361796,5.21800235906322,5.218329357330152,5.218780711997605,5.219349689631215,5.220027342062063,5.2208024777840425,5.2216618022451255,5.222590288236183,5.223571807219534,5.2245900061139725,5.225629411398309,5.226676663482307,5.227721782567062,5.228759320218009,5.2297892198582066,5.230817087279209,5.23185341601621,5.232910980102623,5.2339992087900615,5.235114079618915,5.236222726771349,5.237245611202007,5.238049445022295,5.238482717739799,5.238482717853595,5.238049445936237,5.237245612767163,5.236222728381188,5.2351140805738945,5.23399920933486,5.232910980114794,5.231853415788417,5.230817086803455,5.229789219401956,5.228759320141563,5.227721782641902,5.226676663993569,5.225629411669941,5.224590006146095,5.223571806893208,5.222590287802591,5.221661800718027,5.2208024766093875,5.220027341804354,5.219349690239473,5.218780713502031,5.218329358770336,5.218002359045265,5.217804357888325,5.217738061475188
5.209448473950627,5.209503149019854,5.209666398512748,5.209935886503499,5.210307665212815,5.210776128206905,5.211333994842226,5.2119723650461,5.212680895824211,5.213448126526705,5.214261972902849,5.215110406631883,5.215982285814141,5.216868303590758,5.21776198257743,5.218660626386202,5.21956605608453,5.2204848636558685,5.221427714937072,5.222406892445619,5.2234308735316235,5.224494444090331,5.225563528617707,5.2265575520228,5.2273424965969095,5.22776644261978,5.227766442796285,5.2273424972871885,5.226557553372594,5.225563530095746,5.224494445036506,5.223430874210904,5.2224068929058935,5.221427714819087,5.22048486322373,5.219566055406612,5.218660626222937,5.217761982549384,5.216868303809764,5.215982286659941,5.215110406712629,5.214261972198475,5.2134481255564165,5.2126808952558195,5.21197236390416,5.2113339939684575,5.21077612903772,5.210307667240401,5.209935888842795,5.209666400060535,5.209503148833423,5.2094484736994975
5.2013055621363575,5.201351768641468,5.201489716549904,5.201717382834111,5.202031388853782,5.202427008025798,5.202898204794694,5.203437735247017,5.204037328542721,5.204687974945833,5.205380342214638,5.206105319593353,5.206854685660244,5.207621882449105,5.208402850706709,5.209196853649615,5.210007134578206,5.21084115978391,5.211709957154381,5.212625750806768,5.2135966554166275,5.214616929830256,5.215651947212377,5.216620682251541,5.217388852732314,5.217804447377174,5.2178044476545065,5.217388853213841,5.216620683104653,5.215651948420133,5.214616930930128,5.21359665641266,5.21262575155866,5.211709957270415,5.210841159160578,5.210007133985282,5.209196853411492,5.208402850992798,5.20762188244873,5.206854685956832,5.206105319724393,5.205380342100806,5.204687974220137,5.204037327716854,5.203437734793502,5.202898204311997,5.202427008504325,5.2020313906395375,5.201717385136538,5.201489718581625,5.201351769710616,5.201305562316877
5.19330348144158,5.1933433271770575,5.193462277852925,5.193658577566547,5.193929315232922,5.194270460887222,5.194676932347881,5.195142710596711,5.195661019857855,5.196224588808857,5.1968260097471735,5.197458196651467,5.198114957598855,5.198791658313738,5.199485964061844,5.200198576754289,5.200933851390016,5.2017000233846185,5.202508568228093,5.203371884958946,5.204298063069555,5.205281222840118,5.206286575629328,5.2072329954694245,5.20798621496954,5.208394320713377,5.208394321144716,5.207986215809351,5.207232996253839,5.206286576337557,5.205281223893923,5.204298064183563,5.203371885719291,5.202508568662935,5.201700023244276,5.200933850824001,5.200198576247951,5.199485964156097,5.198791658778017,5.1981149573676415,5.197458196708273,5.196826009846001,5.196224588989496,5.195661019458941,5.195142710017745,5.194676932107303,5.194270461431864,5.193929316615349,5.1936585792944765,5.193462279611648,5.193343328399549,5.193303482422432
5.1854422040461685,5.18547711132703,5.185581320024576,5.185753299889028,5.185990528576061,5.1862895366675525,5.186645987508511,5.187054797860696,5.187510306727417,5.188006518181819,5.188537415559675,5.189097373823913,5.1896816622552855,5.19028704682188,5.190912465600786,5.1915597199315755,5.1922340601130506,5.192944399347484,5.193702685463037,5.19452161008116,5.195409422520031,5.196360322193795,5.197339581395728,5.198266176256523,5.199006014149058,5.199407386912797,5.199407387318563,5.199006015115093,5.198266177370624,5.1973395820608514,5.196360322952071,5.195409423419243,5.194521610886842,5.193702685890607,5.192944399663485,5.192234059815547,5.1915597195682395,5.190912465413114,5.190287047211736,5.1896816624524735,5.189097374033522,5.1885374158522835,5.188006518109095,5.187510306858889,5.18705479748293,5.18664598738649,5.186289536833482,5.185990529572229,5.185753301339353,5.1855813210253485,5.185477112173419,5.185442205015141
5.177725322390386,5.177756271742183,5.177848671133818,5.178001182716437,5.178211606579274,5.178476933679569,5.178793427880062,5.179156738595866,5.179562066214127,5.180004382175245,5.180478720100637,5.180980548318304,5.181506232665891,5.1820535991082135,5.182622564878845,5.183215803473406,5.183839305238009,5.184502584187334,5.185218051820196,5.185998744534485,5.186853163566459,5.187775704139335,5.188731820866113,5.1896407022962725,5.190368516800074,5.190763819916606,5.190763820132092,5.190368517485952,5.189640703367024,5.1887318218308645,5.187775705015554,5.186853164436078,5.185998745068028,5.185218052099076,5.184502584445708,5.1838393054336125,5.18321580350632,5.182622564888812,5.1820535991989,5.181506233248953,5.1809805486569696,5.1804787204648814,5.18000438217258,5.179562065837413,5.179156738120376,5.178793427903819,5.178476934394545,5.178211607035987,5.178001183304083,5.177848671935979,5.1777562722643875,5.1777253226528615
5.170158516667256,5.170186206033618,5.170268879426656,5.170405361776011,5.170593727096872,5.170831351358253,5.171114987320192,5.171440876831651,5.171804906311146,5.172202809668951,5.172630441232165,5.173084119434953,5.173561068684981,5.174059947247946,5.174581456653018,5.175128983337881,5.175709144926294,5.176331988755708,5.177010366878274,5.177757673761293,5.178582702489373,5.179480099223102,5.180415561510233,5.181308545508292,5.182025523476,5.182415342659113,5.182415342727115,5.182025523809481,5.181308546229637,5.180415562562059,5.179480100140604,5.178582703359896,5.1777576743296505,5.177010367168543,5.176331988957211,5.1757091453967,5.175128983766994,5.174581456828165,5.17405994749799,5.173561069243577,5.173084119805303,5.172630441097738,5.17220280972978,5.171804905946302,5.17144087626171,5.17111498710203,5.170831352266478,5.170593728226298,5.170405361965777,5.170268879219536,5.17018620595805,5.1701585169708855
5.162748530797655,5.16277347407222,5.162847954613337,5.162970938654737,5.163140734202837,5.163355038925228,5.163611013964468,5.163905392642092,5.164234620933855,5.16459505308763,5.164983203487785,5.165396078944516,5.165831597260061,5.166289093952323,5.166769917791332,5.167278054563756,5.1678206626407555,5.16840826451298,5.169054122731443,5.1697719821955985,5.170570936478838,5.171445903363809,5.1723628488837345,5.173241519469578,5.1739487086742155,5.174333564894452,5.174333564840008,5.173948708761732,5.173241519830247,5.1723628495665706,5.171445904085661,5.170570937117136,5.169771982968485,5.16905412363454,5.168408265168262,5.167820663296543,5.16727805519653,5.16676991801482,5.166289094108188,5.165831597635182,5.165396079424738,5.164983203156588,5.1645950527494655,5.164234620563763,5.163905392114533,5.1636110140457605,5.163355039415628,5.163140735023397,5.162970939148552,5.162847954364765,5.162773473383996,5.162748530890156
5.155502512754657,5.1555251023495865,5.155592565650297,5.155703989228598,5.15585788019237,5.156052209874829,5.156284488436719,5.156551859647121,5.156851238203886,5.157179493054478,5.157533687515649,5.157911399498225,5.158311121301173,5.158732756497172,5.1591782004436615,5.159651953128335,5.160161644339466,5.160718222425639,5.161335326643773,5.162027032433226,5.162802727583598,5.163657603204512,5.164557898323597,5.1654236540515095,5.166121987237289,5.166502346929113,5.166502346802197,5.16612198705734,5.165423653885545,5.1645578987057466,5.163657603919529,5.16280272832534,5.16202703330378,5.161335327990637,5.160718223858525,5.160161645553291,5.159651953739494,5.159178200714884,5.158732756362203,5.158311121105235,5.157911399581461,5.157533687445646,5.157179492390578,5.156851237706124,5.156551859226116,5.156284488561152,5.156052210268585,5.155857880303201,5.15570398974213,5.155592565754061,5.155525102237312,5.155502512262988
5.148427613337755,5.148448163697202,5.148509543878421,5.148610945325239,5.148751045494344,5.148928054031013,5.14913977669338,5.149383707760758,5.149657160765929,5.149957439568595,5.150282073527602,5.1506291220982865,5.1509975656108296,5.151387792995603,5.151802169985339,5.152245642883342,5.15272625758142,5.153255342426321,5.153846879670164,5.154515251887437,5.155270126540159,5.15610695826419,5.156992252382595,5.1578463391432745,5.158536652497873,5.158912935083867,5.158912934913554,5.158536652139347,5.157846338778813,5.15699225254937,5.156106959205936,5.155270127684148,5.154515253085938,5.153846881067673,5.153255344028852,5.152726258919193,5.152245643743663,5.1518021703828945,5.1513877927120815,5.150997564878056,5.150629121294642,5.150282073108082,5.149957439217981,5.149657160305549,5.14938370764427,5.149139776708252,5.148928054264551,5.148751045619101,5.1486109453941244,5.148509544300156,5.14844816393164,5.1484276125517665
5.141530762212289,5.141549530002321,5.1416055931884355,5.141698232952706,5.141826275820886,5.141988136087848,5.142181874207124,5.142405287581456,5.142656031035904,5.142931782471462,5.143230470138767,5.143550566927116,5.143891474715698,5.1442540022297,5.1446409245547855,5.145057579315701,5.145512380269464,5.146016996079801,5.146585719609355,5.147233215929843,5.147969412848859,5.148790013259601,5.1496617765334305,5.150505311529646,5.151188358097442,5.151560942306442,5.151560942290282,5.151188357968888,5.1505053114662465,5.149661776722943,5.148790014181464,5.147969414083295,5.147233217388679,5.146585720846826,5.14601699724195,5.145512381290822,5.145057580091772,5.144640925207995,5.14425400231129,5.143891473872302,5.14355056558673,5.143230468986759,5.142931782036795,5.1426560307552185,5.1424052878347855,5.142181874568228,5.1419881361783695,5.141826276005192,5.141698232736525,5.1416055931588796,5.141549529854547,5.141530761135158
5.134818543361491,5.134835744511561,5.134887134552695,5.134972072073306,5.135089513885247,5.135238050706017,5.135415965834371,5.13562131818119,5.135852057253657,5.136106185997014,5.136381977261812,5.136678263270418,5.136994813138277,5.13733280200442,5.137695363145568,5.138088179224139,5.138519991287351,5.139002772393029,5.139551095600941,5.140179883738825,5.140899303668386,5.141705289659967,5.142564840288066,5.143398829472517,5.144075289669531,5.144444518641531,5.144444518820168,5.144075290177903,5.143398829998436,5.14256484072576,5.141705290280985,5.140899304687075,5.140179885020318,5.139551096588744,5.139002773067606,5.138519991870157,5.138088179938041,5.1376953636112095,5.137332802094182,5.13699481281238,5.136678261829659,5.136381975802401,5.136106185246253,5.135852057033187,5.1356213184626105,5.135415966769273,5.135238051162577,5.135089513333664,5.134972071051472,5.134887133967466,5.13483574436595,5.134818542435865
5.128297144136458,5.128312964002883,5.128360230781498,5.128438372811198,5.128546459216649,5.128683235364367,5.128847177908352,5.129036572602706,5.12924962653099,5.129484625544734,5.1297401428354705,5.130015325297726,5.130310263425649,5.130626452672549,5.130967342784253,5.131338922282796,5.13175022286594,5.132213489639922,5.132743548179331,5.133355554803209,5.134059894616524,5.134852715419982,5.135701239858405,5.136526591769613,5.137197081329614,5.137563265699112,5.1375632662296145,5.1371970822443185,5.1365265926340316,5.135701240551403,5.134852716030596,5.134059895385629,5.133355555693603,5.132743548826882,5.13221348998697,5.1317502231873835,5.131338922748428,5.130967342915868,5.130626452618251,5.130310262868442,5.1300153243069,5.129740141808173,5.12948462481026,5.129249626352947,5.129036572874042,5.128847178465648,5.128683235342618,5.128546458261721,5.1284383720079765,5.128360230159438,5.128312963402113,5.128297143849147
5.1219723421378065,5.121986939467116,5.12203056022688,5.122102692373013,5.1222025032615,5.122328873265212,5.122480447091429,5.122655708876655,5.122853092344335,5.12307112911671,5.1233086564593115,5.123565097209716,5.123840823229847,5.124137613407045,5.124459196844603,5.124811833314411,5.125204812745364,5.125650623874753,5.12616431899262,5.126761264947299,5.127452045247395,5.128233004213001,5.129071572357454,5.12988910820448,5.13055418484174,5.130917606394581,5.1309176068100415,5.1305541855512375,5.129889108949798,5.129071572986825,5.128233004756605,5.12745204579905,5.126761265432762,5.126164319617139,5.125650624202318,5.125204812778794,5.124811833346457,5.124459196806909,5.124137613176352,5.123840822565224,5.123565096616406,5.123308656125856,5.1230711287746145,5.122853092357841,5.122655708984811,5.122480446478089,5.122328872326424,5.122202502557839,5.122102691931218,5.12203055989068,5.1219869392563195,5.121972342139087
5.115849509843014,5.115863024396131,5.115903416316587,5.11597022502904,5.1160627037675415,5.116179851137847,5.116320458815115,5.1164831856968505,5.116666663151184,5.1168696385271195,5.117091181205531,5.117330956546822,5.117589584597772,5.117869094626589,5.118173462743157,5.118509189344066,5.11888579447151,5.1193159846124745,5.119815015040973,5.120398441755751,5.121077028589117,5.121847299454366,5.122676876883824,5.123487339436877,5.124147508439203,5.124508422774862,5.124508422782022,5.124147508677592,5.123487339635976,5.122676877129295,5.121847299495592,5.121077028754532,5.1203984421961435,5.119815015528863,5.1193159850315215,5.118885794744494,5.11850918902073,5.118173462405757,5.117869094252228,5.117589584475988,5.1173309566964695,5.117091181341849,5.116869638214287,5.1166666627099175,5.116483185272865,5.11632045776671,5.1161798500781615,5.116062703239566,5.11597022457244,5.115903416279596,5.1158630251958135,5.115849510365831
5.109933635818722,5.109946191368071,5.109983720306581,5.110045808139885,5.11013178381756,5.110240749030647,5.110371624533072,5.110523223411507,5.110694348712765,5.11088393846913,5.111091266667999,5.111316211932198,5.111559613459107,5.11182372159534,5.112112731687186,5.112433357550105,5.112795324537614,5.113211532885887,5.113697419632838,5.114268710464925,5.114936332102203,5.115696972263483,5.11651843128266,5.117322492740481,5.117978212546759,5.118336851341043,5.118336851148365,5.117978212331203,5.117322492519216,5.11651843106891,5.115696971986971,5.114936331858944,5.114268710291671,5.113697419976215,5.113211533626489,5.112795324810236,5.1124333574702545,5.112112731446515,5.1118237215391,5.1115596135259596,5.111316212152942,5.1110912666666835,5.110883937849346,5.110694347654491,5.110523222819181,5.1103716240626555,5.110240748358265,5.110131783428252,5.110045807654814,5.109983720496695,5.10994619278057,5.109933636932297
5.104229347866511,5.104241052320191,5.10427604076019,5.104333939299164,5.104414143532047,5.104515844555314,5.104638078172208,5.104779790981212,5.104939937874083,5.10511762549089,5.105312307056953,5.105524049435405,5.105753885745774,5.1060042619986525,5.106279567794214,5.106586706682574,5.1069355865248,5.107339280252581,5.107813386564357,5.108373783774454,5.10903154557983,5.109783508718194,5.110597637380663,5.111395906739892,5.112047593016092,5.112404166820939,5.112404166614587,5.112047592379708,5.111395906448136,5.110597637247678,5.109783508097371,5.1090315447911445,5.108373783175011,5.1078133864582105,5.107339280608469,5.106935587136611,5.106586707217999,5.1062795680212165,5.106004262232716,5.105753885798972,5.105524049041677,5.105312306385783,5.105117624542784,5.104939936958838,5.104779790306943,5.104638078286607,5.104515844459174,5.104414142875691,5.104333939332653,5.1042760415501585,5.104241053607663,5.104229348853416
5.098740934216164,5.098751882989109,5.0987846163919865,5.098838796320025,5.098913875356293,5.099009124927252,5.099123681225235,5.099256607914808,5.099406994505787,5.099574095346397,5.099757521890931,5.099957507450325,5.100175256677856,5.100413388632136,5.100676465346902,5.10097155871,5.101308738767706,5.101701231725695,5.102164780689561,5.102715400676669,5.103364297785048,5.104108444450843,5.104915955449865,5.105708984200986,5.106357013903303,5.106711714201954,5.1067117139945895,5.106357013363971,5.10570898395002,5.104915955213806,5.1041084439070765,5.103364296870232,5.102715399479197,5.1021647799076035,5.101701231552472,5.1013087394323,5.100971559738332,5.100676466256497,5.1004133891050145,5.100175256433375,5.0999575067796465,5.099757520951763,5.099574094200877,5.099406993613464,5.099256607444604,5.099123681199763,5.09900912499233,5.098913874778242,5.098838796419705,5.098784617697307,5.09875188444427,5.098740935401305
5.093472368681576,5.093482646592342,5.093513377943808,5.093564255621864,5.09363478220664,5.093724301090836,5.093832035212172,5.093957151948342,5.0940988594903365,5.094256542015548,5.094429951247929,5.09461946728671,5.094826446481139,5.095053661127109,5.0953058261227575,5.095590162735438,5.095916884480438,5.096299354071022,5.096753443754934,5.097295290490349,5.097936219600729,5.09867332639531,5.099474864474097,5.1002631522165895,5.100907867597706,5.101260868435271,5.101260868329111,5.1009078674491075,5.100263151905051,5.099474864275791,5.098673326101296,5.097936218675893,5.09729528943904,5.096753442576336,5.0962993535232375,5.095916884629402,5.095590163361263,5.095305827005372,5.0950536616598265,5.0948264464658894,5.094619467054889,5.09442995044427,5.094256540971569,5.094098858392501,5.093957151311812,5.093832034952944,5.093724300924399,5.093634781881739,5.093564255875226,5.09351337924251,5.093482648333111,5.093472369759168
5.088427332154296,5.088437014320596,5.08846596804948,5.088513912173362,5.088580395815606,5.0886648235086,5.088766494666112,5.088884668836946,5.089018658561189,5.089167962896457,5.089332456934223,5.089512650806278,5.089710034645207,5.089927516883683,5.09016994727084,5.090444679845204,5.090762055311945,5.091135557883594,5.091581174517324,5.092115151524137,5.092748920865277,5.093479689453613,5.09427583757074,5.095059837285455,5.095701549819991,5.096053009107059,5.0960530089974005,5.095701549799342,5.095059837202485,5.094275837315994,5.093479689483898,5.092748920454385,5.092115150686434,5.091581173395099,5.0911355568249785,5.090762054621173,5.090444679794669,5.090169948038341,5.089927517432653,5.089710034834285,5.089512650730845,5.089332456480053,5.089167961932907,5.089018657853298,5.088884668466131,5.08876649384947,5.088664822386155,5.088580395612916,5.0885139126683985,5.088465969048755,5.0884370158188466,5.088427332972297
5.083609231742576,5.083618385266633,5.083645760221494,5.083691099556038,5.083753992572705,5.083833896825158,5.083930180451589,5.084042184104456,5.084169312036146,5.08431116469677,5.084467726108304,5.084639621176073,5.084828458555645,5.085037266842433,5.085271015732668,5.085537176262804,5.085846202302055,5.086211686134293,5.086649716586555,5.087176637234115,5.087803975711172,5.088529040037693,5.089320326018318,5.09010044916084,5.090739441505501,5.091089503130594,5.09108950321936,5.09073944153414,5.090100449068554,5.089320325856262,5.08852903992116,5.087803975673032,5.087176636668839,5.086649715470306,5.086211684791945,5.0858462013693755,5.085537176135379,5.085271016120004,5.085037267118761,5.084828458717781,5.084639621195117,5.08446772558921,5.084311164249457,5.08416931191007,5.0840421836077345,5.083930179124133,5.083833895248176,5.083753992144593,5.08369109980974,5.083645760762397,5.083618386601324,5.083609233053476
5.079021219960684,5.079029904420628,5.079055877462571,5.079098904420872,5.079158608509917,5.0792344951015105,5.079325993087442,5.079432514098448,5.079553543289878,5.079688770613094,5.079838276160368,5.080002786325291,5.0801840144562584,5.080385095629857,5.080611105678573,5.080869619124185,5.081171190354458,5.081529507277478,5.08196074934186,5.082481346513454,5.083102912075623,5.0838228450787035,5.084609747444209,5.085386367811138,5.086022897462264,5.0863716926405615,5.086371692569881,5.086022897489477,5.085386367810133,5.08460974726902,5.083822844747813,5.083102911734038,5.082481345817455,5.081960748407266,5.081529506413347,5.081171189821085,5.080869618965166,5.080611105622766,5.0803850956209065,5.080184014472438,5.080002786133297,5.0798382756694975,5.079688770528951,5.079553543459238,5.079432513594844,5.079325991872164,5.079234494188728,5.0791586075760256,5.079098904094621,5.079055877944861,5.079029905111828,5.079021220738479
5.074666210560021,5.074674477965919,5.074699207032923,5.074740181623526,5.074797054962042,5.074869375404909,5.0749566243841695,5.075058276410059,5.075173887807041,5.075303227560597,5.0754464603923015,5.075604402560329,5.075778860100248,5.075973062123978,5.076192177896963,5.076443874147766,5.0767387940617175,5.077090710202061,5.077515881989442,5.078030816610471,5.078647203629308,5.0793625237774105,5.080145477086788,5.080918934664224,5.081553236611607,5.081900884861306,5.081900884876215,5.081553236650637,5.080918934538251,5.080145476625892,5.079362522903494,5.078647202777199,5.078030816053996,5.077515881526203,5.077090709861105,5.0767387938046475,5.076443873967629,5.076192177775591,5.07597306210898,5.075778860320858,5.0756044023371745,5.0754464601185845,5.075303227439507,5.075173887778546,5.075058275769401,5.074956623810755,5.074869374681557,5.07479705410898,5.074740181030493,5.0746992072330315,5.074674478011294,5.074666210020592
5.0705468912756,5.070554788714234,5.070578414883848,5.0706175691687445,5.070671932001571,5.070741089074737,5.07082456827274,5.0709218992365255,5.071032701332754,5.071156812814212,5.0712944738155175,5.071446579336637,5.071615017491006,5.071803100377771,5.072016080026032,5.07226170439365,5.072550695382911,5.072896900175381,5.073316649262258,5.073826517877764,5.074438263538797,5.07514944144102,5.0759288408338685,5.076699445322469,5.077331734160375,5.0776783449034495,5.0776783445941795,5.077331733771713,5.0766994447182565,5.075928839922543,5.075149440533214,5.074438262566056,5.073826517239054,5.073316648974573,5.072896900065554,5.07255069542317,5.0722617046547285,5.072016080288054,5.071803100906752,5.071615017868228,5.07144657907814,5.071294473369988,5.071156812422732,5.071032700638286,5.070921898435233,5.070824567777937,5.070741088675826,5.070671931547656,5.070617568855604,5.070578414785629,5.070554788591986,5.070546890859567
5.066665739216905,5.066673309619632,5.066695958774578,5.066733500253985,5.066785638782502,5.066851992480163,5.0669321303658235,5.0670256304209795,5.067132167685902,5.067251641529087,5.067384358433953,5.067531283123081,5.067694375880028,5.067877021939191,5.068084546589511,5.0683247695055655,5.068608481855189,5.068949596637964,5.069364507404112,5.069869849357075,5.070477440687788,5.071184903660994,5.071961108464625,5.072729143367265,5.073359615057747,5.073705288278735,5.073705288101214,5.073359614164203,5.07272914239811,5.071961107646072,5.071184902677739,5.070477439658262,5.069869848490585,5.069364507193783,5.068949596584577,5.068608482093051,5.068324770148848,5.06808454736585,5.0678770226047725,5.067694376000209,5.0675312829569625,5.067384357828873,5.06725164076325,5.067132166646718,5.067025629998261,5.066932130231753,5.066851992160031,5.066785638735975,5.066733500144033,5.066695958630541,5.066673310221385,5.0666657405220334
5.0630250331647835,5.063032314620599,5.06305409923716,5.063090213821813,5.063140384134363,5.063204256920833,5.063281437196266,5.063371545740539,5.063474306359422,5.0635896725146745,5.06371800869468,5.063860341447713,5.064018694469392,5.064196517412482,5.0643991999598486,5.0646346252597505,5.0649136452062855,5.065250231006559,5.065660831827944,5.066162135433873,5.066766014594631,5.067470151798897,5.0682434904275375,5.069009214209242,5.0696380487092645,5.069982877158033,5.069982877056373,5.069638048154219,5.069009213353307,5.068243489305707,5.06747015054012,5.066766013534585,5.066162134490888,5.065660831301547,5.06525023114959,5.0649136456845225,5.06463462611972,5.064399200771521,5.064196517710695,5.064018694651889,5.063860341370349,5.063718008268078,5.063589671730015,5.063474305929204,5.063371545616722,5.063281437024027,5.0632042570774765,5.06314038408129,5.06309021375088,5.063054099744101,5.06303231620772,5.063025034930279
5.059626862929509,5.059633888877719,5.059654909918594,5.05968976426404,5.059738196105861,5.059799877394466,5.059874444761958,5.059961556401782,5.060060979003065,5.0601727136760974,5.06029717612756,5.060435446780443,5.0605896051689525,5.060763157870297,5.06096155120144,5.061192723554117,5.06146758069073,5.061800145361362,5.062206914716452,5.062704623555019,5.063305193155859,5.06400635881948,5.064777131278251,5.065540782002057,5.066168145545418,5.066512214175797,5.066512214091846,5.066168145194794,5.065540781181003,5.064777130134404,5.064006357469431,5.063305191959624,5.062704622853006,5.062206914468966,5.061800145917867,5.061467581593181,5.061192724205985,5.060961551386424,5.060763158041239,5.0605896053118045,5.060435446693321,5.060297175793548,5.060172713503032,5.060060979084396,5.059961556563011,5.059874444749191,5.059799877656361,5.059738196183548,5.05968976475126,5.059654910813519,5.059633889756127,5.059626863095276
5.056473137784184,5.05647993822002,5.056500286451002,5.056534030469305,5.056580930700916,5.056640680968323,5.0567129454631115,5.056797415521218,5.056893895386734,5.057002427686562,5.057123473154191,5.057258159595354,5.05740861548234,5.057578397185235,5.057773000672552,5.058000413051854,5.0582715872717925,5.058600590992343,5.059003963457218,5.05949848132488,5.060096107726474,5.060794626898434,5.061563109285874,5.06232490541564,5.062950951283266,5.063294338532759,5.063294338466063,5.062950950995183,5.062324904722965,5.061563108305597,5.060794626200822,5.060096107524118,5.059498481379749,5.059003963908701,5.058600591490744,5.058271587840066,5.058000413296035,5.057773000240597,5.05757839684595,5.057408615451575,5.057258159519094,5.057123473049173,5.05700242795378,5.0568938960772165,5.056797416038604,5.056712945931397,5.056640681219228,5.056580931440082,5.056534031388127,5.056500286862519,5.056479937108033,5.056473136496774
5.053565595324589,5.053572197578976,5.053591954901827,5.053624724078444,5.053670279202939,5.0537283335326455,5.053798575132264,5.053880724442826,5.053974618445985,5.054080336175829,5.054198377658035,5.0543299120500835,5.05447711074946,5.054643573571233,5.054834839637559,5.055058939225388,5.055326866505146,5.055652727708448,5.056053099124442,5.056544794548119,5.057139814302201,5.057835984729327,5.058602430228431,5.0593625746805815,5.059987444590778,5.0603302231696246,5.060330223142326,5.059987444287677,5.059362574270723,5.058602429986968,5.057835984798544,5.057139814762204,5.056544795592505,5.0560530999034,5.0556527278512595,5.055326866822798,5.055058939019928,5.054834838846484,5.054643572945897,5.054477110421624,5.054329911461044,5.054198377907757,5.054080337463373,5.053974619690882,5.053880725420193,5.053798575909034,5.053728334152173,5.05367028018992,5.053624725032869,5.053591954134404,5.053572195078078,5.053565591925487
5.050905809452184,5.050912238535866,5.0509314793292805,5.050963396231325,5.051007775250525,5.051064346346106,5.051132818820688,5.05121293788771,5.051304569398155,5.051407824204302,5.051523236257322,5.051652010770121,5.051796356455691,5.0519599109954765,5.0521482515288785,5.052369445732446,5.052634522787878,5.052957623000515,5.053355356303006,5.0538445670281105,5.054437288387016,5.055131384318063,5.055896027895789,5.05665470780669,5.057278533223076,5.057620771342364,5.057620771410359,5.0572785333151575,5.056654707797466,5.055896028132487,5.05513138479359,5.054437289201396,5.053844567894032,5.053355357077072,5.052957623839158,5.052634522801877,5.052369445004841,5.052148250913672,5.0519599103087955,5.05179635548898,5.051652010346994,5.0515232372240435,5.051407825930574,5.051304571065806,5.051212938923252,5.051132819273213,5.0510643471481,5.051007776132443,5.050963396440586,5.050931477531644,5.050912235211251,5.050905805970453
5.048495197489647,5.048501476084261,5.048520268038098,5.04855144406758,5.04859480068487,5.04865008185195,5.048717015498502,5.048795368789248,5.0488850322147725,5.048986143971135,5.049099267725265,5.049225639734862,5.049367500951335,5.049528521851328,5.049714312781173,5.049932973282951,5.050195563419639,5.050516253526346,5.050911680844419,5.051398717251262,5.0519894247395705,5.052681699674044,5.053444758720855,5.054202148714349,5.054825053481858,5.055166814611323,5.055166814695948,5.05482505404707,5.054202149610916,5.053444759685229,5.05268170026893,5.051989425033806,5.051398718131998,5.050911681828231,5.050516254183307,5.050195563604004,5.049932972791292,5.049714312234463,5.0495285208201794,5.049367499503798,5.049225639599501,5.049099268990631,5.048986145513044,5.048885033548441,5.048795369399351,5.048717016218156,5.048650082337446,5.048594801371343,5.0485514433818555,5.048520266075379,5.048501473470926,5.048495194710629
5.046335025423748,5.046341174439557,5.046359579366921,5.046390116172482,5.046432590206203,5.0464867582356785,5.046552363822054,5.046629192842571,5.046717157313363,5.046816418769124,5.046927566112749,5.047051862514635,5.047191576638865,5.0473504073569275,5.047533993621746,5.047750462090155,5.048010899521614,5.04832950143024,5.048722929329709,5.049208078727602,5.04979703526192,5.050487725283396,5.051249403175337,5.052005666910825,5.0526277667479595,5.05296911015488,5.052969110352926,5.0526277674674756,5.052005668020833,5.051249403860417,5.050487725989958,5.049797035858464,5.049208079358424,5.048722930286706,5.048329502193605,5.048010899556986,5.047750461661274,5.04753399303166,5.047350406260509,5.047191575576347,5.047051862452508,5.046927566772594,5.046816419635838,5.0467171580110595,5.046629193849547,5.046552364581003,5.046486759035891,5.046432590013765,5.046390115241393,5.04635957732016,5.046341172454906,5.046335023855914
5.04442641346862,5.044432451846046,5.044450526303141,5.044480516979894,5.044522237147222,5.0445754542887915,5.044639925388024,5.044715452292774,5.044801964965858,5.044899645071714,5.045009102991112,5.045131624633851,5.0452695024653815,5.045426459803879,5.045608159551556,5.045822751083838,5.046081344720177,5.046398156984068,5.046789869791944,5.047273398298538,5.047860849639211,5.048550175465523,5.049310662338233,5.050065953679555,5.050687357377526,5.051028339491073,5.051028339649273,5.050687357690727,5.050065953716443,5.049310662749437,5.048550175937904,5.0478608501591875,5.047273398723483,5.046789870141368,5.0463981572973085,5.046081344959052,5.045822751198994,5.045608158977466,5.045426459279735,5.045269502278786,5.04513162446153,5.045009102742514,5.0448996453485595,5.044801965532547,5.044715453153085,5.044639926292024,5.044575454491399,5.044522236242878,5.044480514696274,5.044450524480995,5.044432451958859,5.044426415632147
5.0427703398112795,5.042776284907628,5.042794080767842,5.042823611441634,5.042864696654678,5.042917112888253,5.042980628639657,5.043055058895611,5.04314034857286,5.043236696063604,5.043344730150917,5.043465755819495,5.043602085880649,5.043757463783626,5.043937571811675,5.044150579814888,5.044407616671769,5.044722916952938,5.0451131796473225,5.04559533653248,5.04618151304865,5.046869681589924,5.047629157129977,5.048383621437165,5.049004432170572,5.049345106492326,5.049345106306651,5.049004431652405,5.048383620960119,5.047629156942285,5.046869681704406,5.046181513392827,5.045595336556105,5.0451131795544955,5.04472291721927,5.044407616989789,5.044150579905319,5.043937571533945,5.043757463657089,5.043602085582316,5.043465755099014,5.043344729450998,5.043236695812993,5.043140349169611,5.043055059489562,5.042980629347702,5.042917112627071,5.042864695381091,5.04282360958254,5.042794080269942,5.0427762873632,5.042770343065096
5.041367643731721,5.041373512033517,5.0413910777809186,5.041420228553795,5.041460789731272,5.041512545154808,5.0415752723698155,5.041648797099121,5.041733076875921,5.041828324097655,5.041935182245089,5.042054972444118,5.042190023815471,5.042344096241299,5.042522888529548,5.042734587172557,5.042990336145389,5.043304385103164,5.043693446580159,5.0441744665563,5.044759585347402,5.045446792796092,5.0462054272458765,5.04695920264286,5.047579519105191,5.047919936917993,5.047919936995318,5.0475795188093215,5.046959202004648,5.046205426740823,5.045446792776292,5.044759585178009,5.04417446635442,5.0436934462720675,5.0433043849224575,5.042990336117151,5.042734586731765,5.042522888167216,5.042344095515817,5.042190022433497,5.04205497132072,5.041935181789331,5.041828324509665,5.04173307721705,5.0416487980217255,5.041575272592975,5.041512544440125,5.041460788180496,5.04142022776075,5.041391079520498,5.0413735155046195,5.041367645469434
5.040219030818452,5.040224837302154,5.040242218701285,5.040271065226456,5.040311206493017,5.040362432522759,5.040424527826226,5.040497326803914,5.040580797178238,5.040675162394644,5.040781077644942,5.040899877191066,5.041033903181049,5.041186928489629,5.041364665374649,5.041575313142848,5.041830028347035,5.042143071985584,5.0425311679517835,5.043011273919913,5.043595541398431,5.04428197462053,5.045039930203239,5.04579314946914,5.046413067319754,5.046753278146527,5.046753277816591,5.046413067236849,5.045793149529812,5.04503992977619,5.044281973829731,5.043595540859023,5.043011273204313,5.042531167008289,5.042143070901858,5.041830027130833,5.041575312066469,5.041364664506391,5.041186927082551,5.041033901990295,5.040899876895342,5.040781078106108,5.040675162563463,5.040580797487177,5.040497326702422,5.040424527289018,5.040362432016119,5.040311206893326,5.0402710671864615,5.040242221782659,5.040224837932733,5.040219030180442
5.039325074383932,5.039330833597638,5.03934807399628,5.039376687916471,5.039416508332306,5.039467329249262,5.039528940981683,5.039601184866719,5.039684036242012,5.03977772637301,5.039882920309206,5.040000962179165,5.040134203181457,5.040286426940272,5.040463355921413,5.040673199059843,5.040927122290942,5.041239395246615,5.041626751418296,5.0421061561167075,5.042689769764663,5.043375607845786,5.044133041817839,5.044885833665283,5.0455054446290495,5.045845495350335,5.045845495524465,5.045505444595103,5.044885833810166,5.044133041609143,5.043375607353602,5.042689768850879,5.0421061542143075,5.041626749737454,5.041239393320232,5.04092711983102,5.040673197340562,5.040463354539966,5.0402864256424005,5.040134202779652,5.040000962481633,5.039882921098096,5.0397777265296355,5.039684036626667,5.039601185348108,5.039528941034978,5.039467329760613,5.039416510012556,5.039376690277567,5.039348075276746,5.0393308323516335,5.039325074092026
5.038686218225452,5.038691944208665,5.038709085148943,5.038737535070343,5.038777129064696,5.038827664336942,5.0388889352154145,5.038960787702843,5.0390432020589975,5.039136416121648,5.039241101394082,5.039358608209807,5.039491295415399,5.039642953762787,5.039819312542275,5.04002858760019,5.040281951247812,5.040593680087626,5.0409805131101075,5.041459421564077,5.042042573012219,5.04272799024912,5.043485055166278,5.04423754403548,5.04485693706522,5.045196875115962,5.0451968752774405,5.0448569374003105,5.044237544505186,5.043485055478273,5.042727990071471,5.042042572060109,5.041459419786802,5.040980510644212,5.040593677053014,5.040281948035719,5.040028585175569,5.039819311076037,5.039642953316818,5.0394912961434795,5.039358609634833,5.0392411023159,5.039136416917746,5.039043202234593,5.038960787240252,5.03888893513767,5.038827665798698,5.038777131116266,5.038737536702966,5.038709084977386,5.038691943420007,5.038686217371767
5.038302778235607,5.0383084844217745,5.038325566363159,5.038353918955767,5.038393378412484,5.038443743732691,5.03850481164112,5.0385764311519,5.038658585577349,5.038751516191282,5.0388558987742815,5.038973087350417,5.039105445183224,5.039256766870706,5.039432786164355,5.03964172296477,5.039894753311457,5.040206157791912,5.040592678951535,5.041071292098002,5.041654168529057,5.042339334657847,5.0430961790187325,5.043848487507908,5.044467750732014,5.044807621201539,5.044807621345494,5.044467751532446,5.043848488445983,5.043096179844369,5.042339334336413,5.041654166928909,5.041071290475023,5.040592676597431,5.040206154608203,5.039894750571583,5.039641720945106,5.039432785417319,5.039256767674009,5.039105446486563,5.038973088007252,5.038855899479559,5.038751516843705,5.038658584662556,5.038576430010399,5.0385048120644775,5.038443745091258,5.038393380133853,5.038353919921707,5.03832556564529,5.038308484015905,5.038302777941378
5.038174944100088,5.038180643455741,5.038197705960463,5.038226026328489,5.038265441013375,5.038315749882877,5.038376750780605,5.038448292646366,5.0385303603688625,5.038623197169731,5.038727479491259,5.038844562362279,5.038976810796429,5.039128020695031,5.039303927501865,5.039512751695487,5.039765671202343,5.04007696797906,5.0404633858877315,5.0409419011068275,5.041524685766066,5.042209768212341,5.042966539948577,5.043718788290229,5.04433800833584,5.044677856397166,5.044677856767474,5.044338009058937,5.043718789185519,5.04296654075486,5.042209767746409,5.041524684128943,5.04094189926072,5.040463383664598,5.0400769656413225,5.039765669023721,5.039512750215356,5.039303927296768,5.039128021414644,5.038976811309621,5.038844563432495,5.038727480526095,5.038623196594657,5.0385303589719355,5.038448291448922,5.038376751153803,5.038315751908233,5.038265442531597,5.03822602611095,5.038197705858719,5.038180643304806,5.038174944016564
