-1.000000000000000000e+00,-1.000000000000000000e+00,-1.000000000000000000e+00,-1.000000000000000000e+00,-1.000000000000000000e+00,-1.000000000000000000e+00,-1.000000000000000000e+00,-1.000000000000000000e+00,-1.000000000000000000e+00,-1.000000000000000000e+00,-1.000000000000000000e+00,-1.000000000000000000e+00,-1.000000000000000000e+00,-1.000000000000000000e+00,-1.000000000000000000e+00,-1.000000000000000000e+00,-1.000000000000000000e+00,-1.000000000000000000e+00,-1.000000000000000000e+00,-1.000000000000000000e+00,-1.000000000000000000e+00,-1.000000000000000000e+00,-1.000000000000000000e+00,-1.000000000000000000e+00,-1.000000000000000000e+00,-1.000000000000000000e+00,-1.000000000000000000e+00,-1.000000000000000000e+00,-1.000000000000000000e+00,-1.000000000000000000e+00,-1.000000000000000000e+00,-1.000000000000000000e+00,-1.000000000000000000e+00,-1.000000000000000000e+00,-1.000000000000000000e+00,-1.000000000000000000e+00,-1.000000000000000000e+00,-1.000000000000000000e+00,-1.000000000000000000e+00,-1.000000000000000000e+00,-1.000000000000000000e+00,-1.000000000000000000e+00,-1.000000000000000000e+00,-1.000000000000000000e+00,-1.000000000000000000e+00,-1.000000000000000000e+00,-7.711593032168776451e-01,-7.711763732233825053e-01,-7.712275397674394073e-01,-7.713126379960099088e-01,-7.714312312027219454e-01,-7.715823089862803297e-01,-7.717635134295762755e-01,-7.719695363305599800e-01,-7.721887575476821253e-01,-7.723964636842478582e-01,-7.725416176230764931e-01,-7.725218745040105528e-01,-7.721379223973134920e-01,-7.710127411032906553e-01,-7.684536282965498399e-01,-7.632250995510190261e-01,-7.531913061132367027e-01,-7.347850580030201861e-01,-7.022874467910418250e-01,-6.470078453140395425e-01,-5.567537452100622675e-01,-4.167094547416401173e-01,-2.143755803517514158e-01,4.637429347897370491e-02,3.169413031899228628e-01,4.786211524257275585e-01,4.786211515838556529e-01,3.169413009905279743e-01,4.637429065074383239e-02,-2.143755831639253540e-01,-4.167094572007511433e-01,-5.567537472469534787e-01,-6.470078470740945331e-01,-7.022874485827368396e-01,-7.347850602052889979e-01,-7.531913090814618128e-01,-7.632251035987043242e-01,-7.684536337053907706e-01,-7.710127481312987197e-01,-7.721379312544888185e-01,-7.725218850525237269e-01,-7.725416287440187713e-01,-7.723964726131657965e-01,-7.721887605969052215e-01,-7.719695300038119656e-01,-7.717634947270288759e-01,-7.715822758654853342e-01,-7.714311824838022691e-01,-7.713125737292148010e-01,-7.712274705186339396e-01,-7.711763009243084444e-01,-7.711592302001878396e-01,-1.000000000000000000e+00,-1.000000000000000000e+00,-1.000000000000000000e+00,-1.000000000000000000e+00,-1.000000000000000000e+00,-1.000000000000000000e+00,-1.000000000000000000e+00,-1.000000000000000000e+00,-1.000000000000000000e+00,-1.000000000000000000e+00,-1.000000000000000000e+00,-1.000000000000000000e+00,-1.000000000000000000e+00,-1.000000000000000000e+00,-1.000000000000000000e+00,-1.000000000000000000e+00,-1.000000000000000000e+00,-1.000000000000000000e+00,-1.000000000000000000e+00,-1.000000000000000000e+00,-1.000000000000000000e+00,-1.000000000000000000e+00,-1.000000000000000000e+00,-1.000000000000000000e+00,-1.000000000000000000e+00,-1.000000000000000000e+00,-1.000000000000000000e+00,-1.000000000000000000e+00,-1.000000000000000000e+00,-1.000000000000000000e+00,-1.000000000000000000e+00,-1.000000000000000000e+00,-1.000000000000000000e+00,-1.000000000000000000e+00,-1.000000000000000000e+00,-1.000000000000000000e+00,-1.000000000000000000e+00,-1.000000000000000000e+00,-1.000000000000000000e+00,-1.000000000000000000e+00,-1.000000000000000000e+00,-1.000000000000000000e+00,-1.000000000000000000e+00,-1.000000000000000000e+00,-1.000000000000000000e+00,-1.000000000000000000e+00
-1.000000000000000000e+00,-1.000000000000000000e+00,-1.000000000000000000e+00,-1.000000000000000000e+00,-1.000000000000000000e+00,-1.000000000000000000e+00,-1.000000000000000000e+00,-1.000000000000000000e+00,-1.000000000000000000e+00,-1.000000000000000000e+00,-1.000000000000000000e+00,-1.000000000000000000e+00,-1.000000000000000000e+00,-1.000000000000000000e+00,-1.000000000000000000e+00,-1.000000000000000000e+00,-1.000000000000000000e+00,-1.000000000000000000e+00,-1.000000000000000000e+00,-1.000000000000000000e+00,-1.000000000000000000e+00,-1.000000000000000000e+00,-1.000000000000000000e+00,-1.000000000000000000e+00,-1.000000000000000000e+00,-1.000000000000000000e+00,-1.000000000000000000e+00,-1.000000000000000000e+00,-1.000000000000000000e+00,-1.000000000000000000e+00,-1.000000000000000000e+00,-1.000000000000000000e+00,-1.000000000000000000e+00,-1.000000000000000000e+00,-1.000000000000000000e+00,-1.000000000000000000e+00,-1.000000000000000000e+00,-1.000000000000000000e+00,-1.000000000000000000e+00,-1.000000000000000000e+00,-1.000000000000000000e+00,-1.000000000000000000e+00,-1.000000000000000000e+00,-1.000000000000000000e+00,-1.000000000000000000e+00,-1.000000000000000000e+00,-7.711709721334706336e-01,-7.711880416318961373e-01,-7.712392059343906592e-01,-7.713243027583818190e-01,-7.714428939327228063e-01,-7.715939685993813413e-01,-7.717751695461808614e-01,-7.719811885203248236e-01,-7.722004052136236529e-01,-7.724081062330363512e-01,-7.725532546411278956e-01,-7.725335061826460459e-01,-7.721495497312486078e-01,-7.710243661357155665e-01,-7.684652550808634963e-01,-7.632367363063821131e-01,-7.532029690596168114e-01,-7.347967777295028036e-01,-7.022992781569136200e-01,-6.470198812760290519e-01,-5.567661328341995119e-01,-4.167224062194668788e-01,-2.143893603264904746e-01,4.635944188083507278e-02,3.169253445415403103e-01,4.786045287462883380e-01,4.786045278565573824e-01,3.169253421555677797e-01,4.635943862420899286e-02,-2.143893638370411026e-01,-4.167224095527896077e-01,-5.567661357708828529e-01,-6.470198838356038262e-01,-7.022992805973170549e-01,-7.347967804848365425e-01,-7.532029726463413954e-01,-7.632367412443844534e-01,-7.684652618181961881e-01,-7.710243749830245630e-01,-7.721495607473711775e-01,-7.725335188263555697e-01,-7.725532673221523483e-01,-7.724081159967652876e-01,-7.722004085452215394e-01,-7.719811821846543909e-01,-7.717751508205528133e-01,-7.715939355956494827e-01,-7.714428455828964415e-01,-7.713242399302447927e-01,-7.712391395145717921e-01,-7.711879722297962925e-01,-7.711709032912790196e-01,-1.000000000000000000e+00,-1.000000000000000000e+00,-1.000000000000000000e+00,-1.000000000000000000e+00,-1.000000000000000000e+00,-1.000000000000000000e+00,-1.000000000000000000e+00,-1.000000000000000000e+00,-1.000000000000000000e+00,-1.000000000000000000e+00,-1.000000000000000000e+00,-1.000000000000000000e+00,-1.000000000000000000e+00,-1.000000000000000000e+00,-1.000000000000000000e+00,-1.000000000000000000e+00,-1.000000000000000000e+00,-1.000000000000000000e+00,-1.000000000000000000e+00,-1.000000000000000000e+00,-1.000000000000000000e+00,-1.000000000000000000e+00,-1.000000000000000000e+00,-1.000000000000000000e+00,-1.000000000000000000e+00,-1.000000000000000000e+00,-1.000000000000000000e+00,-1.000000000000000000e+00,-1.000000000000000000e+00,-1.000000000000000000e+00,-1.000000000000000000e+00,-1.000000000000000000e+00,-1.000000000000000000e+00,-1.000000000000000000e+00,-1.000000000000000000e+00,-1.000000000000000000e+00,-1.000000000000000000e+00,-1.000000000000000000e+00,-1.000000000000000000e+00,-1.000000000000000000e+00,-1.000000000000000000e+00,-1.000000000000000000e+00,-1.000000000000000000e+00,-1.000000000000000000e+00,-1.000000000000000000e+00,-1.000000000000000000e+00
-1.000000000000000000e+00,-1.000000000000000000e+00,-1.000000000000000000e+00,-1.000000000000000000e+00,-1.000000000000000000e+00,-1.000000000000000000e+00,-1.000000000000000000e+00,-1.000000000000000000e+00,-1.000000000000000000e+00,-1.000000000000000000e+00,-1.000000000000000000e+00,-1.000000000000000000e+00,-1.000000000000000000e+00,-1.000000000000000000e+00,-1.000000000000000000e+00,-1.000000000000000000e+00,-1.000000000000000000e+00,-1.000000000000000000e+00,-1.000000000000000000e+00,-1.000000000000000000e+00,-1.000000000000000000e+00,-1.000000000000000000e+00,-1.000000000000000000e+00,-1.000000000000000000e+00,-1.000000000000000000e+00,-1.000000000000000000e+00,-1.000000000000000000e+00,-1.000000000000000000e+00,-1.000000000000000000e+00,-1.000000000000000000e+00,-1.000000000000000000e+00,-1.000000000000000000e+00,-1.000000000000000000e+00,-1.000000000000000000e+00,-1.000000000000000000e+00,-1.000000000000000000e+00,-1.000000000000000000e+00,-1.000000000000000000e+00,-1.000000000000000000e+00,-1.000000000000000000e+00,-1.000000000000000000e+00,-1.000000000000000000e+00,-1.000000000000000000e+00,-1.000000000000000000e+00,-1.000000000000000000e+00,-1.000000000000000000e+00,-7.712059794079657582e-01,-7.712230489842064607e-01,-7.712742080104154629e-01,-7.713592973923553142e-01,-7.714778814259035666e-01,-7.716289471026922531e-01,-7.718101370719491205e-01,-7.720161435741356160e-01,-7.722353464073328233e-01,-7.724430325177743528e-01,-7.725881651779137327e-01,-7.725684008287646565e-01,-7.721844302134495130e-01,-7.710592378440409567e-01,-7.685001302477112439e-01,-7.632716401827712716e-01,-7.532379511286386720e-01,-7.348319306088861858e-01,-7.023347670965069955e-01,-6.470559855246960090e-01,-5.568032936698766866e-01,-4.167612600265578893e-01,-2.144307006504113655e-01,4.631488609026424008e-02,3.168774673200063230e-01,4.785546563763471983e-01,4.785546555601136731e-01,3.168774651144721233e-01,4.631488301165709309e-02,-2.144307041487812926e-01,-4.167612636810986704e-01,-5.568032974407187696e-01,-6.470559896068268646e-01,-7.023347718789525462e-01,-7.348319365928828173e-01,-7.532379588153077510e-01,-7.632716499376075436e-01,-7.685001421876631600e-01,-7.710592517688115155e-01,-7.721844455392029571e-01,-7.725684163987772690e-01,-7.725881790711063291e-01,-7.724430417603651566e-01,-7.722353475261826139e-01,-7.720161334455550861e-01,-7.718101136010141472e-01,-7.716289094395466508e-01,-7.714778301844873454e-01,-7.713592348139759469e-01,-7.712741435231288412e-01,-7.712229821998938251e-01,-7.712059166271312272e-01,-1.000000000000000000e+00,-1.000000000000000000e+00,-1.000000000000000000e+00,-1.000000000000000000e+00,-1.000000000000000000e+00,-1.000000000000000000e+00,-1.000000000000000000e+00,-1.000000000000000000e+00,-1.000000000000000000e+00,-1.000000000000000000e+00,-1.000000000000000000e+00,-1.000000000000000000e+00,-1.000000000000000000e+00,-1.000000000000000000e+00,-1.000000000000000000e+00,-1.000000000000000000e+00,-1.000000000000000000e+00,-1.000000000000000000e+00,-1.000000000000000000e+00,-1.000000000000000000e+00,-1.000000000000000000e+00,-1.000000000000000000e+00,-1.000000000000000000e+00,-1.000000000000000000e+00,-1.000000000000000000e+00,-1.000000000000000000e+00,-1.000000000000000000e+00,-1.000000000000000000e+00,-1.000000000000000000e+00,-1.000000000000000000e+00,-1.000000000000000000e+00,-1.000000000000000000e+00,-1.000000000000000000e+00,-1.000000000000000000e+00,-1.000000000000000000e+00,-1.000000000000000000e+00,-1.000000000000000000e+00,-1.000000000000000000e+00,-1.000000000000000000e+00,-1.000000000000000000e+00,-1.000000000000000000e+00,-1.000000000000000000e+00,-1.000000000000000000e+00,-1.000000000000000000e+00,-1.000000000000000000e+00,-1.000000000000000000e+00
-1.000000000000000000e+00,-1.000000000000000000e+00,-1.000000000000000000e+00,-1.000000000000000000e+00,-1.000000000000000000e+00,-1.000000000000000000e+00,-1.000000000000000000e+00,-1.000000000000000000e+00,-1.000000000000000000e+00,-1.000000000000000000e+00,-1.000000000000000000e+00,-1.000000000000000000e+00,-1.000000000000000000e+00,-1.000000000000000000e+00,-1.000000000000000000e+00,-1.000000000000000000e+00,-1.000000000000000000e+00,-1.000000000000000000e+00,-1.000000000000000000e+00,-1.000000000000000000e+00,-1.000000000000000000e+00,-1.000000000000000000e+00,-1.000000000000000000e+00,-1.000000000000000000e+00,-1.000000000000000000e+00,-1.000000000000000000e+00,-1.000000000000000000e+00,-1.000000000000000000e+00,-1.000000000000000000e+00,-1.000000000000000000e+00,-1.000000000000000000e+00,-1.000000000000000000e+00,-1.000000000000000000e+00,-1.000000000000000000e+00,-1.000000000000000000e+00,-1.000000000000000000e+00,-1.000000000000000000e+00,-1.000000000000000000e+00,-1.000000000000000000e+00,-1.000000000000000000e+00,-1.000000000000000000e+00,-1.000000000000000000e+00,-1.000000000000000000e+00,-1.000000000000000000e+00,-1.000000000000000000e+00,-1.000000000000000000e+00,-7.712643200225997031e-01,-7.712813901766822910e-01,-7.713325457514306205e-01,-7.714176232268863398e-01,-7.715361938128930674e-01,-7.716872435091702842e-01,-7.718684147051763089e-01,-7.720743999486847642e-01,-7.722935791269531780e-01,-7.725012399065677160e-01,-7.726463463461702430e-01,-7.726265560858672776e-01,-7.722425625554938389e-01,-7.711173559807219524e-01,-7.685582542329038036e-01,-7.633298118942939414e-01,-7.532962529882701874e-01,-7.348905170957829025e-01,-7.023939138891306389e-01,-6.471161583974847087e-01,-5.568652284899504590e-01,-4.168260177745459760e-01,-2.144996040300355400e-01,4.624062230173797694e-02,3.167976668161374132e-01,4.784715299137995981e-01,4.784715288002110434e-01,3.167976636734430862e-01,4.624061755202379942e-02,-2.144996100273093287e-01,-4.168260248284856306e-01,-5.568652366006080490e-01,-6.471161677464614126e-01,-7.023939247938059127e-01,-7.348905299218424503e-01,-7.532962680229547958e-01,-7.633298291866336127e-01,-7.685582734763277690e-01,-7.711173764607517356e-01,-7.722425831729716750e-01,-7.726265752644656537e-01,-7.726463618866489247e-01,-7.725012486500124620e-01,-7.722935775413903858e-01,-7.720743853108616994e-01,-7.718683860965731558e-01,-7.716872015733802215e-01,-7.715361409315074637e-01,-7.714175623966083029e-01,-7.713324856566106114e-01,-7.712813334172089474e-01,-7.712642708354520149e-01,-1.000000000000000000e+00,-1.000000000000000000e+00,-1.000000000000000000e+00,-1.000000000000000000e+00,-1.000000000000000000e+00,-1.000000000000000000e+00,-1.000000000000000000e+00,-1.000000000000000000e+00,-1.000000000000000000e+00,-1.000000000000000000e+00,-1.000000000000000000e+00,-1.000000000000000000e+00,-1.000000000000000000e+00,-1.000000000000000000e+00,-1.000000000000000000e+00,-1.000000000000000000e+00,-1.000000000000000000e+00,-1.000000000000000000e+00,-1.000000000000000000e+00,-1.000000000000000000e+00,-1.000000000000000000e+00,-1.000000000000000000e+00,-1.000000000000000000e+00,-1.000000000000000000e+00,-1.000000000000000000e+00,-1.000000000000000000e+00,-1.000000000000000000e+00,-1.000000000000000000e+00,-1.000000000000000000e+00,-1.000000000000000000e+00,-1.000000000000000000e+00,-1.000000000000000000e+00,-1.000000000000000000e+00,-1.000000000000000000e+00,-1.000000000000000000e+00,-1.000000000000000000e+00,-1.000000000000000000e+00,-1.000000000000000000e+00,-1.000000000000000000e+00,-1.000000000000000000e+00,-1.000000000000000000e+00,-1.000000000000000000e+00,-1.000000000000000000e+00,-1.000000000000000000e+00,-1.000000000000000000e+00,-1.000000000000000000e+00
-1.000000000000000000e+00,-1.000000000000000000e+00,-1.000000000000000000e+00,-1.000000000000000000e+00,-1.000000000000000000e+00,-1.000000000000000000e+00,-1.000000000000000000e+00,-1.000000000000000000e+00,-1.000000000000000000e+00,-1.000000000000000000e+00,-1.000000000000000000e+00,-1.000000000000000000e+00,-1.000000000000000000e+00,-1.000000000000000000e+00,-1.000000000000000000e+00,-1.000000000000000000e+00,-1.000000000000000000e+00,-1.000000000000000000e+00,-1.000000000000000000e+00,-1.000000000000000000e+00,-1.000000000000000000e+00,-1.000000000000000000e+00,-1.000000000000000000e+00,-1.000000000000000000e+00,-1.000000000000000000e+00,-1.000000000000000000e+00,-1.000000000000000000e+00,-1.000000000000000000e+00,-1.000000000000000000e+00,-1.000000000000000000e+00,-1.000000000000000000e+00,-1.000000000000000000e+00,-1.000000000000000000e+00,-1.000000000000000000e+00,-1.000000000000000000e+00,-1.000000000000000000e+00,-1.000000000000000000e+00,-1.000000000000000000e+00,-1.000000000000000000e+00,-1.000000000000000000e+00,-1.000000000000000000e+00,-1.000000000000000000e+00,-1.000000000000000000e+00,-1.000000000000000000e+00,-1.000000000000000000e+00,-1.000000000000000000e+00,-7.713460001538081645e-01,-7.713630664131168047e-01,-7.714142149206966170e-01,-7.714992782866825216e-01,-7.716178315688249079e-01,-7.717688597648891813e-01,-7.719500054657260080e-01,-7.721559615195222603e-01,-7.723751080711996897e-01,-7.725827333928773077e-01,-7.727278024522558075e-01,-7.727079748788384661e-01,-7.723239482275399137e-01,-7.711987209010305877e-01,-7.686396267247792569e-01,-7.634112508681240028e-01,-7.533778741020198400e-01,-7.349725368411776927e-01,-7.024767184041063040e-01,-6.472003999150577336e-01,-5.569519373240170435e-01,-4.169166793305089103e-01,-2.145960699960527407e-01,4.613665155446611266e-02,3.166859449300589713e-01,4.783551522019473534e-01,4.783551514205801602e-01,3.166859426679828893e-01,4.613664794251470802e-02,-2.145960749689604929e-01,-4.169166858249716556e-01,-5.569519456055689322e-01,-6.472004103079931348e-01,-7.024767312286679388e-01,-7.349725523056587217e-01,-7.533778921746331347e-01,-7.634112711469959178e-01,-7.686396483527866419e-01,-7.711987425592606860e-01,-7.723239682917784066e-01,-7.727079914686796336e-01,-7.727278133997159681e-01,-7.725827359536391326e-01,-7.723750994715637974e-01,-7.721559400631528014e-01,-7.719499716450159976e-01,-7.717688158656087483e-01,-7.716177817552704044e-01,-7.714992255087425033e-01,-7.714141657128448237e-01,-7.713630248533364098e-01,-7.713459653433184515e-01,-1.000000000000000000e+00,-1.000000000000000000e+00,-1.000000000000000000e+00,-1.000000000000000000e+00,-1.000000000000000000e+00,-1.000000000000000000e+00,-1.000000000000000000e+00,-1.000000000000000000e+00,-1.000000000000000000e+00,-1.000000000000000000e+00,-1.000000000000000000e+00,-1.000000000000000000e+00,-1.000000000000000000e+00,-1.000000000000000000e+00,-1.000000000000000000e+00,-1.000000000000000000e+00,-1.000000000000000000e+00,-1.000000000000000000e+00,-1.000000000000000000e+00,-1.000000000000000000e+00,-1.000000000000000000e+00,-1.000000000000000000e+00,-1.000000000000000000e+00,-1.000000000000000000e+00,-1.000000000000000000e+00,-1.000000000000000000e+00,-1.000000000000000000e+00,-1.000000000000000000e+00,-1.000000000000000000e+00,-1.000000000000000000e+00,-1.000000000000000000e+00,-1.000000000000000000e+00,-1.000000000000000000e+00,-1.000000000000000000e+00,-1.000000000000000000e+00,-1.000000000000000000e+00,-1.000000000000000000e+00,-1.000000000000000000e+00,-1.000000000000000000e+00,-1.000000000000000000e+00,-1.000000000000000000e+00,-1.000000000000000000e+00,-1.000000000000000000e+00,-1.000000000000000000e+00,-1.000000000000000000e+00,-1.000000000000000000e+00
-1.000000000000000000e+00,-1.000000000000000000e+00,-1.000000000000000000e+00,-1.000000000000000000e+00,-1.000000000000000000e+00,-1.000000000000000000e+00,-1.000000000000000000e+00,-1.000000000000000000e+00,-1.000000000000000000e+00,-1.000000000000000000e+00,-1.000000000000000000e+00,-1.000000000000000000e+00,-1.000000000000000000e+00,-1.000000000000000000e+00,-1.000000000000000000e+00,-1.000000000000000000e+00,-1.000000000000000000e+00,-1.000000000000000000e+00,-1.000000000000000000e+00,-1.000000000000000000e+00,-1.000000000000000000e+00,-1.000000000000000000e+00,-1.000000000000000000e+00,-1.000000000000000000e+00,-1.000000000000000000e+00,-1.000000000000000000e+00,-1.000000000000000000e+00,-1.000000000000000000e+00,-1.000000000000000000e+00,-1.000000000000000000e+00,-1.000000000000000000e+00,-1.000000000000000000e+00,-1.000000000000000000e+00,-1.000000000000000000e+00,-1.000000000000000000e+00,-1.000000000000000000e+00,-1.000000000000000000e+00,-1.000000000000000000e+00,-1.000000000000000000e+00,-1.000000000000000000e+00,-1.000000000000000000e+00,-1.000000000000000000e+00,-1.000000000000000000e+00,-1.000000000000000000e+00,-1.000000000000000000e+00,-1.000000000000000000e+00,-7.714510203463385007e-01,-7.714680822467389065e-01,-7.715192201627321111e-01,-7.716042663133225732e-01,-7.717227975479290514e-01,-7.718737977051624011e-01,-7.720549097788949044e-01,-7.722608268597608294e-01,-7.724799297482662919e-01,-7.726875077416857085e-01,-7.728325271136741170e-01,-7.728126500852179337e-01,-7.724285795474148397e-01,-7.713033243963698382e-01,-7.687442389653186270e-01,-7.635159477890073321e-01,-7.534828047018873320e-01,-7.350779798950304311e-01,-7.025831709647755163e-01,-6.473087012752500868e-01,-5.570634128765601378e-01,-4.170332394363015505e-01,-2.147200956208960010e-01,4.600297448664658617e-02,3.165423003373044608e-01,4.782055203080941563e-01,4.782055194349901228e-01,3.165422977412992722e-01,4.600297014680054808e-02,-2.147201019316860027e-01,-4.170332480940447395e-01,-5.570634242711045570e-01,-6.473087156949015597e-01,-7.025831884901458935e-01,-7.350780002776429178e-01,-7.534828272957772022e-01,-7.635159715210154685e-01,-7.687442623277734866e-01,-7.713033455020622542e-01,-7.724285963896211360e-01,-7.728126607415686244e-01,-7.728325298479860050e-01,-7.726875007556162078e-01,-7.724799115853944187e-01,-7.722607974202662096e-01,-7.720548713322756829e-01,-7.718737536859372472e-01,-7.717227530847645678e-01,-7.716042245593457416e-01,-7.715191832966936669e-01,-7.714680541881555609e-01,-7.714509978583111716e-01,-1.000000000000000000e+00,-1.000000000000000000e+00,-1.000000000000000000e+00,-1.000000000000000000e+00,-1.000000000000000000e+00,-1.000000000000000000e+00,-1.000000000000000000e+00,-1.000000000000000000e+00,-1.000000000000000000e+00,-1.000000000000000000e+00,-1.000000000000000000e+00,-1.000000000000000000e+00,-1.000000000000000000e+00,-1.000000000000000000e+00,-1.000000000000000000e+00,-1.000000000000000000e+00,-1.000000000000000000e+00,-1.000000000000000000e+00,-1.000000000000000000e+00,-1.000000000000000000e+00,-1.000000000000000000e+00,-1.000000000000000000e+00,-1.000000000000000000e+00,-1.000000000000000000e+00,-1.000000000000000000e+00,-1.000000000000000000e+00,-1.000000000000000000e+00,-1.000000000000000000e+00,-1.000000000000000000e+00,-1.000000000000000000e+00,-1.000000000000000000e+00,-1.000000000000000000e+00,-1.000000000000000000e+00,-1.000000000000000000e+00,-1.000000000000000000e+00,-1.000000000000000000e+00,-1.000000000000000000e+00,-1.000000000000000000e+00,-1.000000000000000000e+00,-1.000000000000000000e+00,-1.000000000000000000e+00,-1.000000000000000000e+00,-1.000000000000000000e+00,-1.000000000000000000e+00,-1.000000000000000000e+00,-1.000000000000000000e+00
-1.000000000000000000e+00,-1.000000000000000000e+00,-1.000000000000000000e+00,-1.000000000000000000e+00,-1.000000000000000000e+00,-1.000000000000000000e+00,-1.000000000000000000e+00,-1.000000000000000000e+00,-1.000000000000000000e+00,-1.000000000000000000e+00,-1.000000000000000000e+00,-1.000000000000000000e+00,-1.000000000000000000e+00,-1.000000000000000000e+00,-1.000000000000000000e+00,-1.000000000000000000e+00,-1.000000000000000000e+00,-1.000000000000000000e+00,-1.000000000000000000e+00,-1.000000000000000000e+00,-1.000000000000000000e+00,-1.000000000000000000e+00,-1.000000000000000000e+00,-1.000000000000000000e+00,-1.000000000000000000e+00,-1.000000000000000000e+00,-1.000000000000000000e+00,-1.000000000000000000e+00,-1.000000000000000000e+00,-1.000000000000000000e+00,-1.000000000000000000e+00,-1.000000000000000000e+00,-1.000000000000000000e+00,-1.000000000000000000e+00,-1.000000000000000000e+00,-1.000000000000000000e+00,-1.000000000000000000e+00,-1.000000000000000000e+00,-1.000000000000000000e+00,-1.000000000000000000e+00,-1.000000000000000000e+00,-1.000000000000000000e+00,-1.000000000000000000e+00,-1.000000000000000000e+00,-1.000000000000000000e+00,-1.000000000000000000e+00,-7.715793746548071930e-01,-7.715964325781883293e-01,-7.716475576232549871e-01,-7.717325832599621904e-01,-7.718510869313554013e-01,-7.720020518665798859e-01,-7.721831215928179892e-01,-7.723889897445965769e-01,-7.726080379487553218e-01,-7.728155566706055302e-01,-7.729605139505779654e-01,-7.729405752658722317e-01,-7.725564501008164164e-01,-7.714311602004930712e-01,-7.688720850095656090e-01,-7.636438972240758849e-01,-7.536110400474455018e-01,-7.352068423564405153e-01,-7.027132686172112841e-01,-6.474410605993941026e-01,-5.571996545454585004e-01,-4.171756989611913324e-01,-2.148716832547755695e-01,4.583958761973172535e-02,3.163667291085490163e-01,4.780226303872248117e-01,4.780226296234562078e-01,3.163667267683532014e-01,4.583958349661476639e-02,-2.148716896121733999e-01,-4.171757081197065009e-01,-5.571996669919264678e-01,-6.474410766016756025e-01,-7.027132881075146553e-01,-7.352068648029651543e-01,-7.536110643895312933e-01,-7.636439218821248209e-01,-7.688721079610514320e-01,-7.714311791182315581e-01,-7.725564626981675787e-01,-7.729405796995446609e-01,-7.729605091003028949e-01,-7.728155419202256127e-01,-7.726080132412760371e-01,-7.723889565376305111e-01,-7.721830839693358817e-01,-7.720020139515925139e-01,-7.718510527840996005e-01,-7.717325562213533940e-01,-7.716475364383160729e-01,-7.715964198051834533e-01,-7.715793668805415173e-01,-1.000000000000000000e+00,-1.000000000000000000e+00,-1.000000000000000000e+00,-1.000000000000000000e+00,-1.000000000000000000e+00,-1.000000000000000000e+00,-1.000000000000000000e+00,-1.000000000000000000e+00,-1.000000000000000000e+00,-1.000000000000000000e+00,-1.000000000000000000e+00,-1.000000000000000000e+00,-1.000000000000000000e+00,-1.000000000000000000e+00,-1.000000000000000000e+00,-1.000000000000000000e+00,-1.000000000000000000e+00,-1.000000000000000000e+00,-1.000000000000000000e+00,-1.000000000000000000e+00,-1.000000000000000000e+00,-1.000000000000000000e+00,-1.000000000000000000e+00,-1.000000000000000000e+00,-1.000000000000000000e+00,-1.000000000000000000e+00,-1.000000000000000000e+00,-1.000000000000000000e+00,-1.000000000000000000e+00,-1.000000000000000000e+00,-1.000000000000000000e+00,-1.000000000000000000e+00,-1.000000000000000000e+00,-1.000000000000000000e+00,-1.000000000000000000e+00,-1.000000000000000000e+00,-1.000000000000000000e+00,-1.000000000000000000e+00,-1.000000000000000000e+00,-1.000000000000000000e+00,-1.000000000000000000e+00,-1.000000000000000000e+00,-1.000000000000000000e+00,-1.000000000000000000e+00,-1.000000000000000000e+00,-1.000000000000000000e+00
-1.000000000000000000e+00,-1.000000000000000000e+00,-1.000000000000000000e+00,-1.000000000000000000e+00,-1.000000000000000000e+00,-1.000000000000000000e+00,-1.000000000000000000e+00,-1.000000000000000000e+00,-1.000000000000000000e+00,-1.000000000000000000e+00,-1.000000000000000000e+00,-1.000000000000000000e+00,-1.000000000000000000e+00,-1.000000000000000000e+00,-1.000000000000000000e+00,-1.000000000000000000e+00,-1.000000000000000000e+00,-1.000000000000000000e+00,-1.000000000000000000e+00,-1.000000000000000000e+00,-1.000000000000000000e+00,-1.000000000000000000e+00,-1.000000000000000000e+00,-1.000000000000000000e+00,-1.000000000000000000e+00,-1.000000000000000000e+00,-1.000000000000000000e+00,-1.000000000000000000e+00,-1.000000000000000000e+00,-1.000000000000000000e+00,-1.000000000000000000e+00,-1.000000000000000000e+00,-1.000000000000000000e+00,-1.000000000000000000e+00,-1.000000000000000000e+00,-1.000000000000000000e+00,-1.000000000000000000e+00,-1.000000000000000000e+00,-1.000000000000000000e+00,-1.000000000000000000e+00,-1.000000000000000000e+00,-1.000000000000000000e+00,-1.000000000000000000e+00,-1.000000000000000000e+00,-1.000000000000000000e+00,-1.000000000000000000e+00,-7.717310640806972488e-01,-7.717481171112531291e-01,-7.717992271224656253e-01,-7.718842286384217655e-01,-7.720026987757842019e-01,-7.721536209636359338e-01,-7.723346392026444462e-01,-7.725404479823455572e-01,-7.727594300437070629e-01,-7.729668771229524227e-01,-7.731117593976669644e-01,-7.730917462614254054e-01,-7.727075550257800352e-01,-7.715822226369950521e-01,-7.690231582916154940e-01,-7.637950917260158956e-01,-7.537625719414577929e-01,-7.353591155903781429e-01,-7.028670027970109757e-01,-6.475974700500088943e-01,-5.573606559427284335e-01,-4.173440536049199956e-01,-2.150508310137573265e-01,4.564649059869285708e-02,3.161592292978330221e-01,4.778064795226348860e-01,4.778064789196498907e-01,3.161592273634794559e-01,4.564648693870387852e-02,-2.150508370521588830e-01,-4.173440627424418459e-01,-5.573606687312562258e-01,-6.475974867064844265e-01,-7.028670230837890109e-01,-7.353591386918512107e-01,-7.537625963811721563e-01,-7.637951154056010772e-01,-7.690231786895610488e-01,-7.715822371062989182e-01,-7.727075612488065737e-01,-7.730917428294259430e-01,-7.731117462499365045e-01,-7.729668554061577268e-01,-7.727594015663519222e-01,-7.725404153160174703e-01,-7.723346068249070662e-01,-7.721535932922635181e-01,-7.720026779046875731e-01,-7.718842166028644369e-01,-7.717992214382887184e-01,-7.717481187978569857e-01,-7.717310699795824069e-01,-1.000000000000000000e+00,-1.000000000000000000e+00,-1.000000000000000000e+00,-1.000000000000000000e+00,-1.000000000000000000e+00,-1.000000000000000000e+00,-1.000000000000000000e+00,-1.000000000000000000e+00,-1.000000000000000000e+00,-1.000000000000000000e+00,-1.000000000000000000e+00,-1.000000000000000000e+00,-1.000000000000000000e+00,-1.000000000000000000e+00,-1.000000000000000000e+00,-1.000000000000000000e+00,-1.000000000000000000e+00,-1.000000000000000000e+00,-1.000000000000000000e+00,-1.000000000000000000e+00,-1.000000000000000000e+00,-1.000000000000000000e+00,-1.000000000000000000e+00,-1.000000000000000000e+00,-1.000000000000000000e+00,-1.000000000000000000e+00,-1.000000000000000000e+00,-1.000000000000000000e+00,-1.000000000000000000e+00,-1.000000000000000000e+00,-1.000000000000000000e+00,-1.000000000000000000e+00,-1.000000000000000000e+00,-1.000000000000000000e+00,-1.000000000000000000e+00,-1.000000000000000000e+00,-1.000000000000000000e+00,-1.000000000000000000e+00,-1.000000000000000000e+00,-1.000000000000000000e+00,-1.000000000000000000e+00,-1.000000000000000000e+00,-1.000000000000000000e+00,-1.000000000000000000e+00,-1.000000000000000000e+00,-1.000000000000000000e+00
-1.000000000000000000e+00,-1.000000000000000000e+00,-1.000000000000000000e+00,-1.000000000000000000e+00,-1.000000000000000000e+00,-1.000000000000000000e+00,-1.000000000000000000e+00,-1.000000000000000000e+00,-1.000000000000000000e+00,-1.000000000000000000e+00,-1.000000000000000000e+00,-1.000000000000000000e+00,-1.000000000000000000e+00,-1.000000000000000000e+00,-1.000000000000000000e+00,-1.000000000000000000e+00,-1.000000000000000000e+00,-1.000000000000000000e+00,-1.000000000000000000e+00,-1.000000000000000000e+00,-1.000000000000000000e+00,-1.000000000000000000e+00,-1.000000000000000000e+00,-1.000000000000000000e+00,-1.000000000000000000e+00,-1.000000000000000000e+00,-1.000000000000000000e+00,-1.000000000000000000e+00,-1.000000000000000000e+00,-1.000000000000000000e+00,-1.000000000000000000e+00,-1.000000000000000000e+00,-1.000000000000000000e+00,-1.000000000000000000e+00,-1.000000000000000000e+00,-1.000000000000000000e+00,-1.000000000000000000e+00,-1.000000000000000000e+00,-1.000000000000000000e+00,-1.000000000000000000e+00,-1.000000000000000000e+00,-1.000000000000000000e+00,-1.000000000000000000e+00,-1.000000000000000000e+00,-1.000000000000000000e+00,-1.000000000000000000e+00,-7.719060889054277785e-01,-7.719231358954087296e-01,-7.719742282779994413e-01,-7.720592012375995239e-01,-7.721776313204967712e-01,-7.723285025732321563e-01,-7.725094596395571944e-01,-7.727151979129603943e-01,-7.729341014713330127e-01,-7.731414635835481830e-01,-7.732862569464666880e-01,-7.732661556020370419e-01,-7.728818859702190069e-01,-7.717565025942931811e-01,-7.691974490818423993e-01,-7.639695211196642077e-01,-7.539373899990826633e-01,-7.355347893624197830e-01,-7.030443639442991444e-01,-6.477779214034483646e-01,-5.575464108537642183e-01,-4.175382996636226585e-01,-2.152575378258339001e-01,4.542368226888204852e-02,3.159197983011829969e-01,4.775570641987962883e-01,4.775570635672703457e-01,3.159197962608328858e-01,4.542367837935201713e-02,-2.152575442495315849e-01,-4.175383093259799061e-01,-5.575464241983125735e-01,-6.477779384202674295e-01,-7.030443840725677518e-01,-7.355348114372912693e-01,-7.539374122226782937e-01,-7.639695411461988606e-01,-7.691974643020408342e-01,-7.717565105447671270e-01,-7.728818848256361340e-01,-7.732661447632710461e-01,-7.732862374182228882e-01,-7.731414378983709756e-01,-7.729340730054373720e-01,-7.727151701803042227e-01,-7.725094362547735294e-01,-7.723284871394300310e-01,-7.721776245287340634e-01,-7.720592027342391139e-01,-7.719742354594770761e-01,-7.719231486762999639e-01,-7.719061048068489583e-01,-1.000000000000000000e+00,-1.000000000000000000e+00,-1.000000000000000000e+00,-1.000000000000000000e+00,-1.000000000000000000e+00,-1.000000000000000000e+00,-1.000000000000000000e+00,-1.000000000000000000e+00,-1.000000000000000000e+00,-1.000000000000000000e+00,-1.000000000000000000e+00,-1.000000000000000000e+00,-1.000000000000000000e+00,-1.000000000000000000e+00,-1.000000000000000000e+00,-1.000000000000000000e+00,-1.000000000000000000e+00,-1.000000000000000000e+00,-1.000000000000000000e+00,-1.000000000000000000e+00,-1.000000000000000000e+00,-1.000000000000000000e+00,-1.000000000000000000e+00,-1.000000000000000000e+00,-1.000000000000000000e+00,-1.000000000000000000e+00,-1.000000000000000000e+00,-1.000000000000000000e+00,-1.000000000000000000e+00,-1.000000000000000000e+00,-1.000000000000000000e+00,-1.000000000000000000e+00,-1.000000000000000000e+00,-1.000000000000000000e+00,-1.000000000000000000e+00,-1.000000000000000000e+00,-1.000000000000000000e+00,-1.000000000000000000e+00,-1.000000000000000000e+00,-1.000000000000000000e+00,-1.000000000000000000e+00,-1.000000000000000000e+00,-1.000000000000000000e+00,-1.000000000000000000e+00,-1.000000000000000000e+00,-1.000000000000000000e+00
-1.000000000000000000e+00,-1.000000000000000000e+00,-1.000000000000000000e+00,-1.000000000000000000e+00,-1.000000000000000000e+00,-1.000000000000000000e+00,-1.000000000000000000e+00,-1.000000000000000000e+00,-1.000000000000000000e+00,-1.000000000000000000e+00,-1.000000000000000000e+00,-1.000000000000000000e+00,-1.000000000000000000e+00,-1.000000000000000000e+00,-1.000000000000000000e+00,-1.000000000000000000e+00,-1.000000000000000000e+00,-1.000000000000000000e+00,-1.000000000000000000e+00,-1.000000000000000000e+00,-1.000000000000000000e+00,-1.000000000000000000e+00,-1.000000000000000000e+00,-1.000000000000000000e+00,-1.000000000000000000e+00,-1.000000000000000000e+00,-1.000000000000000000e+00,-1.000000000000000000e+00,-1.000000000000000000e+00,-1.000000000000000000e+00,-1.000000000000000000e+00,-1.000000000000000000e+00,-1.000000000000000000e+00,-1.000000000000000000e+00,-1.000000000000000000e+00,-1.000000000000000000e+00,-1.000000000000000000e+00,-1.000000000000000000e+00,-1.000000000000000000e+00,-1.000000000000000000e+00,-1.000000000000000000e+00,-1.000000000000000000e+00,-1.000000000000000000e+00,-1.000000000000000000e+00,-1.000000000000000000e+00,-1.000000000000000000e+00,-7.721044474149103554e-01,-7.721214875614194062e-01,-7.721725595599296943e-01,-7.722574989027854997e-01,-7.723758820784973889e-01,-7.725266936219697955e-01,-7.727075792105828622e-01,-7.729132352328993427e-01,-7.731320472313929493e-01,-7.733393102763863602e-01,-7.734839999652305398e-01,-7.734637957120000795e-01,-7.730794343086513365e-01,-7.719539903345691290e-01,-7.693949465523211018e-01,-7.641671736424896499e-01,-7.541354818338232846e-01,-7.357338511393467506e-01,-7.032453400319726988e-01,-6.479824039563670812e-01,-5.577569108081362748e-01,-4.177584317100164757e-01,-2.154918017024758381e-01,4.517116148418232058e-02,3.156484327661719380e-01,4.772743797134813004e-01,4.772743786364317398e-01,3.156484294849839500e-01,4.517115580345842929e-02,-2.154918101757049564e-01,-4.177584433426478894e-01,-5.577569256382803875e-01,-6.479824215209473159e-01,-7.032453593472618447e-01,-7.357338707543514822e-01,-7.541354998578626567e-01,-7.641671878262144002e-01,-7.693949545678134827e-01,-7.719539902362300143e-01,-7.730794250976561477e-01,-7.734637780147995967e-01,-7.734839762864826884e-01,-7.733392844012818568e-01,-7.731320229576328362e-01,-7.729132160099472237e-01,-7.727075674878089995e-01,-7.725266910162725820e-01,-7.723758883471489867e-01,-7.722575116417160768e-01,-7.721725762574130902e-01,-7.721215077309953045e-01,-7.721044697764534170e-01,-1.000000000000000000e+00,-1.000000000000000000e+00,-1.000000000000000000e+00,-1.000000000000000000e+00,-1.000000000000000000e+00,-1.000000000000000000e+00,-1.000000000000000000e+00,-1.000000000000000000e+00,-1.000000000000000000e+00,-1.000000000000000000e+00,-1.000000000000000000e+00,-1.000000000000000000e+00,-1.000000000000000000e+00,-1.000000000000000000e+00,-1.000000000000000000e+00,-1.000000000000000000e+00,-1.000000000000000000e+00,-1.000000000000000000e+00,-1.000000000000000000e+00,-1.000000000000000000e+00,-1.000000000000000000e+00,-1.000000000000000000e+00,-1.000000000000000000e+00,-1.000000000000000000e+00,-1.000000000000000000e+00,-1.000000000000000000e+00,-1.000000000000000000e+00,-1.000000000000000000e+00,-1.000000000000000000e+00,-1.000000000000000000e+00,-1.000000000000000000e+00,-1.000000000000000000e+00,-1.000000000000000000e+00,-1.000000000000000000e+00,-1.000000000000000000e+00,-1.000000000000000000e+00,-1.000000000000000000e+00,-1.000000000000000000e+00,-1.000000000000000000e+00,-1.000000000000000000e+00,-1.000000000000000000e+00,-1.000000000000000000e+00,-1.000000000000000000e+00,-1.000000000000000000e+00,-1.000000000000000000e+00,-1.000000000000000000e+00
-1.000000000000000000e+00,-1.000000000000000000e+00,-1.000000000000000000e+00,-1.000000000000000000e+00,-1.000000000000000000e+00,-1.000000000000000000e+00,-1.000000000000000000e+00,-1.000000000000000000e+00,-1.000000000000000000e+00,-1.000000000000000000e+00,-1.000000000000000000e+00,-1.000000000000000000e+00,-1.000000000000000000e+00,-1.000000000000000000e+00,-1.000000000000000000e+00,-1.000000000000000000e+00,-1.000000000000000000e+00,-1.000000000000000000e+00,-1.000000000000000000e+00,-1.000000000000000000e+00,-1.000000000000000000e+00,-1.000000000000000000e+00,-1.000000000000000000e+00,-1.000000000000000000e+00,-1.000000000000000000e+00,-1.000000000000000000e+00,-1.000000000000000000e+00,-1.000000000000000000e+00,-1.000000000000000000e+00,-1.000000000000000000e+00,-1.000000000000000000e+00,-1.000000000000000000e+00,-1.000000000000000000e+00,-1.000000000000000000e+00,-1.000000000000000000e+00,-1.000000000000000000e+00,-1.000000000000000000e+00,-1.000000000000000000e+00,-1.000000000000000000e+00,-1.000000000000000000e+00,-1.000000000000000000e+00,-1.000000000000000000e+00,-1.000000000000000000e+00,-1.000000000000000000e+00,-1.000000000000000000e+00,-1.000000000000000000e+00,-7.723261387947480960e-01,-7.723431712451378495e-01,-7.723942198657587355e-01,-7.724791200799763224e-01,-7.725974489915065080e-01,-7.727481915219969189e-01,-7.729289945550564811e-01,-7.731345556094455507e-01,-7.733532619096997740e-01,-7.735604105721008983e-01,-7.737049805127051982e-01,-7.736846572782821729e-01,-7.733001893179956010e-01,-7.721746737478427658e-01,-7.696156373190363720e-01,-7.643880348884674047e-01,-7.543568324609448705e-01,-7.359562860182740085e-01,-7.034699171074492163e-01,-6.482109057082705572e-01,-5.579921467463244689e-01,-4.180044443761458117e-01,-2.157536211772513868e-01,4.488892638762576048e-02,3.153451287444610784e-01,4.769584210978865535e-01,4.769584193824814022e-01,3.153451237249911276e-01,4.488891830661168036e-02,-2.157536322224199443e-01,-4.180044582693986932e-01,-5.579921630556567980e-01,-6.482109235208866060e-01,-7.034699350372382032e-01,-7.359563023272199800e-01,-7.543568451892533888e-01,-7.643880420307731516e-01,-7.696156371824991460e-01,-7.721746654503885976e-01,-7.733001731626257813e-01,-7.736846350739308154e-01,-7.737049557213787621e-01,-7.735603878089235552e-01,-7.733532449582893875e-01,-7.731345467304902019e-01,-7.729289949076556532e-01,-7.727482007289337984e-01,-7.725974658092041869e-01,-7.724791408379038105e-01,-7.723942421767803213e-01,-7.723431949093779725e-01,-7.723261639840660608e-01,-1.000000000000000000e+00,-1.000000000000000000e+00,-1.000000000000000000e+00,-1.000000000000000000e+00,-1.000000000000000000e+00,-1.000000000000000000e+00,-1.000000000000000000e+00,-1.000000000000000000e+00,-1.000000000000000000e+00,-1.000000000000000000e+00,-1.000000000000000000e+00,-1.000000000000000000e+00,-1.000000000000000000e+00,-1.000000000000000000e+00,-1.000000000000000000e+00,-1.000000000000000000e+00,-1.000000000000000000e+00,-1.000000000000000000e+00,-1.000000000000000000e+00,-1.000000000000000000e+00,-1.000000000000000000e+00,-1.000000000000000000e+00,-1.000000000000000000e+00,-1.000000000000000000e+00,-1.000000000000000000e+00,-1.000000000000000000e+00,-1.000000000000000000e+00,-1.000000000000000000e+00,-1.000000000000000000e+00,-1.000000000000000000e+00,-1.000000000000000000e+00,-1.000000000000000000e+00,-1.000000000000000000e+00,-1.000000000000000000e+00,-1.000000000000000000e+00,-1.000000000000000000e+00,-1.000000000000000000e+00,-1.000000000000000000e+00,-1.000000000000000000e+00,-1.000000000000000000e+00,-1.000000000000000000e+00,-1.000000000000000000e+00,-1.000000000000000000e+00,-1.000000000000000000e+00,-1.000000000000000000e+00,-1.000000000000000000e+00
-1.000000000000000000e+00,-1.000000000000000000e+00,-1.000000000000000000e+00,-1.000000000000000000e+00,-1.000000000000000000e+00,-1.000000000000000000e+00,-1.000000000000000000e+00,-1.000000000000000000e+00,-1.000000000000000000e+00,-1.000000000000000000e+00,-1.000000000000000000e+00,-1.000000000000000000e+00,-1.000000000000000000e+00,-1.000000000000000000e+00,-1.000000000000000000e+00,-1.000000000000000000e+00,-1.000000000000000000e+00,-1.000000000000000000e+00,-1.000000000000000000e+00,-1.000000000000000000e+00,-1.000000000000000000e+00,-1.000000000000000000e+00,-1.000000000000000000e+00,-1.000000000000000000e+00,-1.000000000000000000e+00,-1.000000000000000000e+00,-1.000000000000000000e+00,-1.000000000000000000e+00,-1.000000000000000000e+00,-1.000000000000000000e+00,-1.000000000000000000e+00,-1.000000000000000000e+00,-1.000000000000000000e+00,-1.000000000000000000e+00,-1.000000000000000000e+00,-1.000000000000000000e+00,-1.000000000000000000e+00,-1.000000000000000000e+00,-1.000000000000000000e+00,-1.000000000000000000e+00,-1.000000000000000000e+00,-1.000000000000000000e+00,-1.000000000000000000e+00,-1.000000000000000000e+00,-1.000000000000000000e+00,-1.000000000000000000e+00,-7.725711626438879209e-01,-7.725881862436044800e-01,-7.726392080002919549e-01,-7.727240632216786365e-01,-7.728423297364942490e-01,-7.729929931254647668e-01,-7.731737015388217005e-01,-7.733791537321077492e-01,-7.735977388736846594e-01,-7.738047563956184094e-01,-7.739491889883867159e-01,-7.739287291510386080e-01,-7.735441383502275059e-01,-7.724185388430281352e-01,-7.698595063043296438e-01,-7.646320890396255399e-01,-7.546014257780917500e-01,-7.362020782151128540e-01,-7.037180804723042193e-01,-6.484634139552025722e-01,-5.582521088819406563e-01,-4.182763314761887008e-01,-2.160429937808072687e-01,4.457697643461822068e-02,3.150098840048041193e-01,4.766091854122702642e-01,4.766091832007250950e-01,3.150098776618144303e-01,4.457696660159182755e-02,-2.160430065670853050e-01,-4.182763466552714693e-01,-5.582521255637711288e-01,-6.484634307841623535e-01,-7.037180957046187402e-01,-7.362020899584005296e-01,-7.546014322733424207e-01,-7.646320888891344758e-01,-7.698594987187682426e-01,-7.724185240335715852e-01,-7.735441178650526162e-01,-7.739287059514661227e-01,-7.739491669955467223e-01,-7.738047398565124357e-01,-7.735977310245487626e-01,-7.733791554932895052e-01,-7.731737125494528851e-01,-7.729930118450931698e-01,-7.728423538199387099e-01,-7.727240884363451023e-01,-7.726392323090247594e-01,-7.725882099644031387e-01,-7.725711873409666364e-01,-1.000000000000000000e+00,-1.000000000000000000e+00,-1.000000000000000000e+00,-1.000000000000000000e+00,-1.000000000000000000e+00,-1.000000000000000000e+00,-1.000000000000000000e+00,-1.000000000000000000e+00,-1.000000000000000000e+00,-1.000000000000000000e+00,-1.000000000000000000e+00,-1.000000000000000000e+00,-1.000000000000000000e+00,-1.000000000000000000e+00,-1.000000000000000000e+00,-1.000000000000000000e+00,-1.000000000000000000e+00,-1.000000000000000000e+00,-1.000000000000000000e+00,-1.000000000000000000e+00,-1.000000000000000000e+00,-1.000000000000000000e+00,-1.000000000000000000e+00,-1.000000000000000000e+00,-1.000000000000000000e+00,-1.000000000000000000e+00,-1.000000000000000000e+00,-1.000000000000000000e+00,-1.000000000000000000e+00,-1.000000000000000000e+00,-1.000000000000000000e+00,-1.000000000000000000e+00,-1.000000000000000000e+00,-1.000000000000000000e+00,-1.000000000000000000e+00,-1.000000000000000000e+00,-1.000000000000000000e+00,-1.000000000000000000e+00,-1.000000000000000000e+00,-1.000000000000000000e+00,-1.000000000000000000e+00,-1.000000000000000000e+00,-1.000000000000000000e+00,-1.000000000000000000e+00,-1.000000000000000000e+00,-1.000000000000000000e+00
-1.000000000000000000e+00,-1.000000000000000000e+00,-1.000000000000000000e+00,-1.000000000000000000e+00,-1.000000000000000000e+00,-1.000000000000000000e+00,-1.000000000000000000e+00,-1.000000000000000000e+00,-1.000000000000000000e+00,-1.000000000000000000e+00,-1.000000000000000000e+00,-1.000000000000000000e+00,-1.000000000000000000e+00,-1.000000000000000000e+00,-1.000000000000000000e+00,-1.000000000000000000e+00,-1.000000000000000000e+00,-1.000000000000000000e+00,-1.000000000000000000e+00,-1.000000000000000000e+00,-1.000000000000000000e+00,-1.000000000000000000e+00,-1.000000000000000000e+00,-1.000000000000000000e+00,-1.000000000000000000e+00,-1.000000000000000000e+00,-1.000000000000000000e+00,-1.000000000000000000e+00,-1.000000000000000000e+00,-1.000000000000000000e+00,-1.000000000000000000e+00,-1.000000000000000000e+00,-1.000000000000000000e+00,-1.000000000000000000e+00,-1.000000000000000000e+00,-1.000000000000000000e+00,-1.000000000000000000e+00,-1.000000000000000000e+00,-1.000000000000000000e+00,-1.000000000000000000e+00,-1.000000000000000000e+00,-1.000000000000000000e+00,-1.000000000000000000e+00,-1.000000000000000000e+00,-1.000000000000000000e+00,-1.000000000000000000e+00,-7.728395185356856656e-01,-7.728565318846882803e-01,-7.729075226967860868e-01,-7.729923265249230013e-01,-7.731105217461955448e-01,-7.732610948626539304e-01,-7.734416953599082545e-01,-7.736470234668467727e-01,-7.738654705389789168e-01,-7.740723386677538231e-01,-7.742166148249706170e-01,-7.741959992866357387e-01,-7.738112678977610015e-01,-7.726855706917963307e-01,-7.701265372853386415e-01,-7.648993188320742931e-01,-7.548692438899812229e-01,-7.364712097968471038e-01,-7.039898129532715654e-01,-6.487399132760488518e-01,-5.585367846350368648e-01,-4.185740841948848434e-01,-2.163599148216945878e-01,4.423531274990266660e-02,3.146426974227740647e-01,4.762266703058888329e-01,4.762266677437212437e-01,3.146426901986136837e-01,4.423530193266600463e-02,-2.163599281968849875e-01,-4.185740990866577693e-01,-5.585367997502153070e-01,-6.487399270062950141e-01,-7.039898235119708136e-01,-7.364712154914930808e-01,-7.548692434490735792e-01,-7.648993116868590958e-01,-7.701265237707746181e-01,-7.726855521838563723e-01,-7.738112467596856003e-01,-7.741959788139639587e-01,-7.742165989492153511e-01,-7.740723307690543509e-01,-7.738654724824128861e-01,-7.736470350661612816e-01,-7.734417147109134971e-01,-7.732611199917863720e-01,-7.731105494867018812e-01,-7.729923527925034454e-01,-7.729075460547391030e-01,-7.728565530249911220e-01,-7.728395402174113027e-01,-1.000000000000000000e+00,-1.000000000000000000e+00,-1.000000000000000000e+00,-1.000000000000000000e+00,-1.000000000000000000e+00,-1.000000000000000000e+00,-1.000000000000000000e+00,-1.000000000000000000e+00,-1.000000000000000000e+00,-1.000000000000000000e+00,-1.000000000000000000e+00,-1.000000000000000000e+00,-1.000000000000000000e+00,-1.000000000000000000e+00,-1.000000000000000000e+00,-1.000000000000000000e+00,-1.000000000000000000e+00,-1.000000000000000000e+00,-1.000000000000000000e+00,-1.000000000000000000e+00,-1.000000000000000000e+00,-1.000000000000000000e+00,-1.000000000000000000e+00,-1.000000000000000000e+00,-1.000000000000000000e+00,-1.000000000000000000e+00,-1.000000000000000000e+00,-1.000000000000000000e+00,-1.000000000000000000e+00,-1.000000000000000000e+00,-1.000000000000000000e+00,-1.000000000000000000e+00,-1.000000000000000000e+00,-1.000000000000000000e+00,-1.000000000000000000e+00,-1.000000000000000000e+00,-1.000000000000000000e+00,-1.000000000000000000e+00,-1.000000000000000000e+00,-1.000000000000000000e+00,-1.000000000000000000e+00,-1.000000000000000000e+00,-1.000000000000000000e+00,-1.000000000000000000e+00,-1.000000000000000000e+00,-1.000000000000000000e+00
-1.000000000000000000e+00,-1.000000000000000000e+00,-1.000000000000000000e+00,-1.000000000000000000e+00,-1.000000000000000000e+00,-1.000000000000000000e+00,-1.000000000000000000e+00,-1.000000000000000000e+00,-1.000000000000000000e+00,-1.000000000000000000e+00,-1.000000000000000000e+00,-1.000000000000000000e+00,-1.000000000000000000e+00,-1.000000000000000000e+00,-1.000000000000000000e+00,-1.000000000000000000e+00,-1.000000000000000000e+00,-1.000000000000000000e+00,-1.000000000000000000e+00,-1.000000000000000000e+00,-1.000000000000000000e+00,-1.000000000000000000e+00,-1.000000000000000000e+00,-1.000000000000000000e+00,-1.000000000000000000e+00,-1.000000000000000000e+00,-1.000000000000000000e+00,-1.000000000000000000e+00,-1.000000000000000000e+00,-1.000000000000000000e+00,-1.000000000000000000e+00,-1.000000000000000000e+00,-1.000000000000000000e+00,-1.000000000000000000e+00,-1.000000000000000000e+00,-1.000000000000000000e+00,-1.000000000000000000e+00,-1.000000000000000000e+00,-1.000000000000000000e+00,-1.000000000000000000e+00,-1.000000000000000000e+00,-1.000000000000000000e+00,-1.000000000000000000e+00,-1.000000000000000000e+00,-1.000000000000000000e+00,-1.000000000000000000e+00,-7.731312056592426485e-01,-7.731482071989957960e-01,-7.731991626304174359e-01,-7.732839079204650856e-01,-7.734020221391449956e-01,-7.735524928587366178e-01,-7.737329709272544598e-01,-7.739381583821608457e-01,-7.741564489775445423e-01,-7.743631478182488870e-01,-7.745072467005674755e-01,-7.744864545368370656e-01,-7.741015629722609592e-01,-7.729757525180741551e-01,-7.704167118444873452e-01,-7.651897044965516592e-01,-7.551602661678422646e-01,-7.367636600096687527e-01,-7.042850946512297927e-01,-6.490403857905304719e-01,-5.588461593352251899e-01,-4.188976919995415216e-01,-2.167043781580604289e-01,4.386393783751074693e-02,3.142435693869232161e-01,4.758108751422063243e-01,4.758108725702028252e-01,3.142435622400490125e-01,4.386392746826239808e-02,-2.167043903479070055e-01,-4.188977046025198492e-01,-5.588461707904822662e-01,-6.490403944189782059e-01,-7.042850988680769975e-01,-7.367636586350305716e-01,-7.551602587422189261e-01,-7.651896914661304727e-01,-7.704166945777507491e-01,-7.729757332885222043e-01,-7.741015446734426098e-01,-7.744864400664229764e-01,-7.745072389942836422e-01,-7.743631493222591367e-01,-7.741564600631950510e-01,-7.739381779318953436e-01,-7.737329959198752105e-01,-7.735525212094317427e-01,-7.734020503768486154e-01,-7.732839326281568670e-01,-7.731991830417586087e-01,-7.731482243252809639e-01,-7.731312230777194205e-01,-1.000000000000000000e+00,-1.000000000000000000e+00,-1.000000000000000000e+00,-1.000000000000000000e+00,-1.000000000000000000e+00,-1.000000000000000000e+00,-1.000000000000000000e+00,-1.000000000000000000e+00,-1.000000000000000000e+00,-1.000000000000000000e+00,-1.000000000000000000e+00,-1.000000000000000000e+00,-1.000000000000000000e+00,-1.000000000000000000e+00,-1.000000000000000000e+00,-1.000000000000000000e+00,-1.000000000000000000e+00,-1.000000000000000000e+00,-1.000000000000000000e+00,-1.000000000000000000e+00,-1.000000000000000000e+00,-1.000000000000000000e+00,-1.000000000000000000e+00,-1.000000000000000000e+00,-1.000000000000000000e+00,-1.000000000000000000e+00,-1.000000000000000000e+00,-1.000000000000000000e+00,-1.000000000000000000e+00,-1.000000000000000000e+00,-1.000000000000000000e+00,-1.000000000000000000e+00,-1.000000000000000000e+00,-1.000000000000000000e+00,-1.000000000000000000e+00,-1.000000000000000000e+00,-1.000000000000000000e+00,-1.000000000000000000e+00,-1.000000000000000000e+00,-1.000000000000000000e+00,-1.000000000000000000e+00,-1.000000000000000000e+00,-1.000000000000000000e+00,-1.000000000000000000e+00,-1.000000000000000000e+00,-1.000000000000000000e+00
-1.000000000000000000e+00,-1.000000000000000000e+00,-1.000000000000000000e+00,-1.000000000000000000e+00,-1.000000000000000000e+00,-1.000000000000000000e+00,-1.000000000000000000e+00,-1.000000000000000000e+00,-1.000000000000000000e+00,-1.000000000000000000e+00,-1.000000000000000000e+00,-1.000000000000000000e+00,-1.000000000000000000e+00,-1.000000000000000000e+00,-1.000000000000000000e+00,-1.000000000000000000e+00,-1.000000000000000000e+00,-1.000000000000000000e+00,-1.000000000000000000e+00,-1.000000000000000000e+00,-1.000000000000000000e+00,-1.000000000000000000e+00,-1.000000000000000000e+00,-1.000000000000000000e+00,-1.000000000000000000e+00,-1.000000000000000000e+00,-1.000000000000000000e+00,-1.000000000000000000e+00,-1.000000000000000000e+00,-1.000000000000000000e+00,-1.000000000000000000e+00,-1.000000000000000000e+00,-1.000000000000000000e+00,-1.000000000000000000e+00,-1.000000000000000000e+00,-1.000000000000000000e+00,-1.000000000000000000e+00,-1.000000000000000000e+00,-1.000000000000000000e+00,-1.000000000000000000e+00,-1.000000000000000000e+00,-1.000000000000000000e+00,-1.000000000000000000e+00,-1.000000000000000000e+00,-1.000000000000000000e+00,-1.000000000000000000e+00,-7.734462232336425380e-01,-7.734632111967765233e-01,-7.735141265582495818e-01,-7.735988055555970133e-01,-7.737168281946765758e-01,-7.738671832380966675e-01,-7.740475230036143461e-01,-7.742525516651199702e-01,-7.744706656086829399e-01,-7.746771733407371574e-01,-7.748210720617675351e-01,-7.748000802041623558e-01,-7.744150067104003110e-01,-7.732890653652131352e-01,-7.707300091247141216e-01,-7.655032236216949837e-01,-7.554744691837491644e-01,-7.370794051801956570e-01,-7.046039026818561313e-01,-6.493648106619086535e-01,-5.591802155064727886e-01,-4.192471418162235786e-01,-2.170763754281459512e-01,4.346285613641365231e-02,3.138125020372422025e-01,4.753618008908255810e-01,4.753617987519391797e-01,3.138124962001547225e-01,4.346284800715438656e-02,-2.170763843187364373e-01,-4.192471499254607492e-01,-5.591802212559302543e-01,-6.493648125763283874e-01,-7.046038996470032068e-01,-7.370793967355646625e-01,-7.554744557836648999e-01,-7.655032067150157049e-01,-7.707299908938547439e-01,-7.732890483679155658e-01,-7.744149937326988420e-01,-7.748000735638677083e-01,-7.748210731753091274e-01,-7.746771834186071404e-01,-7.744706839917653296e-01,-7.742525764110896880e-01,-7.740475506773113468e-01,-7.738672117852440913e-01,-7.737168544069685794e-01,-7.735988270049116711e-01,-7.735141431235339482e-01,-7.734632241717170897e-01,-7.734462363852177003e-01,-1.000000000000000000e+00,-1.000000000000000000e+00,-1.000000000000000000e+00,-1.000000000000000000e+00,-1.000000000000000000e+00,-1.000000000000000000e+00,-1.000000000000000000e+00,-1.000000000000000000e+00,-1.000000000000000000e+00,-1.000000000000000000e+00,-1.000000000000000000e+00,-1.000000000000000000e+00,-1.000000000000000000e+00,-1.000000000000000000e+00,-1.000000000000000000e+00,-1.000000000000000000e+00,-1.000000000000000000e+00,-1.000000000000000000e+00,-1.000000000000000000e+00,-1.000000000000000000e+00,-1.000000000000000000e+00,-1.000000000000000000e+00,-1.000000000000000000e+00,-1.000000000000000000e+00,-1.000000000000000000e+00,-1.000000000000000000e+00,-1.000000000000000000e+00,-1.000000000000000000e+00,-1.000000000000000000e+00,-1.000000000000000000e+00,-1.000000000000000000e+00,-1.000000000000000000e+00,-1.000000000000000000e+00,-1.000000000000000000e+00,-1.000000000000000000e+00,-1.000000000000000000e+00,-1.000000000000000000e+00,-1.000000000000000000e+00,-1.000000000000000000e+00,-1.000000000000000000e+00,-1.000000000000000000e+00,-1.000000000000000000e+00,-1.000000000000000000e+00,-1.000000000000000000e+00,-1.000000000000000000e+00,-1.000000000000000000e+00
-1.000000000000000000e+00,-1.000000000000000000e+00,-1.000000000000000000e+00,-1.000000000000000000e+00,-1.000000000000000000e+00,-1.000000000000000000e+00,-1.000000000000000000e+00,-1.000000000000000000e+00,-1.000000000000000000e+00,-1.000000000000000000e+00,-1.000000000000000000e+00,-1.000000000000000000e+00,-1.000000000000000000e+00,-1.000000000000000000e+00,-1.000000000000000000e+00,-1.000000000000000000e+00,-1.000000000000000000e+00,-1.000000000000000000e+00,-1.000000000000000000e+00,-1.000000000000000000e+00,-1.000000000000000000e+00,-1.000000000000000000e+00,-1.000000000000000000e+00,-1.000000000000000000e+00,-1.000000000000000000e+00,-1.000000000000000000e+00,-1.000000000000000000e+00,-1.000000000000000000e+00,-1.000000000000000000e+00,-1.000000000000000000e+00,-1.000000000000000000e+00,-1.000000000000000000e+00,-1.000000000000000000e+00,-1.000000000000000000e+00,-1.000000000000000000e+00,-1.000000000000000000e+00,-1.000000000000000000e+00,-1.000000000000000000e+00,-1.000000000000000000e+00,-1.000000000000000000e+00,-1.000000000000000000e+00,-1.000000000000000000e+00,-1.000000000000000000e+00,-1.000000000000000000e+00,-1.000000000000000000e+00,-1.000000000000000000e+00,-7.737845708103028297e-01,-7.738015433148557332e-01,-7.738524134014559408e-01,-7.739370176664478462e-01,-7.740549371547670310e-01,-7.742051618978362804e-01,-7.743853459004486073e-01,-7.745901957893613909e-01,-7.748081108404103468e-01,-7.750144034005881366e-01,-7.751580767144544692e-01,-7.751368596544819800e-01,-7.747515800285470489e-01,-7.736254877827453136e-01,-7.710664055192759658e-01,-7.658398508354483658e-01,-7.558118264209684467e-01,-7.374184185232071087e-01,-7.049462111261388664e-01,-6.497131641727795781e-01,-5.595389329864406402e-01,-4.196224180606684673e-01,-2.174758958510987217e-01,4.303207454170365764e-02,3.133495001061903373e-01,4.748794511786211814e-01,4.748794499509163547e-01,3.133494968836063599e-01,4.303207047676860242e-02,-2.174758994109292631e-01,-4.196224197168446635e-01,-5.595389314178909057e-01,-6.497131583933816179e-01,-7.049462007564464283e-01,-7.374184039778637345e-01,-7.558118089887876367e-01,-7.658398326299109549e-01,-7.710663891463152009e-01,-7.736254756227878282e-01,-7.747515739857185890e-01,-7.751368611482134519e-01,-7.751580858986767408e-01,-7.750144201046770265e-01,-7.748081338973762389e-01,-7.745902226538370350e-01,-7.743853733709563647e-01,-7.742051880598060931e-01,-7.740549595677191919e-01,-7.739370350570345947e-01,-7.738524261683843442e-01,-7.738015528069339677e-01,-7.737845804888997536e-01,-1.000000000000000000e+00,-1.000000000000000000e+00,-1.000000000000000000e+00,-1.000000000000000000e+00,-1.000000000000000000e+00,-1.000000000000000000e+00,-1.000000000000000000e+00,-1.000000000000000000e+00,-1.000000000000000000e+00,-1.000000000000000000e+00,-1.000000000000000000e+00,-1.000000000000000000e+00,-1.000000000000000000e+00,-1.000000000000000000e+00,-1.000000000000000000e+00,-1.000000000000000000e+00,-1.000000000000000000e+00,-1.000000000000000000e+00,-1.000000000000000000e+00,-1.000000000000000000e+00,-1.000000000000000000e+00,-1.000000000000000000e+00,-1.000000000000000000e+00,-1.000000000000000000e+00,-1.000000000000000000e+00,-1.000000000000000000e+00,-1.000000000000000000e+00,-1.000000000000000000e+00,-1.000000000000000000e+00,-1.000000000000000000e+00,-1.000000000000000000e+00,-1.000000000000000000e+00,-1.000000000000000000e+00,-1.000000000000000000e+00,-1.000000000000000000e+00,-1.000000000000000000e+00,-1.000000000000000000e+00,-1.000000000000000000e+00,-1.000000000000000000e+00,-1.000000000000000000e+00,-1.000000000000000000e+00,-1.000000000000000000e+00,-1.000000000000000000e+00,-1.000000000000000000e+00,-1.000000000000000000e+00,-1.000000000000000000e+00
-1.000000000000000000e+00,-1.000000000000000000e+00,-1.000000000000000000e+00,-1.000000000000000000e+00,-1.000000000000000000e+00,-1.000000000000000000e+00,-1.000000000000000000e+00,-1.000000000000000000e+00,-1.000000000000000000e+00,-1.000000000000000000e+00,-1.000000000000000000e+00,-1.000000000000000000e+00,-1.000000000000000000e+00,-1.000000000000000000e+00,-1.000000000000000000e+00,-1.000000000000000000e+00,-1.000000000000000000e+00,-1.000000000000000000e+00,-1.000000000000000000e+00,-1.000000000000000000e+00,-1.000000000000000000e+00,-1.000000000000000000e+00,-1.000000000000000000e+00,-1.000000000000000000e+00,-1.000000000000000000e+00,-1.000000000000000000e+00,-1.000000000000000000e+00,-1.000000000000000000e+00,-1.000000000000000000e+00,-1.000000000000000000e+00,-1.000000000000000000e+00,-1.000000000000000000e+00,-1.000000000000000000e+00,-1.000000000000000000e+00,-1.000000000000000000e+00,-1.000000000000000000e+00,-1.000000000000000000e+00,-1.000000000000000000e+00,-1.000000000000000000e+00,-1.000000000000000000e+00,-1.000000000000000000e+00,-1.000000000000000000e+00,-1.000000000000000000e+00,-1.000000000000000000e+00,-1.000000000000000000e+00,-1.000000000000000000e+00,-7.741462476972199580e-01,-7.741632028834553036e-01,-7.742140219562305692e-01,-7.742985422428725339e-01,-7.744163458210486795e-01,-7.745664241456882149e-01,-7.747464331445372832e-01,-7.749510822286200806e-01,-7.751687738511920944e-01,-7.753748246701674951e-01,-7.755182446655667361e-01,-7.754967741311566964e-01,-7.751112614148486513e-01,-7.739849956283717525e-01,-7.714258745153971253e-01,-7.661995576783544593e-01,-7.561723081114078981e-01,-7.377806698627107362e-01,-7.053119905790026234e-01,-6.500854190910009267e-01,-5.599222881550880437e-01,-4.200235018283492439e-01,-2.179029254989945930e-01,4.257160294953488133e-02,3.128545712244501509e-01,4.743638323714720606e-01,4.743638324024459507e-01,3.128545715913737535e-01,4.257160437024087862e-02,-2.179029221139797690e-01,-4.200234955674108095e-01,-5.599222783422346250e-01,-6.500854055318908697e-01,-7.053119737484224716e-01,-7.377806510049198518e-01,-7.561722891549911285e-01,-7.661995409237046806e-01,-7.714258623439371743e-01,-7.739849899179435111e-01,-7.751112629195320292e-01,-7.754967829704009219e-01,-7.755182600724208619e-01,-7.753748453819122588e-01,-7.751687985849931017e-01,-7.749511082886167967e-01,-7.747464579932146211e-01,-7.745664461120952415e-01,-7.744163635848613225e-01,-7.742985556479349274e-01,-7.742140317402892435e-01,-7.741632101353356221e-01,-7.741462553745999120e-01,-1.000000000000000000e+00,-1.000000000000000000e+00,-1.000000000000000000e+00,-1.000000000000000000e+00,-1.000000000000000000e+00,-1.000000000000000000e+00,-1.000000000000000000e+00,-1.000000000000000000e+00,-1.000000000000000000e+00,-1.000000000000000000e+00,-1.000000000000000000e+00,-1.000000000000000000e+00,-1.000000000000000000e+00,-1.000000000000000000e+00,-1.000000000000000000e+00,-1.000000000000000000e+00,-1.000000000000000000e+00,-1.000000000000000000e+00,-1.000000000000000000e+00,-1.000000000000000000e+00,-1.000000000000000000e+00,-1.000000000000000000e+00,-1.000000000000000000e+00,-1.000000000000000000e+00,-1.000000000000000000e+00,-1.000000000000000000e+00,-1.000000000000000000e+00,-1.000000000000000000e+00,-1.000000000000000000e+00,-1.000000000000000000e+00,-1.000000000000000000e+00,-1.000000000000000000e+00,-1.000000000000000000e+00,-1.000000000000000000e+00,-1.000000000000000000e+00,-1.000000000000000000e+00,-1.000000000000000000e+00,-1.000000000000000000e+00,-1.000000000000000000e+00,-1.000000000000000000e+00,-1.000000000000000000e+00,-1.000000000000000000e+00,-1.000000000000000000e+00,-1.000000000000000000e+00,-1.000000000000000000e+00,-1.000000000000000000e+00
-1.000000000000000000e+00,-1.000000000000000000e+00,-1.000000000000000000e+00,-1.000000000000000000e+00,-1.000000000000000000e+00,-1.000000000000000000e+00,-1.000000000000000000e+00,-1.000000000000000000e+00,-1.000000000000000000e+00,-1.000000000000000000e+00,-1.000000000000000000e+00,-1.000000000000000000e+00,-1.000000000000000000e+00,-1.000000000000000000e+00,-1.000000000000000000e+00,-1.000000000000000000e+00,-1.000000000000000000e+00,-1.000000000000000000e+00,-1.000000000000000000e+00,-1.000000000000000000e+00,-1.000000000000000000e+00,-1.000000000000000000e+00,-1.000000000000000000e+00,-1.000000000000000000e+00,-1.000000000000000000e+00,-1.000000000000000000e+00,-1.000000000000000000e+00,-1.000000000000000000e+00,-1.000000000000000000e+00,-1.000000000000000000e+00,-1.000000000000000000e+00,-1.000000000000000000e+00,-1.000000000000000000e+00,-1.000000000000000000e+00,-1.000000000000000000e+00,-1.000000000000000000e+00,-1.000000000000000000e+00,-1.000000000000000000e+00,-1.000000000000000000e+00,-1.000000000000000000e+00,-1.000000000000000000e+00,-1.000000000000000000e+00,-1.000000000000000000e+00,-1.000000000000000000e+00,-1.000000000000000000e+00,-1.000000000000000000e+00,-7.745312529146862746e-01,-7.745481887735933269e-01,-7.745989506061078389e-01,-7.746833767937392201e-01,-7.748010503694913176e-01,-7.749509644675378617e-01,-7.751307771825310944e-01,-7.753352010550420559e-01,-7.755526420775711305e-01,-7.757584217594820641e-01,-7.759015575799055320e-01,-7.758798023010928802e-01,-7.754940265825832624e-01,-7.743675618031686803e-01,-7.718083864624232238e-01,-7.665823123594115440e-01,-7.565558809407486596e-01,-7.381661252531768191e-01,-7.057012076726209004e-01,-6.504815441099855988e-01,-5.603302533344544090e-01,-4.204503703150064275e-01,-2.183574467844010547e-01,4.208145472469926318e-02,3.123277264519346286e-01,4.738149542948140169e-01,4.738149558285598140e-01,3.123277310304328758e-01,4.208146237227072817e-02,-2.183574358517278435e-01,-4.204503558685294129e-01,-5.603302354964300180e-01,-6.504815236213741247e-01,-7.057011859266622000e-01,-7.381661041668656775e-01,-7.565558627719343177e-01,-7.665822992635601407e-01,-7.718083800557309360e-01,-7.743675630247109920e-01,-7.754940351401956589e-01,-7.758798170123130111e-01,-7.759015769216414116e-01,-7.757584438483087208e-01,-7.755526657289427694e-01,-7.753352239511086541e-01,-7.751307976610091188e-01,-7.749509812376641493e-01,-7.748010634155254595e-01,-7.746833868969889014e-01,-7.745989586730530618e-01,-7.745481953357009619e-01,-7.745312602972094229e-01,-1.000000000000000000e+00,-1.000000000000000000e+00,-1.000000000000000000e+00,-1.000000000000000000e+00,-1.000000000000000000e+00,-1.000000000000000000e+00,-1.000000000000000000e+00,-1.000000000000000000e+00,-1.000000000000000000e+00,-1.000000000000000000e+00,-1.000000000000000000e+00,-1.000000000000000000e+00,-1.000000000000000000e+00,-1.000000000000000000e+00,-1.000000000000000000e+00,-1.000000000000000000e+00,-1.000000000000000000e+00,-1.000000000000000000e+00,-1.000000000000000000e+00,-1.000000000000000000e+00,-1.000000000000000000e+00,-1.000000000000000000e+00,-1.000000000000000000e+00,-1.000000000000000000e+00,-1.000000000000000000e+00,-1.000000000000000000e+00,-1.000000000000000000e+00,-1.000000000000000000e+00,-1.000000000000000000e+00,-1.000000000000000000e+00,-1.000000000000000000e+00,-1.000000000000000000e+00,-1.000000000000000000e+00,-1.000000000000000000e+00,-1.000000000000000000e+00,-1.000000000000000000e+00,-1.000000000000000000e+00,-1.000000000000000000e+00,-1.000000000000000000e+00,-1.000000000000000000e+00,-1.000000000000000000e+00,-1.000000000000000000e+00,-1.000000000000000000e+00,-1.000000000000000000e+00,-1.000000000000000000e+00,-1.000000000000000000e+00
-1.000000000000000000e+00,-1.000000000000000000e+00,-1.000000000000000000e+00,-1.000000000000000000e+00,-1.000000000000000000e+00,-1.000000000000000000e+00,-1.000000000000000000e+00,-1.000000000000000000e+00,-1.000000000000000000e+00,-1.000000000000000000e+00,-1.000000000000000000e+00,-1.000000000000000000e+00,-1.000000000000000000e+00,-1.000000000000000000e+00,-1.000000000000000000e+00,-1.000000000000000000e+00,-1.000000000000000000e+00,-1.000000000000000000e+00,-1.000000000000000000e+00,-1.000000000000000000e+00,-1.000000000000000000e+00,-1.000000000000000000e+00,-1.000000000000000000e+00,-1.000000000000000000e+00,-1.000000000000000000e+00,-1.000000000000000000e+00,-1.000000000000000000e+00,-1.000000000000000000e+00,-1.000000000000000000e+00,-1.000000000000000000e+00,-1.000000000000000000e+00,-1.000000000000000000e+00,-1.000000000000000000e+00,-1.000000000000000000e+00,-1.000000000000000000e+00,-1.000000000000000000e+00,-1.000000000000000000e+00,-1.000000000000000000e+00,-1.000000000000000000e+00,-1.000000000000000000e+00,-1.000000000000000000e+00,-1.000000000000000000e+00,-1.000000000000000000e+00,-1.000000000000000000e+00,-1.000000000000000000e+00,-1.000000000000000000e+00,-7.749395847716196162e-01,-7.749564989792045999e-01,-7.750071967335580014e-01,-7.750915175632695497e-01,-7.752090454935107733e-01,-7.753587756183866198e-01,-7.755383685189357612e-01,-7.757425402299962247e-01,-7.759597007156033843e-01,-7.761651769253139488e-01,-7.763079946408483201e-01,-7.762859201737332127e-01,-7.758998483304949678e-01,-7.747731559443743476e-01,-7.722139080249588172e-01,-7.669880789649659025e-01,-7.569625070920900090e-01,-7.385747459967784145e-01,-7.061138242206070892e-01,-6.509015032270324408e-01,-5.607627963960923889e-01,-4.209029965154249542e-01,-2.188394380514601112e-01,4.156164733828560109e-02,3.117689810859425315e-01,4.732328310058702137e-01,4.732328340297731195e-01,3.117689898275481930e-01,4.156166107450287583e-02,-2.188394199388902228e-01,-4.209029746932047011e-01,-5.607627719273204914e-01,-6.509014777216053371e-01,-7.061137997833364377e-01,-7.385747249476470877e-01,-7.569624916140280657e-01,-7.669880707513989648e-01,-7.722139077845224797e-01,-7.747731634244556798e-01,-7.758998623242414627e-01,-7.762859385907623366e-01,-7.763080154340694650e-01,-7.761651980623076597e-01,-7.759597212507243214e-01,-7.757425586102757453e-01,-7.755383839265970192e-01,-7.753587872167336803e-01,-7.752090545201606453e-01,-7.750915254681856048e-01,-7.750072044050614339e-01,-7.749565062446767127e-01,-7.749395931928337866e-01,-1.000000000000000000e+00,-1.000000000000000000e+00,-1.000000000000000000e+00,-1.000000000000000000e+00,-1.000000000000000000e+00,-1.000000000000000000e+00,-1.000000000000000000e+00,-1.000000000000000000e+00,-1.000000000000000000e+00,-1.000000000000000000e+00,-1.000000000000000000e+00,-1.000000000000000000e+00,-1.000000000000000000e+00,-1.000000000000000000e+00,-1.000000000000000000e+00,-1.000000000000000000e+00,-1.000000000000000000e+00,-1.000000000000000000e+00,-1.000000000000000000e+00,-1.000000000000000000e+00,-1.000000000000000000e+00,-1.000000000000000000e+00,-1.000000000000000000e+00,-1.000000000000000000e+00,-1.000000000000000000e+00,-1.000000000000000000e+00,-1.000000000000000000e+00,-1.000000000000000000e+00,-1.000000000000000000e+00,-1.000000000000000000e+00,-1.000000000000000000e+00,-1.000000000000000000e+00,-1.000000000000000000e+00,-1.000000000000000000e+00,-1.000000000000000000e+00,-1.000000000000000000e+00,-1.000000000000000000e+00,-1.000000000000000000e+00,-1.000000000000000000e+00,-1.000000000000000000e+00,-1.000000000000000000e+00,-1.000000000000000000e+00,-1.000000000000000000e+00,-1.000000000000000000e+00,-1.000000000000000000e+00,-1.000000000000000000e+00
-1.000000000000000000e+00,-1.000000000000000000e+00,-1.000000000000000000e+00,-1.000000000000000000e+00,-1.000000000000000000e+00,-1.000000000000000000e+00,-1.000000000000000000e+00,-1.000000000000000000e+00,-1.000000000000000000e+00,-1.000000000000000000e+00,-1.000000000000000000e+00,-1.000000000000000000e+00,-1.000000000000000000e+00,-1.000000000000000000e+00,-1.000000000000000000e+00,-1.000000000000000000e+00,-1.000000000000000000e+00,-1.000000000000000000e+00,-1.000000000000000000e+00,-1.000000000000000000e+00,-1.000000000000000000e+00,-1.000000000000000000e+00,-1.000000000000000000e+00,-1.000000000000000000e+00,-1.000000000000000000e+00,-1.000000000000000000e+00,-1.000000000000000000e+00,-1.000000000000000000e+00,-1.000000000000000000e+00,-1.000000000000000000e+00,-1.000000000000000000e+00,-1.000000000000000000e+00,-1.000000000000000000e+00,-1.000000000000000000e+00,-1.000000000000000000e+00,-1.000000000000000000e+00,-1.000000000000000000e+00,-1.000000000000000000e+00,-1.000000000000000000e+00,-1.000000000000000000e+00,-1.000000000000000000e+00,-1.000000000000000000e+00,-1.000000000000000000e+00,-1.000000000000000000e+00,-1.000000000000000000e+00,-1.000000000000000000e+00,-7.753712393531141389e-01,-7.753881292948038295e-01,-7.754387554401971361e-01,-7.755229584198710668e-01,-7.756403234772707433e-01,-7.757898479156020155e-01,-7.759691951784244424e-01,-7.761730851541818188e-01,-7.763899322523954982e-01,-7.765950694828327450e-01,-7.767375317721975092e-01,-7.767151001284879897e-01,-7.763286954397272677e-01,-7.752017433095961252e-01,-7.726424011870889341e-01,-7.674168166810749758e-01,-7.573921437120247901e-01,-7.390064882848450534e-01,-7.065497968787273209e-01,-6.513452552427139164e-01,-5.612198800025379741e-01,-4.213813482708782532e-01,-2.193488726158953073e-01,4.101220318054976666e-02,3.111783553469866792e-01,4.726174815362444992e-01,4.726174858352736319e-01,3.111783675890760215e-01,4.101222186289943394e-02,-2.193488489441938194e-01,-4.213813210984780344e-01,-5.612198512390447203e-01,-6.513452272376928365e-01,-7.065497721719979918e-01,-7.390064692654736422e-01,-7.573921321943319906e-01,-7.674168136195328449e-01,-7.726424064140816617e-01,-7.752017555174213204e-01,-7.763287126385187698e-01,-7.767151197559039044e-01,-7.767375515972350097e-01,-7.765950877176730494e-01,-7.763899483752179087e-01,-7.761730985869389476e-01,-7.759692057769883577e-01,-7.757898552919528790e-01,-7.756403298448165673e-01,-7.755229655546324041e-01,-7.754387639743711702e-01,-7.753881383718800313e-01,-7.753712497115856639e-01,-1.000000000000000000e+00,-1.000000000000000000e+00,-1.000000000000000000e+00,-1.000000000000000000e+00,-1.000000000000000000e+00,-1.000000000000000000e+00,-1.000000000000000000e+00,-1.000000000000000000e+00,-1.000000000000000000e+00,-1.000000000000000000e+00,-1.000000000000000000e+00,-1.000000000000000000e+00,-1.000000000000000000e+00,-1.000000000000000000e+00,-1.000000000000000000e+00,-1.000000000000000000e+00,-1.000000000000000000e+00,-1.000000000000000000e+00,-1.000000000000000000e+00,-1.000000000000000000e+00,-1.000000000000000000e+00,-1.000000000000000000e+00,-1.000000000000000000e+00,-1.000000000000000000e+00,-1.000000000000000000e+00,-1.000000000000000000e+00,-1.000000000000000000e+00,-1.000000000000000000e+00,-1.000000000000000000e+00,-1.000000000000000000e+00,-1.000000000000000000e+00,-1.000000000000000000e+00,-1.000000000000000000e+00,-1.000000000000000000e+00,-1.000000000000000000e+00,-1.000000000000000000e+00,-1.000000000000000000e+00,-1.000000000000000000e+00,-1.000000000000000000e+00,-1.000000000000000000e+00,-1.000000000000000000e+00,-1.000000000000000000e+00,-1.000000000000000000e+00,-1.000000000000000000e+00,-1.000000000000000000e+00,-1.000000000000000000e+00
-1.000000000000000000e+00,-1.000000000000000000e+00,-1.000000000000000000e+00,-1.000000000000000000e+00,-1.000000000000000000e+00,-1.000000000000000000e+00,-1.000000000000000000e+00,-1.000000000000000000e+00,-1.000000000000000000e+00,-1.000000000000000000e+00,-1.000000000000000000e+00,-1.000000000000000000e+00,-1.000000000000000000e+00,-1.000000000000000000e+00,-1.000000000000000000e+00,-1.000000000000000000e+00,-1.000000000000000000e+00,-1.000000000000000000e+00,-1.000000000000000000e+00,-1.000000000000000000e+00,-1.000000000000000000e+00,-1.000000000000000000e+00,-1.000000000000000000e+00,-1.000000000000000000e+00,-1.000000000000000000e+00,-1.000000000000000000e+00,-1.000000000000000000e+00,-1.000000000000000000e+00,-1.000000000000000000e+00,-1.000000000000000000e+00,-1.000000000000000000e+00,-1.000000000000000000e+00,-1.000000000000000000e+00,-1.000000000000000000e+00,-1.000000000000000000e+00,-1.000000000000000000e+00,-1.000000000000000000e+00,-1.000000000000000000e+00,-1.000000000000000000e+00,-1.000000000000000000e+00,-1.000000000000000000e+00,-1.000000000000000000e+00,-1.000000000000000000e+00,-1.000000000000000000e+00,-1.000000000000000000e+00,-1.000000000000000000e+00,-7.758262089936596162e-01,-7.758430718675207727e-01,-7.758936181579609848e-01,-7.759776895995806889e-01,-7.760948729653935896e-01,-7.762441679983944631e-01,-7.764232414173214414e-01,-7.766268173240414852e-01,-7.768433150928186759e-01,-7.770480744575857246e-01,-7.771901403788672447e-01,-7.771673097898607052e-01,-7.767805316950674444e-01,-7.756532839154454129e-01,-7.730938224457826191e-01,-7.678684789635181751e-01,-7.578447419893692416e-01,-7.394613021744560477e-01,-7.070090760941425412e-01,-6.518127528100945423e-01,-5.617014608365609174e-01,-4.218853876226730248e-01,-2.198857180747229023e-01,4.043315044279438553e-02,3.105558754557002921e-01,4.719689310110117830e-01,4.719689361275096751e-01,3.105558899109386317e-01,4.043317212011143802e-02,-2.198856913497830856e-01,-4.218853580185240038e-01,-5.617014308182377569e-01,-6.518127251291498947e-01,-7.070090534341637589e-01,-7.394612866927912087e-01,-7.578447349366743691e-01,-7.678684804898705529e-01,-7.730938315892260659e-01,-7.756532986850601663e-01,-7.767805496080008032e-01,-7.771673281871405159e-01,-7.771901571977843926e-01,-7.770480884227696228e-01,-7.768433262783682736e-01,-7.766268261468677325e-01,-7.764232481779363981e-01,-7.762441726871607273e-01,-7.760948783496605108e-01,-7.759776974197050148e-01,-7.758936285579897119e-01,-7.758430834292824319e-01,-7.758262217406751704e-01,-1.000000000000000000e+00,-1.000000000000000000e+00,-1.000000000000000000e+00,-1.000000000000000000e+00,-1.000000000000000000e+00,-1.000000000000000000e+00,-1.000000000000000000e+00,-1.000000000000000000e+00,-1.000000000000000000e+00,-1.000000000000000000e+00,-1.000000000000000000e+00,-1.000000000000000000e+00,-1.000000000000000000e+00,-1.000000000000000000e+00,-1.000000000000000000e+00,-1.000000000000000000e+00,-1.000000000000000000e+00,-1.000000000000000000e+00,-1.000000000000000000e+00,-1.000000000000000000e+00,-1.000000000000000000e+00,-1.000000000000000000e+00,-1.000000000000000000e+00,-1.000000000000000000e+00,-1.000000000000000000e+00,-1.000000000000000000e+00,-1.000000000000000000e+00,-1.000000000000000000e+00,-1.000000000000000000e+00,-1.000000000000000000e+00,-1.000000000000000000e+00,-1.000000000000000000e+00,-1.000000000000000000e+00,-1.000000000000000000e+00,-1.000000000000000000e+00,-1.000000000000000000e+00,-1.000000000000000000e+00,-1.000000000000000000e+00,-1.000000000000000000e+00,-1.000000000000000000e+00,-1.000000000000000000e+00,-1.000000000000000000e+00,-1.000000000000000000e+00,-1.000000000000000000e+00,-1.000000000000000000e+00,-1.000000000000000000e+00
-1.000000000000000000e+00,-1.000000000000000000e+00,-1.000000000000000000e+00,-1.000000000000000000e+00,-1.000000000000000000e+00,-1.000000000000000000e+00,-1.000000000000000000e+00,-1.000000000000000000e+00,-1.000000000000000000e+00,-1.000000000000000000e+00,-1.000000000000000000e+00,-1.000000000000000000e+00,-1.000000000000000000e+00,-1.000000000000000000e+00,-1.000000000000000000e+00,-1.000000000000000000e+00,-1.000000000000000000e+00,-1.000000000000000000e+00,-1.000000000000000000e+00,-1.000000000000000000e+00,-1.000000000000000000e+00,-1.000000000000000000e+00,-1.000000000000000000e+00,-1.000000000000000000e+00,-1.000000000000000000e+00,-1.000000000000000000e+00,-1.000000000000000000e+00,-1.000000000000000000e+00,-1.000000000000000000e+00,-1.000000000000000000e+00,-1.000000000000000000e+00,-1.000000000000000000e+00,-1.000000000000000000e+00,-1.000000000000000000e+00,-1.000000000000000000e+00,-1.000000000000000000e+00,-1.000000000000000000e+00,-1.000000000000000000e+00,-1.000000000000000000e+00,-1.000000000000000000e+00,-1.000000000000000000e+00,-1.000000000000000000e+00,-1.000000000000000000e+00,-1.000000000000000000e+00,-1.000000000000000000e+00,-1.000000000000000000e+00,-7.763044800387184363e-01,-7.763213129019321812e-01,-7.763717703989502228e-01,-7.764556954890321494e-01,-7.765726767873659675e-01,-7.767217167015285639e-01,-7.769004856611589904e-01,-7.771037123509163536e-01,-7.773198216686475481e-01,-7.775241607885802209e-01,-7.776657856466909768e-01,-7.776425104257975729e-01,-7.772553143823501820e-01,-7.761277311310016414e-01,-7.735681214962636387e-01,-7.683430123215262419e-01,-7.583202460517101118e-01,-7.399391305927933704e-01,-7.074916051638109327e-01,-6.523039414639579814e-01,-5.622074885508625552e-01,-4.224150696970770946e-01,-2.204499351761631809e-01,3.982452423320892443e-02,3.099015747709090718e-01,4.712872119013136185e-01,4.712872172364876988e-01,3.099015897390475782e-01,3.982454636846632923e-02,-2.204499084597646430e-01,-4.224150409641912463e-01,-5.622074605237695755e-01,-6.523039168937074805e-01,-7.074915864952338040e-01,-7.399391195417641676e-01,-7.583202432369096080e-01,-7.683430172148323356e-01,-7.735681325542885789e-01,-7.761277460589950383e-01,-7.772553306124195815e-01,-7.776425255379807444e-01,-7.776657980253034452e-01,-7.775241698187790318e-01,-7.773198280920027292e-01,-7.771037174372730227e-01,-7.769004899300674394e-01,-7.767217204086120930e-01,-7.765726827896726192e-01,-7.764557051772664753e-01,-7.763717832527748941e-01,-7.763213271051270237e-01,-7.763044951690420969e-01,-1.000000000000000000e+00,-1.000000000000000000e+00,-1.000000000000000000e+00,-1.000000000000000000e+00,-1.000000000000000000e+00,-1.000000000000000000e+00,-1.000000000000000000e+00,-1.000000000000000000e+00,-1.000000000000000000e+00,-1.000000000000000000e+00,-1.000000000000000000e+00,-1.000000000000000000e+00,-1.000000000000000000e+00,-1.000000000000000000e+00,-1.000000000000000000e+00,-1.000000000000000000e+00,-1.000000000000000000e+00,-1.000000000000000000e+00,-1.000000000000000000e+00,-1.000000000000000000e+00,-1.000000000000000000e+00,-1.000000000000000000e+00,-1.000000000000000000e+00,-1.000000000000000000e+00,-1.000000000000000000e+00,-1.000000000000000000e+00,-1.000000000000000000e+00,-1.000000000000000000e+00,-1.000000000000000000e+00,-1.000000000000000000e+00,-1.000000000000000000e+00,-1.000000000000000000e+00,-1.000000000000000000e+00,-1.000000000000000000e+00,-1.000000000000000000e+00,-1.000000000000000000e+00,-1.000000000000000000e+00,-1.000000000000000000e+00,-1.000000000000000000e+00,-1.000000000000000000e+00,-1.000000000000000000e+00,-1.000000000000000000e+00,-1.000000000000000000e+00,-1.000000000000000000e+00,-1.000000000000000000e+00,-1.000000000000000000e+00
-1.000000000000000000e+00,-1.000000000000000000e+00,-1.000000000000000000e+00,-1.000000000000000000e+00,-1.000000000000000000e+00,-1.000000000000000000e+00,-1.000000000000000000e+00,-1.000000000000000000e+00,-1.000000000000000000e+00,-1.000000000000000000e+00,-1.000000000000000000e+00,-1.000000000000000000e+00,-1.000000000000000000e+00,-1.000000000000000000e+00,-1.000000000000000000e+00,-1.000000000000000000e+00,-1.000000000000000000e+00,-1.000000000000000000e+00,-1.000000000000000000e+00,-1.000000000000000000e+00,-1.000000000000000000e+00,-1.000000000000000000e+00,-1.000000000000000000e+00,-1.000000000000000000e+00,-1.000000000000000000e+00,-1.000000000000000000e+00,-1.000000000000000000e+00,-1.000000000000000000e+00,-1.000000000000000000e+00,-1.000000000000000000e+00,-1.000000000000000000e+00,-1.000000000000000000e+00,-1.000000000000000000e+00,-1.000000000000000000e+00,-1.000000000000000000e+00,-1.000000000000000000e+00,-1.000000000000000000e+00,-1.000000000000000000e+00,-1.000000000000000000e+00,-1.000000000000000000e+00,-1.000000000000000000e+00,-1.000000000000000000e+00,-1.000000000000000000e+00,-1.000000000000000000e+00,-1.000000000000000000e+00,-1.000000000000000000e+00,-7.768060293864829102e-01,-7.768228291085668147e-01,-7.768731882581232373e-01,-7.769569511531446704e-01,-7.770737085418479850e-01,-7.772224657264399372e-01,-7.774008972968452502e-01,-7.776037369186192816e-01,-7.778194156049361707e-01,-7.780232887288339727e-01,-7.781644241787869509e-01,-7.781406547928049200e-01,-7.777529923032017178e-01,-7.766250298278776221e-01,-7.740652394933265068e-01,-7.688403546692167412e-01,-7.588185913933798155e-01,-7.404399078501078257e-01,-7.079973188596868638e-01,-6.528187583655780113e-01,-5.627379045931786283e-01,-4.229703415397393362e-01,-2.210414765798282000e-01,3.918636796347829687e-02,3.092154953211680990e-01,4.705723655976101760e-01,4.705723704931334961e-01,3.092155089639971877e-01,3.918638786675421315e-02,-2.210414530384740006e-01,-4.229703169111405092e-01,-5.627378814828973841e-01,-6.528187392249626964e-01,-7.079973055965267381e-01,-7.404399015640099613e-01,-7.588185921092599484e-01,-7.688403613618384203e-01,-7.740652503731968448e-01,-7.766250426474909929e-01,-7.777530048170988586e-01,-7.781406651275799558e-01,-7.781644313501171473e-01,-7.780232928463288733e-01,-7.778194180094825105e-01,-7.776037394659657265e-01,-7.774009005138160511e-01,-7.772224699801009162e-01,-7.770737163574906736e-01,-7.769569633666478792e-01,-7.768732036133076946e-01,-7.768228455842739466e-01,-7.768060464012882527e-01,-1.000000000000000000e+00,-1.000000000000000000e+00,-1.000000000000000000e+00,-1.000000000000000000e+00,-1.000000000000000000e+00,-1.000000000000000000e+00,-1.000000000000000000e+00,-1.000000000000000000e+00,-1.000000000000000000e+00,-1.000000000000000000e+00,-1.000000000000000000e+00,-1.000000000000000000e+00,-1.000000000000000000e+00,-1.000000000000000000e+00,-1.000000000000000000e+00,-1.000000000000000000e+00,-1.000000000000000000e+00,-1.000000000000000000e+00,-1.000000000000000000e+00,-1.000000000000000000e+00,-1.000000000000000000e+00,-1.000000000000000000e+00,-1.000000000000000000e+00,-1.000000000000000000e+00,-1.000000000000000000e+00,-1.000000000000000000e+00,-1.000000000000000000e+00,-1.000000000000000000e+00,-1.000000000000000000e+00,-1.000000000000000000e+00,-1.000000000000000000e+00,-1.000000000000000000e+00,-1.000000000000000000e+00,-1.000000000000000000e+00,-1.000000000000000000e+00,-1.000000000000000000e+00,-1.000000000000000000e+00,-1.000000000000000000e+00,-1.000000000000000000e+00,-1.000000000000000000e+00,-1.000000000000000000e+00,-1.000000000000000000e+00,-1.000000000000000000e+00,-1.000000000000000000e+00,-1.000000000000000000e+00,-1.000000000000000000e+00
-1.000000000000000000e+00,-1.000000000000000000e+00,-1.000000000000000000e+00,-1.000000000000000000e+00,-1.000000000000000000e+00,-1.000000000000000000e+00,-1.000000000000000000e+00,-1.000000000000000000e+00,-1.000000000000000000e+00,-1.000000000000000000e+00,-1.000000000000000000e+00,-1.000000000000000000e+00,-1.000000000000000000e+00,-1.000000000000000000e+00,-1.000000000000000000e+00,-1.000000000000000000e+00,-1.000000000000000000e+00,-1.000000000000000000e+00,-1.000000000000000000e+00,-1.000000000000000000e+00,-1.000000000000000000e+00,-1.000000000000000000e+00,-1.000000000000000000e+00,-1.000000000000000000e+00,-1.000000000000000000e+00,-1.000000000000000000e+00,-1.000000000000000000e+00,-1.000000000000000000e+00,-1.000000000000000000e+00,-1.000000000000000000e+00,-1.000000000000000000e+00,-1.000000000000000000e+00,-1.000000000000000000e+00,-1.000000000000000000e+00,-1.000000000000000000e+00,-1.000000000000000000e+00,-1.000000000000000000e+00,-1.000000000000000000e+00,-1.000000000000000000e+00,-1.000000000000000000e+00,-1.000000000000000000e+00,-1.000000000000000000e+00,-1.000000000000000000e+00,-1.000000000000000000e+00,-1.000000000000000000e+00,-1.000000000000000000e+00,-7.773308189358796305e-01,-7.773475821734846525e-01,-7.773978329277800858e-01,-7.774814169591151014e-01,-7.775979274019261256e-01,-7.777463726973445901e-01,-7.779244320299455451e-01,-7.781268444586734168e-01,-7.783420477048440533e-01,-7.785454061148913141e-01,-7.786860005256296402e-01,-7.786616839095019671e-01,-7.782735027890169688e-01,-7.771451136430391760e-01,-7.745851065790421153e-01,-7.693604331285837095e-01,-7.593397029309780777e-01,-7.409635578762290287e-01,-7.085261417594688194e-01,-6.533571306716460247e-01,-5.632926405907798806e-01,-4.235511405076463065e-01,-2.216602852526216028e-01,3.851873497189450823e-02,3.084976895129349916e-01,4.698244442367807139e-01,4.698244480782152177e-01,3.084977001503992344e-01,3.851875026636997212e-02,-2.216602676073763378e-01,-4.235511226994939094e-01,-5.632926247089830030e-01,-6.533571185603550546e-01,-7.085261346481115385e-01,-7.409635561731278131e-01,-7.593397061870763576e-01,-7.693604400546580901e-01,-7.745851154649189274e-01,-7.771451226032051185e-01,-7.782735101991877791e-01,-7.786616886689906591e-01,-7.786860023633253025e-01,-7.785454058595075999e-01,-7.783420471307718191e-01,-7.781268456988001958e-01,-7.779244354477620194e-01,-7.777463785958091957e-01,-7.775979376429582590e-01,-7.774814317421927523e-01,-7.773978503128512463e-01,-7.773476001309596040e-01,-7.773308369170930376e-01,-1.000000000000000000e+00,-1.000000000000000000e+00,-1.000000000000000000e+00,-1.000000000000000000e+00,-1.000000000000000000e+00,-1.000000000000000000e+00,-1.000000000000000000e+00,-1.000000000000000000e+00,-1.000000000000000000e+00,-1.000000000000000000e+00,-1.000000000000000000e+00,-1.000000000000000000e+00,-1.000000000000000000e+00,-1.000000000000000000e+00,-1.000000000000000000e+00,-1.000000000000000000e+00,-1.000000000000000000e+00,-1.000000000000000000e+00,-1.000000000000000000e+00,-1.000000000000000000e+00,-1.000000000000000000e+00,-1.000000000000000000e+00,-1.000000000000000000e+00,-1.000000000000000000e+00,-1.000000000000000000e+00,-1.000000000000000000e+00,-1.000000000000000000e+00,-1.000000000000000000e+00,-1.000000000000000000e+00,-1.000000000000000000e+00,-1.000000000000000000e+00,-1.000000000000000000e+00,-1.000000000000000000e+00,-1.000000000000000000e+00,-1.000000000000000000e+00,-1.000000000000000000e+00,-1.000000000000000000e+00,-1.000000000000000000e+00,-1.000000000000000000e+00,-1.000000000000000000e+00,-1.000000000000000000e+00,-1.000000000000000000e+00,-1.000000000000000000e+00,-1.000000000000000000e+00,-1.000000000000000000e+00,-1.000000000000000000e+00
-1.000000000000000000e+00,-1.000000000000000000e+00,-1.000000000000000000e+00,-1.000000000000000000e+00,-1.000000000000000000e+00,-1.000000000000000000e+00,-1.000000000000000000e+00,-1.000000000000000000e+00,-1.000000000000000000e+00,-1.000000000000000000e+00,-1.000000000000000000e+00,-1.000000000000000000e+00,-1.000000000000000000e+00,-1.000000000000000000e+00,-1.000000000000000000e+00,-1.000000000000000000e+00,-1.000000000000000000e+00,-1.000000000000000000e+00,-1.000000000000000000e+00,-1.000000000000000000e+00,-1.000000000000000000e+00,-1.000000000000000000e+00,-1.000000000000000000e+00,-1.000000000000000000e+00,-1.000000000000000000e+00,-1.000000000000000000e+00,-1.000000000000000000e+00,-1.000000000000000000e+00,-1.000000000000000000e+00,-1.000000000000000000e+00,-1.000000000000000000e+00,-1.000000000000000000e+00,-1.000000000000000000e+00,-1.000000000000000000e+00,-1.000000000000000000e+00,-1.000000000000000000e+00,-1.000000000000000000e+00,-1.000000000000000000e+00,-1.000000000000000000e+00,-1.000000000000000000e+00,-1.000000000000000000e+00,-1.000000000000000000e+00,-1.000000000000000000e+00,-1.000000000000000000e+00,-1.000000000000000000e+00,-1.000000000000000000e+00,-7.778787871079427818e-01,-7.778955104118863151e-01,-7.779456424964746875e-01,-7.780290306198950345e-01,-7.781452704820859267e-01,-7.782933738978565774e-01,-7.784710250223013661e-01,-7.786729687038194125e-01,-7.788876499337540338e-01,-7.790904427980088753e-01,-7.792304420839412105e-01,-7.792055224372635980e-01,-7.788167675644916965e-01,-7.776879012948926251e-01,-7.751276385840255578e-01,-7.699031610339481801e-01,-7.598834922583010965e-01,-7.415099917127216944e-01,-7.090779859711537902e-01,-6.539189734609667237e-01,-5.638716164132444586e-01,-4.241573923700132642e-01,-2.223062925148799884e-01,3.782169056149098374e-02,3.077482222122784883e-01,4.690435127885592692e-01,4.690435151243519396e-01,3.077482285989778799e-01,3.782169950206992759e-02,-2.223062826642365764e-01,-4.241573831435441200e-01,-5.638716091412380171e-01,-6.539189691504846413e-01,-7.090779851019735069e-01,-7.415099940533136369e-01,-7.598834970101101538e-01,-7.699031669061404681e-01,-7.751276441889953794e-01,-7.776879053769492067e-01,-7.788167692945515697e-01,-7.792055215839969184e-01,-7.792304390605114817e-01,-7.790904390493198495e-01,-7.788876474525063820e-01,-7.786729696215094476e-01,-7.784710294428504040e-01,-7.782933819112738405e-01,-7.781452830910049467e-01,-7.780290474334772277e-01,-7.779456610562074381e-01,-7.778955288377484845e-01,-7.778788049624372203e-01,-1.000000000000000000e+00,-1.000000000000000000e+00,-1.000000000000000000e+00,-1.000000000000000000e+00,-1.000000000000000000e+00,-1.000000000000000000e+00,-1.000000000000000000e+00,-1.000000000000000000e+00,-1.000000000000000000e+00,-1.000000000000000000e+00,-1.000000000000000000e+00,-1.000000000000000000e+00,-1.000000000000000000e+00,-1.000000000000000000e+00,-1.000000000000000000e+00,-1.000000000000000000e+00,-1.000000000000000000e+00,-1.000000000000000000e+00,-1.000000000000000000e+00,-1.000000000000000000e+00,-1.000000000000000000e+00,-1.000000000000000000e+00,-1.000000000000000000e+00,-1.000000000000000000e+00,-1.000000000000000000e+00,-1.000000000000000000e+00,-1.000000000000000000e+00,-1.000000000000000000e+00,-1.000000000000000000e+00,-1.000000000000000000e+00,-1.000000000000000000e+00,-1.000000000000000000e+00,-1.000000000000000000e+00,-1.000000000000000000e+00,-1.000000000000000000e+00,-1.000000000000000000e+00,-1.000000000000000000e+00,-1.000000000000000000e+00,-1.000000000000000000e+00,-1.000000000000000000e+00,-1.000000000000000000e+00,-1.000000000000000000e+00,-1.000000000000000000e+00,-1.000000000000000000e+00,-1.000000000000000000e+00,-1.000000000000000000e+00
-1.000000000000000000e+00,-1.000000000000000000e+00,-1.000000000000000000e+00,-1.000000000000000000e+00,-1.000000000000000000e+00,-1.000000000000000000e+00,-1.000000000000000000e+00,-1.000000000000000000e+00,-1.000000000000000000e+00,-1.000000000000000000e+00,-1.000000000000000000e+00,-1.000000000000000000e+00,-1.000000000000000000e+00,-1.000000000000000000e+00,-1.000000000000000000e+00,-1.000000000000000000e+00,-1.000000000000000000e+00,-1.000000000000000000e+00,-1.000000000000000000e+00,-1.000000000000000000e+00,-1.000000000000000000e+00,-1.000000000000000000e+00,-1.000000000000000000e+00,-1.000000000000000000e+00,-1.000000000000000000e+00,-1.000000000000000000e+00,-1.000000000000000000e+00,-1.000000000000000000e+00,-1.000000000000000000e+00,-1.000000000000000000e+00,-1.000000000000000000e+00,-1.000000000000000000e+00,-1.000000000000000000e+00,-1.000000000000000000e+00,-1.000000000000000000e+00,-1.000000000000000000e+00,-1.000000000000000000e+00,-1.000000000000000000e+00,-1.000000000000000000e+00,-1.000000000000000000e+00,-1.000000000000000000e+00,-1.000000000000000000e+00,-1.000000000000000000e+00,-1.000000000000000000e+00,-1.000000000000000000e+00,-1.000000000000000000e+00,-7.784498363892342621e-01,-7.784665164133828252e-01,-7.785165198189900604e-01,-7.785996953900967688e-01,-7.787156414636955404e-01,-7.788633734187214719e-01,-7.790405806475678707e-01,-7.792420141210087969e-01,-7.794561265854611509e-01,-7.796583025779433296e-01,-7.797976518021283443e-01,-7.797720721196957916e-01,-7.793826868568751731e-01,-7.782532913039662548e-01,-7.756927323273064001e-01,-7.704684337861584797e-01,-7.604498540030304454e-01,-7.420791042807770577e-01,-7.096527481952201732e-01,-6.545041869890348973e-01,-5.644747375716018256e-01,-4.247890088465441361e-01,-2.229794156792963555e-01,3.709531436254587256e-02,3.069671731791350222e-01,4.682296515061230568e-01,4.682296521065214545e-01,3.069671746938751333e-01,3.709531611132099727e-02,-2.229794144607923911e-01,-4.247890088371605311e-01,-5.644747392275927256e-01,-6.545041904035062696e-01,-7.096527530688866436e-01,-7.420791098826744481e-01,-7.604498593359746428e-01,-7.704684377883361801e-01,-7.756927340885165778e-01,-7.782532903437953120e-01,-7.793826831798633670e-01,-7.797720663195500945e-01,-7.797976448699053265e-01,-7.796582963799880694e-01,-7.794561231100012311e-01,-7.792420152867239880e-01,-7.790405862849676399e-01,-7.788633833178962851e-01,-7.787156557292316261e-01,-7.785997131996620357e-01,-7.785165384534090682e-01,-7.784665342485992401e-01,-7.784498530811443384e-01,-1.000000000000000000e+00,-1.000000000000000000e+00,-1.000000000000000000e+00,-1.000000000000000000e+00,-1.000000000000000000e+00,-1.000000000000000000e+00,-1.000000000000000000e+00,-1.000000000000000000e+00,-1.000000000000000000e+00,-1.000000000000000000e+00,-1.000000000000000000e+00,-1.000000000000000000e+00,-1.000000000000000000e+00,-1.000000000000000000e+00,-1.000000000000000000e+00,-1.000000000000000000e+00,-1.000000000000000000e+00,-1.000000000000000000e+00,-1.000000000000000000e+00,-1.000000000000000000e+00,-1.000000000000000000e+00,-1.000000000000000000e+00,-1.000000000000000000e+00,-1.000000000000000000e+00,-1.000000000000000000e+00,-1.000000000000000000e+00,-1.000000000000000000e+00,-1.000000000000000000e+00,-1.000000000000000000e+00,-1.000000000000000000e+00,-1.000000000000000000e+00,-1.000000000000000000e+00,-1.000000000000000000e+00,-1.000000000000000000e+00,-1.000000000000000000e+00,-1.000000000000000000e+00,-1.000000000000000000e+00,-1.000000000000000000e+00,-1.000000000000000000e+00,-1.000000000000000000e+00,-1.000000000000000000e+00,-1.000000000000000000e+00,-1.000000000000000000e+00,-1.000000000000000000e+00,-1.000000000000000000e+00,-1.000000000000000000e+00
-1.000000000000000000e+00,-1.000000000000000000e+00,-1.000000000000000000e+00,-1.000000000000000000e+00,-1.000000000000000000e+00,-1.000000000000000000e+00,-1.000000000000000000e+00,-1.000000000000000000e+00,-1.000000000000000000e+00,-1.000000000000000000e+00,-1.000000000000000000e+00,-1.000000000000000000e+00,-1.000000000000000000e+00,-1.000000000000000000e+00,-1.000000000000000000e+00,-1.000000000000000000e+00,-1.000000000000000000e+00,-1.000000000000000000e+00,-1.000000000000000000e+00,-1.000000000000000000e+00,-1.000000000000000000e+00,-1.000000000000000000e+00,-1.000000000000000000e+00,-1.000000000000000000e+00,-1.000000000000000000e+00,-1.000000000000000000e+00,-1.000000000000000000e+00,-1.000000000000000000e+00,-1.000000000000000000e+00,-1.000000000000000000e+00,-1.000000000000000000e+00,-1.000000000000000000e+00,-1.000000000000000000e+00,-1.000000000000000000e+00,-1.000000000000000000e+00,-1.000000000000000000e+00,-1.000000000000000000e+00,-1.000000000000000000e+00,-1.000000000000000000e+00,-1.000000000000000000e+00,-1.000000000000000000e+00,-1.000000000000000000e+00,-1.000000000000000000e+00,-1.000000000000000000e+00,-1.000000000000000000e+00,-1.000000000000000000e+00,-7.790438148312386346e-01,-7.790604486130953132e-01,-7.791103143897657457e-01,-7.791932624425432774e-01,-7.793088936630072627e-01,-7.794562270807735560e-01,-7.796329574078726399e-01,-7.798338419178522107e-01,-7.800473414276911654e-01,-7.802488514943635156e-01,-7.803874976024651744e-01,-7.803612023152038946e-01,-7.799711310088628391e-01,-7.788411546189284440e-01,-7.762802591442613531e-01,-7.710561231473936905e-01,-7.610386607662436020e-01,-7.426707698885512965e-01,-7.102503057595512814e-01,-6.551126531807770492e-01,-5.651018920243410237e-01,-4.254458845660175070e-01,-2.236795550860392057e-01,3.633970322861479474e-02,3.061546399290286935e-01,4.673829587854532175e-01,4.673829576582539946e-01,3.061546366243299566e-01,3.633969793269820059e-02,-2.236795622161287245e-01,-4.254458932876510335e-01,-5.651019018818146389e-01,-6.551126634289894390e-01,-7.102503154193917645e-01,-7.426707778816120653e-01,-7.610386660508030587e-01,-7.710561250108142195e-01,-7.762802572460114625e-01,-7.788411492640855416e-01,-7.799711229608332630e-01,-7.803611928193058267e-01,-7.803874880490657695e-01,-7.802488439054384717e-01,-7.800473375927866604e-01,-7.798338434293904387e-01,-7.796329638949146545e-01,-7.794562380234526522e-01,-7.793089083720095012e-01,-7.791932798974956498e-01,-7.791103319228518398e-01,-7.790604649045276275e-01,-7.790438295321032713e-01,-1.000000000000000000e+00,-1.000000000000000000e+00,-1.000000000000000000e+00,-1.000000000000000000e+00,-1.000000000000000000e+00,-1.000000000000000000e+00,-1.000000000000000000e+00,-1.000000000000000000e+00,-1.000000000000000000e+00,-1.000000000000000000e+00,-1.000000000000000000e+00,-1.000000000000000000e+00,-1.000000000000000000e+00,-1.000000000000000000e+00,-1.000000000000000000e+00,-1.000000000000000000e+00,-1.000000000000000000e+00,-1.000000000000000000e+00,-1.000000000000000000e+00,-1.000000000000000000e+00,-1.000000000000000000e+00,-1.000000000000000000e+00,-1.000000000000000000e+00,-1.000000000000000000e+00,-1.000000000000000000e+00,-1.000000000000000000e+00,-1.000000000000000000e+00,-1.000000000000000000e+00,-1.000000000000000000e+00,-1.000000000000000000e+00,-1.000000000000000000e+00,-1.000000000000000000e+00,-1.000000000000000000e+00,-1.000000000000000000e+00,-1.000000000000000000e+00,-1.000000000000000000e+00,-1.000000000000000000e+00,-1.000000000000000000e+00,-1.000000000000000000e+00,-1.000000000000000000e+00,-1.000000000000000000e+00,-1.000000000000000000e+00,-1.000000000000000000e+00,-1.000000000000000000e+00,-1.000000000000000000e+00,-1.000000000000000000e+00
-1.000000000000000000e+00,-1.000000000000000000e+00,-1.000000000000000000e+00,-1.000000000000000000e+00,-1.000000000000000000e+00,-1.000000000000000000e+00,-1.000000000000000000e+00,-1.000000000000000000e+00,-1.000000000000000000e+00,-1.000000000000000000e+00,-1.000000000000000000e+00,-1.000000000000000000e+00,-1.000000000000000000e+00,-1.000000000000000000e+00,-1.000000000000000000e+00,-1.000000000000000000e+00,-1.000000000000000000e+00,-1.000000000000000000e+00,-1.000000000000000000e+00,-1.000000000000000000e+00,-1.000000000000000000e+00,-1.000000000000000000e+00,-1.000000000000000000e+00,-1.000000000000000000e+00,-1.000000000000000000e+00,-1.000000000000000000e+00,-1.000000000000000000e+00,-1.000000000000000000e+00,-1.000000000000000000e+00,-1.000000000000000000e+00,-1.000000000000000000e+00,-1.000000000000000000e+00,-1.000000000000000000e+00,-1.000000000000000000e+00,-1.000000000000000000e+00,-1.000000000000000000e+00,-1.000000000000000000e+00,-1.000000000000000000e+00,-1.000000000000000000e+00,-1.000000000000000000e+00,-1.000000000000000000e+00,-1.000000000000000000e+00,-1.000000000000000000e+00,-1.000000000000000000e+00,-1.000000000000000000e+00,-1.000000000000000000e+00,-7.796604885348603631e-01,-7.796770739250802329e-01,-7.797267954601427853e-01,-7.798095047813182745e-01,-7.799248050330581661e-01,-7.800717187654655493e-01,-7.802479457805465701e-01,-7.804482495388007646e-01,-7.806610989370876830e-01,-7.808619008445025766e-01,-7.809997971652075099e-01,-7.809727364737548694e-01,-7.805819285335278135e-01,-7.794513241232745582e-01,-7.768900557282987229e-01,-7.716660693078782884e-01,-7.616497562748990591e-01,-7.432848362757416005e-01,-7.108705113494250272e-01,-6.557442309130379066e-01,-5.657529459602776978e-01,-4.261278932697578625e-01,-2.244065905549873507e-01,3.555497469639457009e-02,3.053107411521545078e-01,4.665035545332549827e-01,4.665035519090658944e-01,3.053107336867142418e-01,3.555496337742014568e-02,-2.244066047212225357e-01,-4.261279092229889320e-01,-5.657529624474830765e-01,-6.557442465021767752e-01,-7.108705245550077656e-01,-7.432848458030931749e-01,-7.616497611936565715e-01,-7.716660692906621710e-01,-7.768900510207247256e-01,-7.794513156845327417e-01,-7.805819177077658599e-01,-7.809727249045578246e-01,-7.809997864216122743e-01,-7.808618928214130506e-01,-7.806610950821541994e-01,-7.804482510957831964e-01,-7.802479523153345031e-01,-7.800717295101836646e-01,-7.799248187164566914e-01,-7.798095204456217955e-01,-7.797268108053967417e-01,-7.796770879290033651e-01,-7.796605006932051385e-01,-1.000000000000000000e+00,-1.000000000000000000e+00,-1.000000000000000000e+00,-1.000000000000000000e+00,-1.000000000000000000e+00,-1.000000000000000000e+00,-1.000000000000000000e+00,-1.000000000000000000e+00,-1.000000000000000000e+00,-1.000000000000000000e+00,-1.000000000000000000e+00,-1.000000000000000000e+00,-1.000000000000000000e+00,-1.000000000000000000e+00,-1.000000000000000000e+00,-1.000000000000000000e+00,-1.000000000000000000e+00,-1.000000000000000000e+00,-1.000000000000000000e+00,-1.000000000000000000e+00,-1.000000000000000000e+00,-1.000000000000000000e+00,-1.000000000000000000e+00,-1.000000000000000000e+00,-1.000000000000000000e+00,-1.000000000000000000e+00,-1.000000000000000000e+00,-1.000000000000000000e+00,-1.000000000000000000e+00,-1.000000000000000000e+00,-1.000000000000000000e+00,-1.000000000000000000e+00,-1.000000000000000000e+00,-1.000000000000000000e+00,-1.000000000000000000e+00,-1.000000000000000000e+00,-1.000000000000000000e+00,-1.000000000000000000e+00,-1.000000000000000000e+00,-1.000000000000000000e+00,-1.000000000000000000e+00,-1.000000000000000000e+00,-1.000000000000000000e+00,-1.000000000000000000e+00,-1.000000000000000000e+00,-1.000000000000000000e+00
-1.000000000000000000e+00,-1.000000000000000000e+00,-1.000000000000000000e+00,-1.000000000000000000e+00,-1.000000000000000000e+00,-1.000000000000000000e+00,-1.000000000000000000e+00,-1.000000000000000000e+00,-1.000000000000000000e+00,-1.000000000000000000e+00,-1.000000000000000000e+00,-1.000000000000000000e+00,-1.000000000000000000e+00,-1.000000000000000000e+00,-1.000000000000000000e+00,-1.000000000000000000e+00,-1.000000000000000000e+00,-1.000000000000000000e+00,-1.000000000000000000e+00,-1.000000000000000000e+00,-1.000000000000000000e+00,-1.000000000000000000e+00,-1.000000000000000000e+00,-1.000000000000000000e+00,-1.000000000000000000e+00,-1.000000000000000000e+00,-1.000000000000000000e+00,-1.000000000000000000e+00,-1.000000000000000000e+00,-1.000000000000000000e+00,-1.000000000000000000e+00,-1.000000000000000000e+00,-1.000000000000000000e+00,-1.000000000000000000e+00,-1.000000000000000000e+00,-1.000000000000000000e+00,-1.000000000000000000e+00,-1.000000000000000000e+00,-1.000000000000000000e+00,-1.000000000000000000e+00,-1.000000000000000000e+00,-1.000000000000000000e+00,-1.000000000000000000e+00,-1.000000000000000000e+00,-1.000000000000000000e+00,-1.000000000000000000e+00,-7.802995008465140048e-01,-7.803160371965340847e-01,-7.803656122679630824e-01,-7.804480787240897222e-01,-7.805630413285169489e-01,-7.807095256206740830e-01,-7.808852357524798116e-01,-7.810849407310910264e-01,-7.812971170099035634e-01,-7.814971825670385952e-01,-7.816342959473313590e-01,-7.816064327040860293e-01,-7.812148490990916683e-01,-7.800835798540162180e-01,-7.775219113453796238e-01,-7.722980698394020793e-01,-7.622829458558766369e-01,-7.439211164443597646e-01,-7.115131860228227634e-01,-6.563987499679860838e-01,-5.664277384226827916e-01,-4.268348829359472907e-01,-2.251603769239188813e-01,3.474127116577618857e-02,3.044356207793197377e-01,4.655915841825029045e-01,4.655915804621930665e-01,3.044356102865100056e-01,3.474125551599827055e-02,-2.251603960695220952e-01,-4.268349039146409618e-01,-5.664277594015967310e-01,-6.563987690261843255e-01,-7.115132013928073818e-01,-7.439211267706582476e-01,-7.622829504174817306e-01,-7.722980686502599612e-01,-7.775219051466415454e-01,-7.800835700398921491e-01,-7.812148373588276851e-01,-7.816064208047518447e-01,-7.816342854008724306e-01,-7.814971748865784384e-01,-7.812971132262069851e-01,-7.810849417932255179e-01,-7.808852413392769476e-01,-7.807095348242421018e-01,-7.805630525591042979e-01,-7.804480913265504638e-01,-7.803656245840027150e-01,-7.803160484546244335e-01,-7.802995102193688304e-01,-1.000000000000000000e+00,-1.000000000000000000e+00,-1.000000000000000000e+00,-1.000000000000000000e+00,-1.000000000000000000e+00,-1.000000000000000000e+00,-1.000000000000000000e+00,-1.000000000000000000e+00,-1.000000000000000000e+00,-1.000000000000000000e+00,-1.000000000000000000e+00,-1.000000000000000000e+00,-1.000000000000000000e+00,-1.000000000000000000e+00,-1.000000000000000000e+00,-1.000000000000000000e+00,-1.000000000000000000e+00,-1.000000000000000000e+00,-1.000000000000000000e+00,-1.000000000000000000e+00,-1.000000000000000000e+00,-1.000000000000000000e+00,-1.000000000000000000e+00,-1.000000000000000000e+00,-1.000000000000000000e+00,-1.000000000000000000e+00,-1.000000000000000000e+00,-1.000000000000000000e+00,-1.000000000000000000e+00,-1.000000000000000000e+00,-1.000000000000000000e+00,-1.000000000000000000e+00,-1.000000000000000000e+00,-1.000000000000000000e+00,-1.000000000000000000e+00,-1.000000000000000000e+00,-1.000000000000000000e+00,-1.000000000000000000e+00,-1.000000000000000000e+00,-1.000000000000000000e+00,-1.000000000000000000e+00,-1.000000000000000000e+00,-1.000000000000000000e+00,-1.000000000000000000e+00,-1.000000000000000000e+00,-1.000000000000000000e+00
-1.000000000000000000e+00,-1.000000000000000000e+00,-1.000000000000000000e+00,-1.000000000000000000e+00,-1.000000000000000000e+00,-1.000000000000000000e+00,-1.000000000000000000e+00,-1.000000000000000000e+00,-1.000000000000000000e+00,-1.000000000000000000e+00,-1.000000000000000000e+00,-1.000000000000000000e+00,-1.000000000000000000e+00,-1.000000000000000000e+00,-1.000000000000000000e+00,-1.000000000000000000e+00,-1.000000000000000000e+00,-1.000000000000000000e+00,-1.000000000000000000e+00,-1.000000000000000000e+00,-1.000000000000000000e+00,-1.000000000000000000e+00,-1.000000000000000000e+00,-1.000000000000000000e+00,-1.000000000000000000e+00,-1.000000000000000000e+00,-1.000000000000000000e+00,-1.000000000000000000e+00,-1.000000000000000000e+00,-1.000000000000000000e+00,-1.000000000000000000e+00,-1.000000000000000000e+00,-1.000000000000000000e+00,-1.000000000000000000e+00,-1.000000000000000000e+00,-1.000000000000000000e+00,-1.000000000000000000e+00,-1.000000000000000000e+00,-1.000000000000000000e+00,-1.000000000000000000e+00,-1.000000000000000000e+00,-1.000000000000000000e+00,-1.000000000000000000e+00,-1.000000000000000000e+00,-1.000000000000000000e+00,-1.000000000000000000e+00,-7.809603121066305276e-01,-7.809768013538362919e-01,-7.810262353660113455e-01,-7.811084671468506713e-01,-7.812231019223627726e-01,-7.813691669945880269e-01,-7.815443692954241461e-01,-7.817434818576882716e-01,-7.819549872866603524e-01,-7.821543136288432452e-01,-7.822906355579026805e-01,-7.822619559601158290e-01,-7.818695792800891553e-01,-7.807376280416465919e-01,-7.781755498715883235e-01,-7.729518644073274380e-01,-7.629379834515532810e-01,-7.445793775961067062e-01,-7.121781097588246734e-01,-6.570760029725606355e-01,-5.671260744075465876e-01,-4.275666697138316152e-01,-2.259407385121905421e-01,3.389876507877853662e-02,3.035294529247787310e-01,4.646472235325815880e-01,4.646472192189141648e-01,3.035294408175390757e-01,3.389874715874863220e-02,-2.259407602077825317e-01,-4.275666931603271381e-01,-5.671260974679241951e-01,-6.570760235173398467e-01,-7.121781259629802463e-01,-7.445793881813409509e-01,-7.629379879167561551e-01,-7.729518630339036189e-01,-7.781755437212540816e-01,-7.807376186824721565e-01,-7.818695684743734997e-01,-7.822619453390442512e-01,-7.822906263712391395e-01,-7.821543068335621296e-01,-7.819549835036794239e-01,-7.817434818445203604e-01,-7.815443730168416536e-01,-7.813691735223435852e-01,-7.812231096026159838e-01,-7.811084758033058906e-01,-7.810262441719305615e-01,-7.809768097210593174e-01,-7.809603187385902867e-01,-1.000000000000000000e+00,-1.000000000000000000e+00,-1.000000000000000000e+00,-1.000000000000000000e+00,-1.000000000000000000e+00,-1.000000000000000000e+00,-1.000000000000000000e+00,-1.000000000000000000e+00,-1.000000000000000000e+00,-1.000000000000000000e+00,-1.000000000000000000e+00,-1.000000000000000000e+00,-1.000000000000000000e+00,-1.000000000000000000e+00,-1.000000000000000000e+00,-1.000000000000000000e+00,-1.000000000000000000e+00,-1.000000000000000000e+00,-1.000000000000000000e+00,-1.000000000000000000e+00,-1.000000000000000000e+00,-1.000000000000000000e+00,-1.000000000000000000e+00,-1.000000000000000000e+00,-1.000000000000000000e+00,-1.000000000000000000e+00,-1.000000000000000000e+00,-1.000000000000000000e+00,-1.000000000000000000e+00,-1.000000000000000000e+00,-1.000000000000000000e+00,-1.000000000000000000e+00,-1.000000000000000000e+00,-1.000000000000000000e+00,-1.000000000000000000e+00,-1.000000000000000000e+00,-1.000000000000000000e+00,-1.000000000000000000e+00,-1.000000000000000000e+00,-1.000000000000000000e+00,-1.000000000000000000e+00,-1.000000000000000000e+00,-1.000000000000000000e+00,-1.000000000000000000e+00,-1.000000000000000000e+00,-1.000000000000000000e+00
-1.000000000000000000e+00,-1.000000000000000000e+00,-1.000000000000000000e+00,-1.000000000000000000e+00,-1.000000000000000000e+00,-1.000000000000000000e+00,-1.000000000000000000e+00,-1.000000000000000000e+00,-1.000000000000000000e+00,-1.000000000000000000e+00,-1.000000000000000000e+00,-1.000000000000000000e+00,-1.000000000000000000e+00,-1.000000000000000000e+00,-1.000000000000000000e+00,-1.000000000000000000e+00,-1.000000000000000000e+00,-1.000000000000000000e+00,-1.000000000000000000e+00,-1.000000000000000000e+00,-1.000000000000000000e+00,-1.000000000000000000e+00,-1.000000000000000000e+00,-1.000000000000000000e+00,-1.000000000000000000e+00,-1.000000000000000000e+00,-1.000000000000000000e+00,-1.000000000000000000e+00,-1.000000000000000000e+00,-1.000000000000000000e+00,-1.000000000000000000e+00,-1.000000000000000000e+00,-1.000000000000000000e+00,-1.000000000000000000e+00,-1.000000000000000000e+00,-1.000000000000000000e+00,-1.000000000000000000e+00,-1.000000000000000000e+00,-1.000000000000000000e+00,-1.000000000000000000e+00,-1.000000000000000000e+00,-1.000000000000000000e+00,-1.000000000000000000e+00,-1.000000000000000000e+00,-1.000000000000000000e+00,-1.000000000000000000e+00,-7.816421107371092081e-01,-7.816585591058999860e-01,-7.817078701434446719e-01,-7.817898959480060750e-01,-7.819042402036768813e-01,-7.820499295904950188e-01,-7.822246709116563723e-01,-7.824232382609751513e-01,-7.826341175600133315e-01,-7.828327445211866742e-01,-7.829683082308260822e-01,-7.829388382422552972e-01,-7.825456881154477795e-01,-7.814130715599973964e-01,-7.788506046228373947e-01,-7.736271134733433419e-01,-7.636145537225419444e-01,-7.452593261664435254e-01,-7.128650089164672021e-01,-6.577757347839934265e-01,-5.678477157970938105e-01,-4.283230301230481762e-01,-2.267474622406795426e-01,3.302766526692191285e-02,3.025924479464234818e-01,4.636706846479803357e-01,4.636706802712928788e-01,3.025924356842328855e-01,3.302764718169348690e-02,-2.267474840194634300e-01,-4.283230534930233535e-01,-5.678477386182032571e-01,-6.577757549921169344e-01,-7.128650248056429550e-01,-7.452593366534947528e-01,-7.636145585007609871e-01,-7.736271129936483915e-01,-7.788506000286108399e-01,-7.814130643273834442e-01,-7.825456798167527150e-01,-7.829388301688962049e-01,-7.829683012311700052e-01,-7.828327389248416202e-01,-7.826341136530338138e-01,-7.824232367351068307e-01,-7.822246721558014926e-01,-7.820499327611701856e-01,-7.819042437762819819e-01,-7.817899003092075860e-01,-7.817078753803254898e-01,-7.816585647431704142e-01,-7.816421149162513515e-01,-1.000000000000000000e+00,-1.000000000000000000e+00,-1.000000000000000000e+00,-1.000000000000000000e+00,-1.000000000000000000e+00,-1.000000000000000000e+00,-1.000000000000000000e+00,-1.000000000000000000e+00,-1.000000000000000000e+00,-1.000000000000000000e+00,-1.000000000000000000e+00,-1.000000000000000000e+00,-1.000000000000000000e+00,-1.000000000000000000e+00,-1.000000000000000000e+00,-1.000000000000000000e+00,-1.000000000000000000e+00,-1.000000000000000000e+00,-1.000000000000000000e+00,-1.000000000000000000e+00,-1.000000000000000000e+00,-1.000000000000000000e+00,-1.000000000000000000e+00,-1.000000000000000000e+00,-1.000000000000000000e+00,-1.000000000000000000e+00,-1.000000000000000000e+00,-1.000000000000000000e+00,-1.000000000000000000e+00,-1.000000000000000000e+00,-1.000000000000000000e+00,-1.000000000000000000e+00,-1.000000000000000000e+00,-1.000000000000000000e+00,-1.000000000000000000e+00,-1.000000000000000000e+00,-1.000000000000000000e+00,-1.000000000000000000e+00,-1.000000000000000000e+00,-1.000000000000000000e+00,-1.000000000000000000e+00,-1.000000000000000000e+00,-1.000000000000000000e+00,-1.000000000000000000e+00,-1.000000000000000000e+00,-1.000000000000000000e+00
-1.000000000000000000e+00,-1.000000000000000000e+00,-1.000000000000000000e+00,-1.000000000000000000e+00,-1.000000000000000000e+00,-1.000000000000000000e+00,-1.000000000000000000e+00,-1.000000000000000000e+00,-1.000000000000000000e+00,-1.000000000000000000e+00,-1.000000000000000000e+00,-1.000000000000000000e+00,-1.000000000000000000e+00,-1.000000000000000000e+00,-1.000000000000000000e+00,-1.000000000000000000e+00,-1.000000000000000000e+00,-1.000000000000000000e+00,-1.000000000000000000e+00,-1.000000000000000000e+00,-1.000000000000000000e+00,-1.000000000000000000e+00,-1.000000000000000000e+00,-1.000000000000000000e+00,-1.000000000000000000e+00,-1.000000000000000000e+00,-1.000000000000000000e+00,-1.000000000000000000e+00,-1.000000000000000000e+00,-1.000000000000000000e+00,-1.000000000000000000e+00,-1.000000000000000000e+00,-1.000000000000000000e+00,-1.000000000000000000e+00,-1.000000000000000000e+00,-1.000000000000000000e+00,-1.000000000000000000e+00,-1.000000000000000000e+00,-1.000000000000000000e+00,-1.000000000000000000e+00,-1.000000000000000000e+00,-1.000000000000000000e+00,-1.000000000000000000e+00,-1.000000000000000000e+00,-1.000000000000000000e+00,-1.000000000000000000e+00,-7.823436822001782476e-01,-7.823601028465357876e-01,-7.824093295055274400e-01,-7.824912112134347897e-01,-7.826053467290297050e-01,-7.827507578469908855e-01,-7.829251461911129750e-01,-7.831232816360483850e-01,-7.833336482907798937e-01,-7.835316849458158206e-01,-7.836665914513463171e-01,-7.836364217370379581e-01,-7.832425781868881387e-01,-7.821093682609732145e-01,-7.795465831916887911e-01,-7.743233688326367492e-01,-7.643122474806499644e-01,-7.459605874198804720e-01,-7.135735393574909047e-01,-6.584976285216190828e-01,-5.685923696448745845e-01,-4.291036910216398104e-01,-2.275802888779528965e-01,3.212822482461774598e-02,3.016248598657285118e-01,4.626622230847325934e-01,4.626622191210569834e-01,3.016248487498602859e-01,3.212820844950448063e-02,-2.275803085607188692e-01,-4.291037121307016422e-01,-5.685923902841419908e-01,-6.584976469063990034e-01,-7.135735540607179850e-01,-7.459605976268345318e-01,-7.643122530205385123e-01,-7.743233701960338111e-01,-7.795465813716228043e-01,-7.821093644243806153e-01,-7.832425735049114435e-01,-7.836364170294373155e-01,-7.836665870976359249e-01,-7.835316806831741365e-01,-7.833336441920966120e-01,-7.831232784550956616e-01,-7.829251448165521765e-01,-7.827507575846426313e-01,-7.826053462776034753e-01,-7.824912115046888106e-01,-7.824093315136265714e-01,-7.823601061565275128e-01,-7.823436843767197502e-01,-1.000000000000000000e+00,-1.000000000000000000e+00,-1.000000000000000000e+00,-1.000000000000000000e+00,-1.000000000000000000e+00,-1.000000000000000000e+00,-1.000000000000000000e+00,-1.000000000000000000e+00,-1.000000000000000000e+00,-1.000000000000000000e+00,-1.000000000000000000e+00,-1.000000000000000000e+00,-1.000000000000000000e+00,-1.000000000000000000e+00,-1.000000000000000000e+00,-1.000000000000000000e+00,-1.000000000000000000e+00,-1.000000000000000000e+00,-1.000000000000000000e+00,-1.000000000000000000e+00,-1.000000000000000000e+00,-1.000000000000000000e+00,-1.000000000000000000e+00,-1.000000000000000000e+00,-1.000000000000000000e+00,-1.000000000000000000e+00,-1.000000000000000000e+00,-1.000000000000000000e+00,-1.000000000000000000e+00,-1.000000000000000000e+00,-1.000000000000000000e+00,-1.000000000000000000e+00,-1.000000000000000000e+00,-1.000000000000000000e+00,-1.000000000000000000e+00,-1.000000000000000000e+00,-1.000000000000000000e+00,-1.000000000000000000e+00,-1.000000000000000000e+00,-1.000000000000000000e+00,-1.000000000000000000e+00,-1.000000000000000000e+00,-1.000000000000000000e+00,-1.000000000000000000e+00,-1.000000000000000000e+00,-1.000000000000000000e+00
-1.000000000000000000e+00,-1.000000000000000000e+00,-1.000000000000000000e+00,-1.000000000000000000e+00,-1.000000000000000000e+00,-1.000000000000000000e+00,-1.000000000000000000e+00,-1.000000000000000000e+00,-1.000000000000000000e+00,-1.000000000000000000e+00,-1.000000000000000000e+00,-1.000000000000000000e+00,-1.000000000000000000e+00,-1.000000000000000000e+00,-1.000000000000000000e+00,-1.000000000000000000e+00,-1.000000000000000000e+00,-1.000000000000000000e+00,-1.000000000000000000e+00,-1.000000000000000000e+00,-1.000000000000000000e+00,-1.000000000000000000e+00,-1.000000000000000000e+00,-1.000000000000000000e+00,-1.000000000000000000e+00,-1.000000000000000000e+00,-1.000000000000000000e+00,-1.000000000000000000e+00,-1.000000000000000000e+00,-1.000000000000000000e+00,-1.000000000000000000e+00,-1.000000000000000000e+00,-1.000000000000000000e+00,-1.000000000000000000e+00,-1.000000000000000000e+00,-1.000000000000000000e+00,-1.000000000000000000e+00,-1.000000000000000000e+00,-1.000000000000000000e+00,-1.000000000000000000e+00,-1.000000000000000000e+00,-1.000000000000000000e+00,-1.000000000000000000e+00,-1.000000000000000000e+00,-1.000000000000000000e+00,-1.000000000000000000e+00,-7.830632159282674420e-01,-7.830796330244159664e-01,-7.831288464905056257e-01,-7.832106986874294297e-01,-7.833247778295425734e-01,-7.834700935560940938e-01,-7.836443338397969249e-01,-7.838422553810198146e-01,-7.840523317195308151e-01,-7.842499966963484281e-01,-7.843844542263580522e-01,-7.843537777773452735e-01,-7.839594163304718366e-01,-7.828257723453087014e-01,-7.802628183140268847e-01,-7.750400328076381129e-01,-7.650305280540936614e-01,-7.466826778414659138e-01,-7.143032637943089735e-01,-6.592412869764920913e-01,-5.693596728698767651e-01,-4.299083167853574583e-01,-2.284389019644472718e-01,3.120075098227181876e-02,3.006269955131903870e-01,4.616221467441745663e-01,4.616221435495180270e-01,3.006269865393400575e-01,3.120073774287601687e-02,-2.284389179313366380e-01,-4.299083340369125317e-01,-5.693596899392626698e-01,-6.592413025260517312e-01,-7.143032767835915120e-01,-7.466826877107364258e-01,-7.650305347072137163e-01,-7.750400366496974502e-01,-7.802628200143949533e-01,-7.828257726124226989e-01,-7.839594158041753857e-01,-7.843537767609926048e-01,-7.843844526382626192e-01,-7.842499938083797861e-01,-7.840523275236712664e-01,-7.838422507910635106e-01,-7.836443302411124634e-01,-7.834700904197686722e-01,-7.833247740629777356e-01,-7.832106956530091590e-01,-7.831288459245564493e-01,-7.830796345533580505e-01,-7.830632166156820118e-01,-1.000000000000000000e+00,-1.000000000000000000e+00,-1.000000000000000000e+00,-1.000000000000000000e+00,-1.000000000000000000e+00,-1.000000000000000000e+00,-1.000000000000000000e+00,-1.000000000000000000e+00,-1.000000000000000000e+00,-1.000000000000000000e+00,-1.000000000000000000e+00,-1.000000000000000000e+00,-1.000000000000000000e+00,-1.000000000000000000e+00,-1.000000000000000000e+00,-1.000000000000000000e+00,-1.000000000000000000e+00,-1.000000000000000000e+00,-1.000000000000000000e+00,-1.000000000000000000e+00,-1.000000000000000000e+00,-1.000000000000000000e+00,-1.000000000000000000e+00,-1.000000000000000000e+00,-1.000000000000000000e+00,-1.000000000000000000e+00,-1.000000000000000000e+00,-1.000000000000000000e+00,-1.000000000000000000e+00,-1.000000000000000000e+00,-1.000000000000000000e+00,-1.000000000000000000e+00,-1.000000000000000000e+00,-1.000000000000000000e+00,-1.000000000000000000e+00,-1.000000000000000000e+00,-1.000000000000000000e+00,-1.000000000000000000e+00,-1.000000000000000000e+00,-1.000000000000000000e+00,-1.000000000000000000e+00,-1.000000000000000000e+00,-1.000000000000000000e+00,-1.000000000000000000e+00,-1.000000000000000000e+00,-1.000000000000000000e+00
-1.000000000000000000e+00,-1.000000000000000000e+00,-1.000000000000000000e+00,-1.000000000000000000e+00,-1.000000000000000000e+00,-1.000000000000000000e+00,-1.000000000000000000e+00,-1.000000000000000000e+00,-1.000000000000000000e+00,-1.000000000000000000e+00,-1.000000000000000000e+00,-1.000000000000000000e+00,-1.000000000000000000e+00,-1.000000000000000000e+00,-1.000000000000000000e+00,-1.000000000000000000e+00,-1.000000000000000000e+00,-1.000000000000000000e+00,-1.000000000000000000e+00,-1.000000000000000000e+00,-1.000000000000000000e+00,-1.000000000000000000e+00,-1.000000000000000000e+00,-1.000000000000000000e+00,-1.000000000000000000e+00,-1.000000000000000000e+00,-1.000000000000000000e+00,-1.000000000000000000e+00,-1.000000000000000000e+00,-1.000000000000000000e+00,-1.000000000000000000e+00,-1.000000000000000000e+00,-1.000000000000000000e+00,-1.000000000000000000e+00,-1.000000000000000000e+00,-1.000000000000000000e+00,-1.000000000000000000e+00,-1.000000000000000000e+00,-1.000000000000000000e+00,-1.000000000000000000e+00,-1.000000000000000000e+00,-1.000000000000000000e+00,-1.000000000000000000e+00,-1.000000000000000000e+00,-1.000000000000000000e+00,-1.000000000000000000e+00,-7.837980209769208617e-01,-7.838144760004855938e-01,-7.838637986209242570e-01,-7.839458185836207793e-01,-7.840601043349874066e-01,-7.842056413248031932e-01,-7.843800899758770484e-01,-7.845781790602379679e-01,-7.847883570741465142e-01,-7.849860395107641775e-01,-7.851204229092100251e-01,-7.850895915095481570e-01,-7.846950356761031031e-01,-7.835612520806503056e-01,-7.809983994479405833e-01,-7.757763018537329192e-01,-7.657686851772737002e-01,-7.474249677021320704e-01,-7.150536215074774216e-01,-6.600062080498380057e-01,-5.701491722074268909e-01,-4.307364927719720127e-01,-2.293229138222570018e-01,3.024561743426712468e-02,2.995992258459527768e-01,4.605508267245750353e-01,4.605508245068994366e-01,2.995992196087926551e-01,3.024560816311372413e-02,-2.293229251538770885e-01,-4.307365052732455846e-01,-5.701491849763797859e-01,-6.600062202775235365e-01,-7.150536325604333054e-01,-7.474249772273953152e-01,-7.657686931116221007e-01,-7.757763084007339716e-01,-7.809984048502197629e-01,-7.835612565274119312e-01,-7.846950392550713360e-01,-7.850895940516398053e-01,-7.851204239455226164e-01,-7.849860380316342479e-01,-7.847883530978289057e-01,-7.845781737073770357e-01,-7.843800850516750023e-01,-7.842056364337885999e-01,-7.840600984754270142e-01,-7.839458133548826702e-01,-7.838637963230963290e-01,-7.838144763283059202e-01,-7.837980206559922447e-01,-1.000000000000000000e+00,-1.000000000000000000e+00,-1.000000000000000000e+00,-1.000000000000000000e+00,-1.000000000000000000e+00,-1.000000000000000000e+00,-1.000000000000000000e+00,-1.000000000000000000e+00,-1.000000000000000000e+00,-1.000000000000000000e+00,-1.000000000000000000e+00,-1.000000000000000000e+00,-1.000000000000000000e+00,-1.000000000000000000e+00,-1.000000000000000000e+00,-1.000000000000000000e+00,-1.000000000000000000e+00,-1.000000000000000000e+00,-1.000000000000000000e+00,-1.000000000000000000e+00,-1.000000000000000000e+00,-1.000000000000000000e+00,-1.000000000000000000e+00,-1.000000000000000000e+00,-1.000000000000000000e+00,-1.000000000000000000e+00,-1.000000000000000000e+00,-1.000000000000000000e+00,-1.000000000000000000e+00,-1.000000000000000000e+00,-1.000000000000000000e+00,-1.000000000000000000e+00,-1.000000000000000000e+00,-1.000000000000000000e+00,-1.000000000000000000e+00,-1.000000000000000000e+00,-1.000000000000000000e+00,-1.000000000000000000e+00,-1.000000000000000000e+00,-1.000000000000000000e+00,-1.000000000000000000e+00,-1.000000000000000000e+00,-1.000000000000000000e+00,-1.000000000000000000e+00,-1.000000000000000000e+00,-1.000000000000000000e+00
-1.000000000000000000e+00,-1.000000000000000000e+00,-1.000000000000000000e+00,-1.000000000000000000e+00,-1.000000000000000000e+00,-1.000000000000000000e+00,-1.000000000000000000e+00,-1.000000000000000000e+00,-1.000000000000000000e+00,-1.000000000000000000e+00,-1.000000000000000000e+00,-1.000000000000000000e+00,-1.000000000000000000e+00,-1.000000000000000000e+00,-1.000000000000000000e+00,-1.000000000000000000e+00,-1.000000000000000000e+00,-1.000000000000000000e+00,-1.000000000000000000e+00,-1.000000000000000000e+00,-1.000000000000000000e+00,-1.000000000000000000e+00,-1.000000000000000000e+00,-1.000000000000000000e+00,-1.000000000000000000e+00,-1.000000000000000000e+00,-1.000000000000000000e+00,-1.000000000000000000e+00,-1.000000000000000000e+00,-1.000000000000000000e+00,-1.000000000000000000e+00,-1.000000000000000000e+00,-1.000000000000000000e+00,-1.000000000000000000e+00,-1.000000000000000000e+00,-1.000000000000000000e+00,-1.000000000000000000e+00,-1.000000000000000000e+00,-1.000000000000000000e+00,-1.000000000000000000e+00,-1.000000000000000000e+00,-1.000000000000000000e+00,-1.000000000000000000e+00,-1.000000000000000000e+00,-1.000000000000000000e+00,-1.000000000000000000e+00,-7.845441072679107952e-01,-7.845606686631387827e-01,-7.846103024567224749e-01,-7.846928161379174149e-01,-7.848077433748223974e-01,-7.849540258585688823e-01,-7.851292739804840437e-01,-7.853281647344195759e-01,-7.855390981381625837e-01,-7.857374495909128509e-01,-7.858723894980682578e-01,-7.858419981114204145e-01,-7.854477974391005368e-01,-7.843143745338652106e-01,-7.817520776904252067e-01,-7.765310888939741529e-01,-7.665257720611535763e-01,-7.481866303979902710e-01,-7.158238877800291444e-01,-6.607917523254009939e-01,-5.709602981169299429e-01,-4.315877040346781657e-01,-2.302318478188124518e-01,2.926327968505826327e-02,2.985419998975844535e-01,4.594487106055114012e-01,4.594487094256716198e-01,2.985419965573408163e-01,2.926327458820332517e-02,-2.302318543116244065e-01,-4.315877116202865293e-01,-5.709603065005584011e-01,-6.607917612084166503e-01,-7.158238969081291980e-01,-7.481866395810572445e-01,-7.665257812144513627e-01,-7.765310979316311091e-01,-7.817520864179671181e-01,-7.843143826572560595e-01,-7.854478045705712841e-01,-7.858420037191841123e-01,-7.858723928520781055e-01,-7.857374496049746027e-01,-7.855390949202369910e-01,-7.853281595955828864e-01,-7.851292690059540336e-01,-7.849540207124561242e-01,-7.848077369580385154e-01,-7.846928100518474336e-01,-7.846102993281196536e-01,-7.845606683228522060e-01,-7.845441063296975104e-01,-1.000000000000000000e+00,-1.000000000000000000e+00,-1.000000000000000000e+00,-1.000000000000000000e+00,-1.000000000000000000e+00,-1.000000000000000000e+00,-1.000000000000000000e+00,-1.000000000000000000e+00,-1.000000000000000000e+00,-1.000000000000000000e+00,-1.000000000000000000e+00,-1.000000000000000000e+00,-1.000000000000000000e+00,-1.000000000000000000e+00,-1.000000000000000000e+00,-1.000000000000000000e+00,-1.000000000000000000e+00,-1.000000000000000000e+00,-1.000000000000000000e+00,-1.000000000000000000e+00,-1.000000000000000000e+00,-1.000000000000000000e+00,-1.000000000000000000e+00,-1.000000000000000000e+00,-1.000000000000000000e+00,-1.000000000000000000e+00,-1.000000000000000000e+00,-1.000000000000000000e+00,-1.000000000000000000e+00,-1.000000000000000000e+00,-1.000000000000000000e+00,-1.000000000000000000e+00,-1.000000000000000000e+00,-1.000000000000000000e+00,-1.000000000000000000e+00,-1.000000000000000000e+00,-1.000000000000000000e+00,-1.000000000000000000e+00,-1.000000000000000000e+00,-1.000000000000000000e+00,-1.000000000000000000e+00,-1.000000000000000000e+00,-1.000000000000000000e+00,-1.000000000000000000e+00,-1.000000000000000000e+00,-1.000000000000000000e+00
-1.000000000000000000e+00,-1.000000000000000000e+00,-1.000000000000000000e+00,-1.000000000000000000e+00,-1.000000000000000000e+00,-1.000000000000000000e+00,-1.000000000000000000e+00,-1.000000000000000000e+00,-1.000000000000000000e+00,-1.000000000000000000e+00,-1.000000000000000000e+00,-1.000000000000000000e+00,-1.000000000000000000e+00,-1.000000000000000000e+00,-1.000000000000000000e+00,-1.000000000000000000e+00,-1.000000000000000000e+00,-1.000000000000000000e+00,-1.000000000000000000e+00,-1.000000000000000000e+00,-1.000000000000000000e+00,-1.000000000000000000e+00,-1.000000000000000000e+00,-1.000000000000000000e+00,-1.000000000000000000e+00,-1.000000000000000000e+00,-1.000000000000000000e+00,-1.000000000000000000e+00,-1.000000000000000000e+00,-1.000000000000000000e+00,-1.000000000000000000e+00,-1.000000000000000000e+00,-1.000000000000000000e+00,-1.000000000000000000e+00,-1.000000000000000000e+00,-1.000000000000000000e+00,-1.000000000000000000e+00,-1.000000000000000000e+00,-1.000000000000000000e+00,-1.000000000000000000e+00,-1.000000000000000000e+00,-1.000000000000000000e+00,-1.000000000000000000e+00,-1.000000000000000000e+00,-1.000000000000000000e+00,-1.000000000000000000e+00,-7.852955689436120768e-01,-7.853123469552594216e-01,-7.853626173492872509e-01,-7.854461498319096346e-01,-7.855624190444943089e-01,-7.857102914443564456e-01,-7.858872913580866593e-01,-7.860880059000950881e-01,-7.863007491924789427e-01,-7.865008218764508729e-01,-7.866373382475625453e-01,-7.866083507292518373e-01,-7.862153964628755265e-01,-7.850831445895426475e-01,-7.825221340091340627e-01,-7.773029165952226593e-01,-7.673005197636568742e-01,-7.489665742385378522e-01,-7.166131198109503275e-01,-6.615971002894809327e-01,-5.717923308644061731e-01,-4.324613080820211009e-01,-2.311651159680213619e-01,2.825429412376179172e-02,2.974558618710017033e-01,4.583163386273452211e-01,4.583163384111008654e-01,2.974558611917075268e-01,2.825429284810865305e-02,-2.311651180545821749e-01,-4.324613112235505819e-01,-5.717923353041557410e-01,-6.615971061677965448e-01,-7.166131271922858703e-01,-7.489665830419174331e-01,-7.673005298236363902e-01,-7.773029275225649126e-01,-7.825221452428642310e-01,-7.850831554561601422e-01,-7.862154062429513868e-01,-7.866083586818198858e-01,-7.866373435403262171e-01,-7.865008235374625345e-01,-7.863007474329689606e-01,-7.860880021412567364e-01,-7.858872877816649449e-01,-7.857102876741246522e-01,-7.855624136718929451e-01,-7.854461442259184079e-01,-7.853626142241534325e-01,-7.853123463745220745e-01,-7.852955676624642223e-01,-1.000000000000000000e+00,-1.000000000000000000e+00,-1.000000000000000000e+00,-1.000000000000000000e+00,-1.000000000000000000e+00,-1.000000000000000000e+00,-1.000000000000000000e+00,-1.000000000000000000e+00,-1.000000000000000000e+00,-1.000000000000000000e+00,-1.000000000000000000e+00,-1.000000000000000000e+00,-1.000000000000000000e+00,-1.000000000000000000e+00,-1.000000000000000000e+00,-1.000000000000000000e+00,-1.000000000000000000e+00,-1.000000000000000000e+00,-1.000000000000000000e+00,-1.000000000000000000e+00,-1.000000000000000000e+00,-1.000000000000000000e+00,-1.000000000000000000e+00,-1.000000000000000000e+00,-1.000000000000000000e+00,-1.000000000000000000e+00,-1.000000000000000000e+00,-1.000000000000000000e+00,-1.000000000000000000e+00,-1.000000000000000000e+00,-1.000000000000000000e+00,-1.000000000000000000e+00,-1.000000000000000000e+00,-1.000000000000000000e+00,-1.000000000000000000e+00,-1.000000000000000000e+00,-1.000000000000000000e+00,-1.000000000000000000e+00,-1.000000000000000000e+00,-1.000000000000000000e+00,-1.000000000000000000e+00,-1.000000000000000000e+00,-1.000000000000000000e+00,-1.000000000000000000e+00,-1.000000000000000000e+00,-1.000000000000000000e+00
-1.000000000000000000e+00,-1.000000000000000000e+00,-1.000000000000000000e+00,-1.000000000000000000e+00,-1.000000000000000000e+00,-1.000000000000000000e+00,-1.000000000000000000e+00,-1.000000000000000000e+00,-1.000000000000000000e+00,-1.000000000000000000e+00,-1.000000000000000000e+00,-1.000000000000000000e+00,-1.000000000000000000e+00,-1.000000000000000000e+00,-1.000000000000000000e+00,-1.000000000000000000e+00,-1.000000000000000000e+00,-1.000000000000000000e+00,-1.000000000000000000e+00,-1.000000000000000000e+00,-1.000000000000000000e+00,-1.000000000000000000e+00,-1.000000000000000000e+00,-1.000000000000000000e+00,-1.000000000000000000e+00,-1.000000000000000000e+00,-1.000000000000000000e+00,-1.000000000000000000e+00,-1.000000000000000000e+00,-1.000000000000000000e+00,-1.000000000000000000e+00,-1.000000000000000000e+00,-1.000000000000000000e+00,-1.000000000000000000e+00,-1.000000000000000000e+00,-1.000000000000000000e+00,-1.000000000000000000e+00,-1.000000000000000000e+00,-1.000000000000000000e+00,-1.000000000000000000e+00,-1.000000000000000000e+00,-1.000000000000000000e+00,-1.000000000000000000e+00,-1.000000000000000000e+00,-1.000000000000000000e+00,-1.000000000000000000e+00,-7.860436762984193138e-01,-7.860608457467116450e-01,-7.861122686856306663e-01,-7.861976521371752957e-01,-7.863163727500168676e-01,-7.864671714560172999e-01,-7.866474291142432351e-01,-7.868515825367919936e-01,-7.870678007678073573e-01,-7.872712551027785111e-01,-7.874109566387782477e-01,-7.873848924719109021e-01,-7.869945883658227004e-01,-7.858647808506831201e-01,-7.833061973528265831e-01,-7.780897713271297533e-01,-7.680912210832200326e-01,-7.497633509297461085e-01,-7.174200850085672432e-01,-6.624211962720250035e-01,-5.726443566226222526e-01,-4.333565001802404115e-01,-2.321219908692438993e-01,2.721934156835725815e-02,2.963414719270507369e-01,4.571543632118957312e-01,4.571543637723052278e-01,2.963414733732214756e-01,2.721934333933950789e-02,-2.321219894552872809e-01,-4.333564997993843981e-01,-5.726443579186077937e-01,-6.624211997250032402e-01,-7.174200909008463523e-01,-7.497633592374346456e-01,-7.680912315344529118e-01,-7.780897832853800322e-01,-7.833062100038655773e-01,-7.858647932919882173e-01,-7.869945997284046868e-01,-7.873849019714561637e-01,-7.874109634983381678e-01,-7.872712586123564726e-01,-7.870678012131324675e-01,-7.868515813206683474e-01,-7.866474283156275060e-01,-7.864671705543435642e-01,-7.863163698380021271e-01,-7.861976481541608219e-01,-7.861122662312131082e-01,-7.860608452241460986e-01,-7.860436748417375386e-01,-1.000000000000000000e+00,-1.000000000000000000e+00,-1.000000000000000000e+00,-1.000000000000000000e+00,-1.000000000000000000e+00,-1.000000000000000000e+00,-1.000000000000000000e+00,-1.000000000000000000e+00,-1.000000000000000000e+00,-1.000000000000000000e+00,-1.000000000000000000e+00,-1.000000000000000000e+00,-1.000000000000000000e+00,-1.000000000000000000e+00,-1.000000000000000000e+00,-1.000000000000000000e+00,-1.000000000000000000e+00,-1.000000000000000000e+00,-1.000000000000000000e+00,-1.000000000000000000e+00,-1.000000000000000000e+00,-1.000000000000000000e+00,-1.000000000000000000e+00,-1.000000000000000000e+00,-1.000000000000000000e+00,-1.000000000000000000e+00,-1.000000000000000000e+00,-1.000000000000000000e+00,-1.000000000000000000e+00,-1.000000000000000000e+00,-1.000000000000000000e+00,-1.000000000000000000e+00,-1.000000000000000000e+00,-1.000000000000000000e+00,-1.000000000000000000e+00,-1.000000000000000000e+00,-1.000000000000000000e+00,-1.000000000000000000e+00,-1.000000000000000000e+00,-1.000000000000000000e+00,-1.000000000000000000e+00,-1.000000000000000000e+00,-1.000000000000000000e+00,-1.000000000000000000e+00,-1.000000000000000000e+00,-1.000000000000000000e+00
-1.000000000000000000e+00,-1.000000000000000000e+00,-1.000000000000000000e+00,-1.000000000000000000e+00,-1.000000000000000000e+00,-1.000000000000000000e+00,-1.000000000000000000e+00,-1.000000000000000000e+00,-1.000000000000000000e+00,-1.000000000000000000e+00,-1.000000000000000000e+00,-1.000000000000000000e+00,-1.000000000000000000e+00,-1.000000000000000000e+00,-1.000000000000000000e+00,-1.000000000000000000e+00,-1.000000000000000000e+00,-1.000000000000000000e+00,-1.000000000000000000e+00,-1.000000000000000000e+00,-1.000000000000000000e+00,-1.000000000000000000e+00,-1.000000000000000000e+00,-1.000000000000000000e+00,-1.000000000000000000e+00,-1.000000000000000000e+00,-1.000000000000000000e+00,-1.000000000000000000e+00,-1.000000000000000000e+00,-1.000000000000000000e+00,-1.000000000000000000e+00,-1.000000000000000000e+00,-1.000000000000000000e+00,-1.000000000000000000e+00,-1.000000000000000000e+00,-1.000000000000000000e+00,-1.000000000000000000e+00,-1.000000000000000000e+00,-1.000000000000000000e+00,-1.000000000000000000e+00,-1.000000000000000000e+00,-1.000000000000000000e+00,-1.000000000000000000e+00,-1.000000000000000000e+00,-1.000000000000000000e+00,-1.000000000000000000e+00,-7.867755387181684101e-01,-7.867933739778464330e-01,-7.868467589323656641e-01,-7.869352980750561333e-01,-7.870582076700778362e-01,-7.872140230481249334e-01,-7.873998905117228775e-01,-7.876100011895385000e-01,-7.878322860398236926e-01,-7.880417017772052279e-01,-7.881870832210829958e-01,-7.881662942150253759e-01,-7.877808080198562823e-01,-7.866554048596203774e-01,-7.841009946445042234e-01,-7.788889043486161290e-01,-7.688955740733427469e-01,-7.505750335098692050e-01,-7.182431664744310940e-01,-6.632626755508914673e-01,-5.735152111797410246e-01,-4.342722695374048314e-01,-2.331015709156138982e-01,2.615925594524903808e-02,2.951996311267250928e-01,4.559635721511048345e-01,4.559635732294244903e-01,2.951996339915305967e-01,2.615925974729593761e-02,-2.331015671632871156e-01,-4.342722667834705286e-01,-5.735152103075117358e-01,-6.632626772502857593e-01,-7.182431711326635604e-01,-7.505750411300137204e-01,-7.688955842863864909e-01,-7.788889163687382489e-01,-7.841010075460843609e-01,-7.866554176880919957e-01,-7.877808199324763949e-01,-7.881663045268053613e-01,-7.881870913389271704e-01,-7.880417073384093918e-01,-7.878322893438277630e-01,-7.876100034701466468e-01,-7.873998935640101893e-01,-7.872140261265107020e-01,-7.870582082416308634e-01,-7.869352965163614044e-01,-7.868467575909072753e-01,-7.867933736898545805e-01,-7.867755371783626828e-01,-1.000000000000000000e+00,-1.000000000000000000e+00,-1.000000000000000000e+00,-1.000000000000000000e+00,-1.000000000000000000e+00,-1.000000000000000000e+00,-1.000000000000000000e+00,-1.000000000000000000e+00,-1.000000000000000000e+00,-1.000000000000000000e+00,-1.000000000000000000e+00,-1.000000000000000000e+00,-1.000000000000000000e+00,-1.000000000000000000e+00,-1.000000000000000000e+00,-1.000000000000000000e+00,-1.000000000000000000e+00,-1.000000000000000000e+00,-1.000000000000000000e+00,-1.000000000000000000e+00,-1.000000000000000000e+00,-1.000000000000000000e+00,-1.000000000000000000e+00,-1.000000000000000000e+00,-1.000000000000000000e+00,-1.000000000000000000e+00,-1.000000000000000000e+00,-1.000000000000000000e+00,-1.000000000000000000e+00,-1.000000000000000000e+00,-1.000000000000000000e+00,-1.000000000000000000e+00,-1.000000000000000000e+00,-1.000000000000000000e+00,-1.000000000000000000e+00,-1.000000000000000000e+00,-1.000000000000000000e+00,-1.000000000000000000e+00,-1.000000000000000000e+00,-1.000000000000000000e+00,-1.000000000000000000e+00,-1.000000000000000000e+00,-1.000000000000000000e+00,-1.000000000000000000e+00,-1.000000000000000000e+00,-1.000000000000000000e+00
-1.000000000000000000e+00,-1.000000000000000000e+00,-1.000000000000000000e+00,-1.000000000000000000e+00,-1.000000000000000000e+00,-1.000000000000000000e+00,-1.000000000000000000e+00,-1.000000000000000000e+00,-1.000000000000000000e+00,-1.000000000000000000e+00,-1.000000000000000000e+00,-1.000000000000000000e+00,-1.000000000000000000e+00,-1.000000000000000000e+00,-1.000000000000000000e+00,-1.000000000000000000e+00,-1.000000000000000000e+00,-1.000000000000000000e+00,-1.000000000000000000e+00,-1.000000000000000000e+00,-1.000000000000000000e+00,-1.000000000000000000e+00,-1.000000000000000000e+00,-1.000000000000000000e+00,-1.000000000000000000e+00,-1.000000000000000000e+00,-1.000000000000000000e+00,-1.000000000000000000e+00,-1.000000000000000000e+00,-1.000000000000000000e+00,-1.000000000000000000e+00,-1.000000000000000000e+00,-1.000000000000000000e+00,-1.000000000000000000e+00,-1.000000000000000000e+00,-1.000000000000000000e+00,-1.000000000000000000e+00,-1.000000000000000000e+00,-1.000000000000000000e+00,-1.000000000000000000e+00,-1.000000000000000000e+00,-1.000000000000000000e+00,-1.000000000000000000e+00,-1.000000000000000000e+00,-1.000000000000000000e+00,-1.000000000000000000e+00,-7.874721365140272544e-01,-7.874910652839419711e-01,-7.875476734752091534e-01,-7.876413993563574634e-01,-7.877711991200795349e-01,-7.879352752025765572e-01,-7.881303951332483404e-01,-7.883503542308933909e-01,-7.885826998517082576e-01,-7.888020418473787876e-01,-7.889569263518025899e-01,-7.889450056845188630e-01,-7.885676383599998784e-01,-7.874496122444558655e-01,-7.849020090360301349e-01,-7.796965627937407772e-01,-7.697104726433721122e-01,-7.513990549417529641e-01,-7.190802395963566962e-01,-6.641197705411865382e-01,-5.744034086983667020e-01,-4.352073448456875715e-01,-2.341027379210529613e-01,2.507505846309787678e-02,2.940313106060523651e-01,4.547449154099125757e-01,4.547449167291253147e-01,2.940313141438737343e-01,2.507506323221253552e-02,-2.341027330276161944e-01,-4.352073408813076361e-01,-5.744034066236783920e-01,-6.641197711128270509e-01,-7.190802432204234096e-01,-7.513990616319594640e-01,-7.697104819684644772e-01,-7.796965739474599477e-01,-7.849020211341989350e-01,-7.874496244427192648e-01,-7.885676499771496761e-01,-7.889450162365568842e-01,-7.889569355097583170e-01,-7.888020496070935472e-01,-7.885827064452847202e-01,-7.883503605803604541e-01,-7.881304026160487197e-01,-7.879352828157577537e-01,-7.877712036723256706e-01,-7.876414006063391371e-01,-7.875476734545837632e-01,-7.874910653167613850e-01,-7.874721349564078876e-01,-1.000000000000000000e+00,-1.000000000000000000e+00,-1.000000000000000000e+00,-1.000000000000000000e+00,-1.000000000000000000e+00,-1.000000000000000000e+00,-1.000000000000000000e+00,-1.000000000000000000e+00,-1.000000000000000000e+00,-1.000000000000000000e+00,-1.000000000000000000e+00,-1.000000000000000000e+00,-1.000000000000000000e+00,-1.000000000000000000e+00,-1.000000000000000000e+00,-1.000000000000000000e+00,-1.000000000000000000e+00,-1.000000000000000000e+00,-1.000000000000000000e+00,-1.000000000000000000e+00,-1.000000000000000000e+00,-1.000000000000000000e+00,-1.000000000000000000e+00,-1.000000000000000000e+00,-1.000000000000000000e+00,-1.000000000000000000e+00,-1.000000000000000000e+00,-1.000000000000000000e+00,-1.000000000000000000e+00,-1.000000000000000000e+00,-1.000000000000000000e+00,-1.000000000000000000e+00,-1.000000000000000000e+00,-1.000000000000000000e+00,-1.000000000000000000e+00,-1.000000000000000000e+00,-1.000000000000000000e+00,-1.000000000000000000e+00,-1.000000000000000000e+00,-1.000000000000000000e+00,-1.000000000000000000e+00,-1.000000000000000000e+00,-1.000000000000000000e+00,-1.000000000000000000e+00,-1.000000000000000000e+00,-1.000000000000000000e+00
-1.000000000000000000e+00,-1.000000000000000000e+00,-1.000000000000000000e+00,-1.000000000000000000e+00,-1.000000000000000000e+00,-1.000000000000000000e+00,-1.000000000000000000e+00,-1.000000000000000000e+00,-1.000000000000000000e+00,-1.000000000000000000e+00,-1.000000000000000000e+00,-1.000000000000000000e+00,-1.000000000000000000e+00,-1.000000000000000000e+00,-1.000000000000000000e+00,-1.000000000000000000e+00,-1.000000000000000000e+00,-1.000000000000000000e+00,-1.000000000000000000e+00,-1.000000000000000000e+00,-1.000000000000000000e+00,-1.000000000000000000e+00,-1.000000000000000000e+00,-1.000000000000000000e+00,-1.000000000000000000e+00,-1.000000000000000000e+00,-1.000000000000000000e+00,-1.000000000000000000e+00,-1.000000000000000000e+00,-1.000000000000000000e+00,-1.000000000000000000e+00,-1.000000000000000000e+00,-1.000000000000000000e+00,-1.000000000000000000e+00,-1.000000000000000000e+00,-1.000000000000000000e+00,-1.000000000000000000e+00,-1.000000000000000000e+00,-1.000000000000000000e+00,-1.000000000000000000e+00,-1.000000000000000000e+00,-1.000000000000000000e+00,-1.000000000000000000e+00,-1.000000000000000000e+00,-1.000000000000000000e+00,-1.000000000000000000e+00,-7.881054256818085246e-01,-7.881261117022053675e-01,-7.881878993084647789e-01,-7.882899587068403768e-01,-7.884308268931364827e-01,-7.886081711630166247e-01,-7.888181522140131907e-01,-7.890539336851675190e-01,-7.893024523776077661e-01,-7.895377669209494575e-01,-7.897079630546387508e-01,-7.897103485172921600e-01,-7.893460747061920024e-01,-7.882398845772611296e-01,-7.857030161466644902e-01,-7.805076287054149020e-01,-7.705317290142699171e-01,-7.522319970884328022e-01,-7.199285131451995667e-01,-6.649901920514962317e-01,-5.753070533508597428e-01,-4.361601283349433311e-01,-2.351241071833068963e-01,2.396799670467908427e-02,2.928376840540665160e-01,4.534995344655519123e-01,4.534995357797406701e-01,2.928376875971148152e-01,2.396800150065470092e-02,-2.351241021912341411e-01,-4.361601241506973814e-01,-5.753070508682760487e-01,-6.649901919750165202e-01,-7.199285158494910242e-01,-7.522320025870889992e-01,-7.705317368778362708e-01,-7.805076382445735872e-01,-7.857030266468373325e-01,-7.882398954235868560e-01,-7.893460854641002333e-01,-7.897103589519294253e-01,-7.897079731201674946e-01,-7.895377769126534773e-01,-7.893024623753539526e-01,-7.890539441888777539e-01,-7.888181641149315526e-01,-7.886081832341309550e-01,-7.884308353615130383e-01,-7.882899627341979354e-01,-7.881879006141015997e-01,-7.881261120998042102e-01,-7.881054241970685270e-01,-1.000000000000000000e+00,-1.000000000000000000e+00,-1.000000000000000000e+00,-1.000000000000000000e+00,-1.000000000000000000e+00,-1.000000000000000000e+00,-1.000000000000000000e+00,-1.000000000000000000e+00,-1.000000000000000000e+00,-1.000000000000000000e+00,-1.000000000000000000e+00,-1.000000000000000000e+00,-1.000000000000000000e+00,-1.000000000000000000e+00,-1.000000000000000000e+00,-1.000000000000000000e+00,-1.000000000000000000e+00,-1.000000000000000000e+00,-1.000000000000000000e+00,-1.000000000000000000e+00,-1.000000000000000000e+00,-1.000000000000000000e+00,-1.000000000000000000e+00,-1.000000000000000000e+00,-1.000000000000000000e+00,-1.000000000000000000e+00,-1.000000000000000000e+00,-1.000000000000000000e+00,-1.000000000000000000e+00,-1.000000000000000000e+00,-1.000000000000000000e+00,-1.000000000000000000e+00,-1.000000000000000000e+00,-1.000000000000000000e+00,-1.000000000000000000e+00,-1.000000000000000000e+00,-1.000000000000000000e+00,-1.000000000000000000e+00,-1.000000000000000000e+00,-1.000000000000000000e+00,-1.000000000000000000e+00,-1.000000000000000000e+00,-1.000000000000000000e+00,-1.000000000000000000e+00,-1.000000000000000000e+00,-1.000000000000000000e+00
-1.000000000000000000e+00,-1.000000000000000000e+00,-1.000000000000000000e+00,-1.000000000000000000e+00,-1.000000000000000000e+00,-1.000000000000000000e+00,-1.000000000000000000e+00,-1.000000000000000000e+00,-1.000000000000000000e+00,-1.000000000000000000e+00,-1.000000000000000000e+00,-1.000000000000000000e+00,-1.000000000000000000e+00,-1.000000000000000000e+00,-1.000000000000000000e+00,-1.000000000000000000e+00,-1.000000000000000000e+00,-1.000000000000000000e+00,-1.000000000000000000e+00,-1.000000000000000000e+00,-1.000000000000000000e+00,-1.000000000000000000e+00,-1.000000000000000000e+00,-1.000000000000000000e+00,-1.000000000000000000e+00,-1.000000000000000000e+00,-1.000000000000000000e+00,-1.000000000000000000e+00,-1.000000000000000000e+00,-1.000000000000000000e+00,-1.000000000000000000e+00,-1.000000000000000000e+00,-1.000000000000000000e+00,-1.000000000000000000e+00,-1.000000000000000000e+00,-1.000000000000000000e+00,-1.000000000000000000e+00,-1.000000000000000000e+00,-1.000000000000000000e+00,-1.000000000000000000e+00,-1.000000000000000000e+00,-1.000000000000000000e+00,-1.000000000000000000e+00,-1.000000000000000000e+00,-1.000000000000000000e+00,-1.000000000000000000e+00,-7.886340843133545775e-01,-7.886575546779168722e-01,-7.887275468268050149e-01,-7.888427999796829848e-01,-7.890011779453540708e-01,-7.891994915224853635e-01,-7.894329341392609667e-01,-7.896936676001138355e-01,-7.899676649986425714e-01,-7.902281191828536278e-01,-7.904223947235413661e-01,-7.904472560998127006e-01,-7.901035128406028729e-01,-7.890157892152267483e-01,-7.864954606435609064e-01,-7.813151401543585450e-01,-7.713537108394676878e-01,-7.530693193281456921e-01,-7.207843288350703759e-01,-6.658709829070195152e-01,-5.762237334109087117e-01,-4.371286194927326285e-01,-2.361639722088563209e-01,2.283958574006672571e-02,2.916201601800547660e-01,4.522287906824375980e-01,4.522287918092948722e-01,2.916201632252561904e-01,2.283958986999556906e-02,-2.361639678720708346e-01,-4.371286157786553606e-01,-5.762237310437767768e-01,-6.658709824663788801e-01,-7.207843306405385952e-01,-7.530693233983293267e-01,-7.713537168314561487e-01,-7.813151476055182343e-01,-7.864954690935394011e-01,-7.890157983463911284e-01,-7.901035224908795618e-01,-7.904472662711703457e-01,-7.904224056146306188e-01,-7.902281312784523726e-01,-7.899676781571244311e-01,-7.896936818414210801e-01,-7.894329498696786018e-01,-7.891995073861564070e-01,-7.890011897668013363e-01,-7.888428064079942015e-01,-7.887275493249267244e-01,-7.886575554925598919e-01,-7.886340830593849827e-01,-1.000000000000000000e+00,-1.000000000000000000e+00,-1.000000000000000000e+00,-1.000000000000000000e+00,-1.000000000000000000e+00,-1.000000000000000000e+00,-1.000000000000000000e+00,-1.000000000000000000e+00,-1.000000000000000000e+00,-1.000000000000000000e+00,-1.000000000000000000e+00,-1.000000000000000000e+00,-1.000000000000000000e+00,-1.000000000000000000e+00,-1.000000000000000000e+00,-1.000000000000000000e+00,-1.000000000000000000e+00,-1.000000000000000000e+00,-1.000000000000000000e+00,-1.000000000000000000e+00,-1.000000000000000000e+00,-1.000000000000000000e+00,-1.000000000000000000e+00,-1.000000000000000000e+00,-1.000000000000000000e+00,-1.000000000000000000e+00,-1.000000000000000000e+00,-1.000000000000000000e+00,-1.000000000000000000e+00,-1.000000000000000000e+00,-1.000000000000000000e+00,-1.000000000000000000e+00,-1.000000000000000000e+00,-1.000000000000000000e+00,-1.000000000000000000e+00,-1.000000000000000000e+00,-1.000000000000000000e+00,-1.000000000000000000e+00,-1.000000000000000000e+00,-1.000000000000000000e+00,-1.000000000000000000e+00,-1.000000000000000000e+00,-1.000000000000000000e+00,-1.000000000000000000e+00,-1.000000000000000000e+00,-1.000000000000000000e+00
-1.000000000000000000e+00,-1.000000000000000000e+00,-1.000000000000000000e+00,-1.000000000000000000e+00,-1.000000000000000000e+00,-1.000000000000000000e+00,-1.000000000000000000e+00,-1.000000000000000000e+00,-1.000000000000000000e+00,-1.000000000000000000e+00,-1.000000000000000000e+00,-1.000000000000000000e+00,-1.000000000000000000e+00,-1.000000000000000000e+00,-1.000000000000000000e+00,-1.000000000000000000e+00,-1.000000000000000000e+00,-1.000000000000000000e+00,-1.000000000000000000e+00,-1.000000000000000000e+00,-1.000000000000000000e+00,-1.000000000000000000e+00,-1.000000000000000000e+00,-1.000000000000000000e+00,-1.000000000000000000e+00,-1.000000000000000000e+00,-1.000000000000000000e+00,-1.000000000000000000e+00,-1.000000000000000000e+00,-1.000000000000000000e+00,-1.000000000000000000e+00,-1.000000000000000000e+00,-1.000000000000000000e+00,-1.000000000000000000e+00,-1.000000000000000000e+00,-1.000000000000000000e+00,-1.000000000000000000e+00,-1.000000000000000000e+00,-1.000000000000000000e+00,-1.000000000000000000e+00,-1.000000000000000000e+00,-1.000000000000000000e+00,-1.000000000000000000e+00,-1.000000000000000000e+00,-1.000000000000000000e+00,-1.000000000000000000e+00,-7.889972770888241671e-01,-7.890251181872496300e-01,-7.891079840036144821e-01,-7.892439219028311026e-01,-7.894297169587078944e-01,-7.896608126975686037e-01,-7.899308657687507118e-01,-7.902304557521275807e-01,-7.905440435519164311e-01,-7.908434735935394588e-01,-7.910749953136130275e-01,-7.911345358808222761e-01,-7.908223695762375272e-01,-7.897629023012231464e-01,-7.872676289104980629e-01,-7.821096658269292012e-01,-7.721688759933027502e-01,-7.539050181952775542e-01,-7.216429166470266221e-01,-6.667583453700649532e-01,-5.771504020331699181e-01,-4.381103345292181039e-01,-2.372202514123311623e-01,2.169164315264970888e-02,2.903804065800794643e-01,4.509342838983936286e-01,4.509342847343085214e-01,2.903804088402530681e-01,2.169164623500896560e-02,-2.372202481297543963e-01,-4.381103316219633337e-01,-5.771504000064723305e-01,-6.667583446519473878e-01,-7.216429175011060959e-01,-7.539050206735763426e-01,-7.721688799213486387e-01,-7.821096710311332689e-01,-7.872676352246821274e-01,-7.897629097107622398e-01,-7.908223781541099395e-01,-7.911345458050716983e-01,-7.910750069469790757e-01,-7.908434874746294030e-01,-7.905440592828694157e-01,-7.902304728776843312e-01,-7.899308842723505864e-01,-7.896608312366055760e-01,-7.894297312147512402e-01,-7.892439301363338711e-01,-7.891079875028712554e-01,-7.890251195206249291e-01,-7.889972763100394637e-01,-1.000000000000000000e+00,-1.000000000000000000e+00,-1.000000000000000000e+00,-1.000000000000000000e+00,-1.000000000000000000e+00,-1.000000000000000000e+00,-1.000000000000000000e+00,-1.000000000000000000e+00,-1.000000000000000000e+00,-1.000000000000000000e+00,-1.000000000000000000e+00,-1.000000000000000000e+00,-1.000000000000000000e+00,-1.000000000000000000e+00,-1.000000000000000000e+00,-1.000000000000000000e+00,-1.000000000000000000e+00,-1.000000000000000000e+00,-1.000000000000000000e+00,-1.000000000000000000e+00,-1.000000000000000000e+00,-1.000000000000000000e+00,-1.000000000000000000e+00,-1.000000000000000000e+00,-1.000000000000000000e+00,-1.000000000000000000e+00,-1.000000000000000000e+00,-1.000000000000000000e+00,-1.000000000000000000e+00,-1.000000000000000000e+00,-1.000000000000000000e+00,-1.000000000000000000e+00,-1.000000000000000000e+00,-1.000000000000000000e+00,-1.000000000000000000e+00,-1.000000000000000000e+00,-1.000000000000000000e+00,-1.000000000000000000e+00,-1.000000000000000000e+00,-1.000000000000000000e+00,-1.000000000000000000e+00,-1.000000000000000000e+00,-1.000000000000000000e+00,-1.000000000000000000e+00,-1.000000000000000000e+00,-1.000000000000000000e+00
-1.000000000000000000e+00,-1.000000000000000000e+00,-1.000000000000000000e+00,-1.000000000000000000e+00,-1.000000000000000000e+00,-1.000000000000000000e+00,-1.000000000000000000e+00,-1.000000000000000000e+00,-1.000000000000000000e+00,-1.000000000000000000e+00,-1.000000000000000000e+00,-1.000000000000000000e+00,-1.000000000000000000e+00,-1.000000000000000000e+00,-1.000000000000000000e+00,-1.000000000000000000e+00,-1.000000000000000000e+00,-1.000000000000000000e+00,-1.000000000000000000e+00,-1.000000000000000000e+00,-1.000000000000000000e+00,-1.000000000000000000e+00,-1.000000000000000000e+00,-1.000000000000000000e+00,-1.000000000000000000e+00,-1.000000000000000000e+00,-1.000000000000000000e+00,-1.000000000000000000e+00,-1.000000000000000000e+00,-1.000000000000000000e+00,-1.000000000000000000e+00,-1.000000000000000000e+00,-1.000000000000000000e+00,-1.000000000000000000e+00,-1.000000000000000000e+00,-1.000000000000000000e+00,-1.000000000000000000e+00,-1.000000000000000000e+00,-1.000000000000000000e+00,-1.000000000000000000e+00,-1.000000000000000000e+00,-1.000000000000000000e+00,-1.000000000000000000e+00,-1.000000000000000000e+00,-1.000000000000000000e+00,-1.000000000000000000e+00,-7.891055466580675359e-01,-7.891402054772700403e-01,-7.892431414328852091e-01,-7.894112920627003316e-01,-7.896397159473983463e-01,-7.899216773509634137e-01,-7.902483965562276946e-01,-7.906079616796479748e-01,-7.909824711467636771e-01,-7.913416827250803198e-01,-7.916301385703516935e-01,-7.917424971588541416e-01,-7.914782247111460389e-01,-7.904613800223114772e-01,-7.880035706273866847e-01,-7.828785065349536110e-01,-7.729671934717358139e-01,-7.547312171300801786e-01,-7.224981123338956035e-01,-6.676474537265745246e-01,-5.780832593900422367e-01,-4.391022384003145929e-01,-2.382904549917719272e-01,2.052629886287737904e-02,2.891203453151081071e-01,4.496178412476692365e-01,4.496178417695648744e-01,2.891203467302974062e-01,2.052630083237616532e-02,-2.382904528095670660e-01,-4.391022363031356068e-01,-5.780832576651044885e-01,-6.676474526598112913e-01,-7.224981121540356988e-01,-7.547312179654558362e-01,-7.729671953750323343e-01,-7.828785096369300645e-01,-7.880035750480092194e-01,-7.904613859914573215e-01,-7.914782324529151536e-01,-7.917425069393568826e-01,-7.916301508121351693e-01,-7.913416978857022999e-01,-7.909824885817720030e-01,-7.906079805226995383e-01,-7.902484164787731968e-01,-7.899216971956144473e-01,-7.896397315548984164e-01,-7.894113014322530208e-01,-7.892431457589212940e-01,-7.891402075017376339e-01,-7.891055466810320551e-01,-1.000000000000000000e+00,-1.000000000000000000e+00,-1.000000000000000000e+00,-1.000000000000000000e+00,-1.000000000000000000e+00,-1.000000000000000000e+00,-1.000000000000000000e+00,-1.000000000000000000e+00,-1.000000000000000000e+00,-1.000000000000000000e+00,-1.000000000000000000e+00,-1.000000000000000000e+00,-1.000000000000000000e+00,-1.000000000000000000e+00,-1.000000000000000000e+00,-1.000000000000000000e+00,-1.000000000000000000e+00,-1.000000000000000000e+00,-1.000000000000000000e+00,-1.000000000000000000e+00,-1.000000000000000000e+00,-1.000000000000000000e+00,-1.000000000000000000e+00,-1.000000000000000000e+00,-1.000000000000000000e+00,-1.000000000000000000e+00,-1.000000000000000000e+00,-1.000000000000000000e+00,-1.000000000000000000e+00,-1.000000000000000000e+00,-1.000000000000000000e+00,-1.000000000000000000e+00,-1.000000000000000000e+00,-1.000000000000000000e+00,-1.000000000000000000e+00,-1.000000000000000000e+00,-1.000000000000000000e+00,-1.000000000000000000e+00,-1.000000000000000000e+00,-1.000000000000000000e+00,-1.000000000000000000e+00,-1.000000000000000000e+00,-1.000000000000000000e+00,-1.000000000000000000e+00,-1.000000000000000000e+00,-1.000000000000000000e+00
-1.000000000000000000e+00,-1.000000000000000000e+00,-1.000000000000000000e+00,-1.000000000000000000e+00,-1.000000000000000000e+00,-1.000000000000000000e+00,-1.000000000000000000e+00,-1.000000000000000000e+00,-1.000000000000000000e+00,-1.000000000000000000e+00,-1.000000000000000000e+00,-1.000000000000000000e+00,-1.000000000000000000e+00,-1.000000000000000000e+00,-1.000000000000000000e+00,-1.000000000000000000e+00,-1.000000000000000000e+00,-1.000000000000000000e+00,-1.000000000000000000e+00,-1.000000000000000000e+00,-1.000000000000000000e+00,-1.000000000000000000e+00,-1.000000000000000000e+00,-1.000000000000000000e+00,-1.000000000000000000e+00,-1.000000000000000000e+00,-1.000000000000000000e+00,-1.000000000000000000e+00,-1.000000000000000000e+00,-1.000000000000000000e+00,-1.000000000000000000e+00,-1.000000000000000000e+00,-1.000000000000000000e+00,-1.000000000000000000e+00,-1.000000000000000000e+00,-1.000000000000000000e+00,-1.000000000000000000e+00,-1.000000000000000000e+00,-1.000000000000000000e+00,-1.000000000000000000e+00,-1.000000000000000000e+00,-1.000000000000000000e+00,-1.000000000000000000e+00,-1.000000000000000000e+00,-1.000000000000000000e+00,-1.000000000000000000e+00,-7.888275797162390690e-01,-7.888728261314059687e-01,-7.890069099616048298e-01,-7.892249891441299736e-01,-7.895193612145041673e-01,-7.898798206846234793e-01,-7.902937314711151462e-01,-7.907452675672721476e-01,-7.912128494869505868e-01,-7.916630228781948997e-01,-7.920377373302182056e-01,-7.922297556310677891e-01,-7.920373583211521851e-01,-7.910841006746991422e-01,-7.886817283825612312e-01,-7.836047094805530522e-01,-7.737354551770140310e-01,-7.555377042029719492e-01,-7.233420637905603190e-01,-6.685322844956886890e-01,-5.790176723425655148e-01,-4.401007279505260161e-01,-2.393717120812615118e-01,1.934593860194655512e-02,2.878420783440951425e-01,4.482814339998062447e-01,4.482814342541918684e-01,2.878420790491393877e-01,1.934593965655118097e-02,-2.393717107609335537e-01,-4.401007264154346288e-01,-5.790176707002177015e-01,-6.685322829251443277e-01,-7.233420625215354338e-01,-7.555377034812362780e-01,-7.737354553089326181e-01,-7.836047108724872867e-01,-7.886817313854506128e-01,-7.910841056595903087e-01,-7.920373655581105510e-01,-7.922297653770374870e-01,-7.920377499612636374e-01,-7.916630386629981420e-01,-7.912128675875775841e-01,-7.907452868170270488e-01,-7.902937513692738225e-01,-7.898798404349086644e-01,-7.895193771193498300e-01,-7.892249990450481700e-01,-7.890069150175148538e-01,-7.888728290942987886e-01,-7.888275809271453332e-01,-1.000000000000000000e+00,-1.000000000000000000e+00,-1.000000000000000000e+00,-1.000000000000000000e+00,-1.000000000000000000e+00,-1.000000000000000000e+00,-1.000000000000000000e+00,-1.000000000000000000e+00,-1.000000000000000000e+00,-1.000000000000000000e+00,-1.000000000000000000e+00,-1.000000000000000000e+00,-1.000000000000000000e+00,-1.000000000000000000e+00,-1.000000000000000000e+00,-1.000000000000000000e+00,-1.000000000000000000e+00,-1.000000000000000000e+00,-1.000000000000000000e+00,-1.000000000000000000e+00,-1.000000000000000000e+00,-1.000000000000000000e+00,-1.000000000000000000e+00,-1.000000000000000000e+00,-1.000000000000000000e+00,-1.000000000000000000e+00,-1.000000000000000000e+00,-1.000000000000000000e+00,-1.000000000000000000e+00,-1.000000000000000000e+00,-1.000000000000000000e+00,-1.000000000000000000e+00,-1.000000000000000000e+00,-1.000000000000000000e+00,-1.000000000000000000e+00,-1.000000000000000000e+00,-1.000000000000000000e+00,-1.000000000000000000e+00,-1.000000000000000000e+00,-1.000000000000000000e+00,-1.000000000000000000e+00,-1.000000000000000000e+00,-1.000000000000000000e+00,-1.000000000000000000e+00,-1.000000000000000000e+00,-1.000000000000000000e+00
-1.000000000000000000e+00,-1.000000000000000000e+00,-1.000000000000000000e+00,-1.000000000000000000e+00,-1.000000000000000000e+00,-1.000000000000000000e+00,-1.000000000000000000e+00,-1.000000000000000000e+00,-1.000000000000000000e+00,-1.000000000000000000e+00,-1.000000000000000000e+00,-1.000000000000000000e+00,-1.000000000000000000e+00,-1.000000000000000000e+00,-1.000000000000000000e+00,-1.000000000000000000e+00,-1.000000000000000000e+00,-1.000000000000000000e+00,-1.000000000000000000e+00,-1.000000000000000000e+00,-1.000000000000000000e+00,-1.000000000000000000e+00,-1.000000000000000000e+00,-1.000000000000000000e+00,-1.000000000000000000e+00,-1.000000000000000000e+00,-1.000000000000000000e+00,-1.000000000000000000e+00,-1.000000000000000000e+00,-1.000000000000000000e+00,-1.000000000000000000e+00,-1.000000000000000000e+00,-1.000000000000000000e+00,-1.000000000000000000e+00,-1.000000000000000000e+00,-1.000000000000000000e+00,-1.000000000000000000e+00,-1.000000000000000000e+00,-1.000000000000000000e+00,-1.000000000000000000e+00,-1.000000000000000000e+00,-1.000000000000000000e+00,-1.000000000000000000e+00,-1.000000000000000000e+00,-1.000000000000000000e+00,-1.000000000000000000e+00,-7.879711309295900357e-01,-7.880327641821995854e-01,-7.882150217236020273e-01,-7.885102094904961056e-01,-7.889062131838284753e-01,-7.893873088601246479e-01,-7.899347657977215942e-01,-7.905266221267809312e-01,-7.911355908060444531e-01,-7.917232960569673406e-01,-7.922277790668900144e-01,-7.925390048484769467e-01,-7.924535571096869013e-01,-7.915943149268099832e-01,-7.892732596623797114e-01,-7.842659131823372931e-01,-7.744565197316728433e-01,-7.563114745454633248e-01,-7.241649931870182133e-01,-6.694055376031589066e-01,-5.799482089872376456e-01,-4.411017460313179095e-01,-2.404609397062532627e-01,1.815299827951943890e-02,2.865476591141074003e-01,4.469269382066833884e-01,4.469269382871554619e-01,2.865476593700271302e-01,1.815299878361908981e-02,-2.404609388404448378e-01,-4.411017446791246632e-01,-5.799482071364514546e-01,-6.694055353764372107e-01,-7.241649908532996616e-01,-7.563114724950431578e-01,-7.744565185140170893e-01,-7.842659134117727637e-01,-7.892732618324318494e-01,-7.915943194312956566e-01,-7.924535641588621449e-01,-7.925390146023406635e-01,-7.922277917694553473e-01,-7.917233117278363874e-01,-7.911356085026264306e-01,-7.905266405194638635e-01,-7.899347843510893252e-01,-7.893873272909605054e-01,-7.889062285273973352e-01,-7.885102194942241738e-01,-7.882150275261033956e-01,-7.880327683850877341e-01,-7.879711337297869989e-01,-1.000000000000000000e+00,-1.000000000000000000e+00,-1.000000000000000000e+00,-1.000000000000000000e+00,-1.000000000000000000e+00,-1.000000000000000000e+00,-1.000000000000000000e+00,-1.000000000000000000e+00,-1.000000000000000000e+00,-1.000000000000000000e+00,-1.000000000000000000e+00,-1.000000000000000000e+00,-1.000000000000000000e+00,-1.000000000000000000e+00,-1.000000000000000000e+00,-1.000000000000000000e+00,-1.000000000000000000e+00,-1.000000000000000000e+00,-1.000000000000000000e+00,-1.000000000000000000e+00,-1.000000000000000000e+00,-1.000000000000000000e+00,-1.000000000000000000e+00,-1.000000000000000000e+00,-1.000000000000000000e+00,-1.000000000000000000e+00,-1.000000000000000000e+00,-1.000000000000000000e+00,-1.000000000000000000e+00,-1.000000000000000000e+00,-1.000000000000000000e+00,-1.000000000000000000e+00,-1.000000000000000000e+00,-1.000000000000000000e+00,-1.000000000000000000e+00,-1.000000000000000000e+00,-1.000000000000000000e+00,-1.000000000000000000e+00,-1.000000000000000000e+00,-1.000000000000000000e+00,-1.000000000000000000e+00,-1.000000000000000000e+00,-1.000000000000000000e+00,-1.000000000000000000e+00,-1.000000000000000000e+00,-1.000000000000000000e+00
-1.000000000000000000e+00,-1.000000000000000000e+00,-1.000000000000000000e+00,-1.000000000000000000e+00,-1.000000000000000000e+00,-1.000000000000000000e+00,-1.000000000000000000e+00,-1.000000000000000000e+00,-1.000000000000000000e+00,-1.000000000000000000e+00,-1.000000000000000000e+00,-1.000000000000000000e+00,-1.000000000000000000e+00,-1.000000000000000000e+00,-1.000000000000000000e+00,-1.000000000000000000e+00,-1.000000000000000000e+00,-1.000000000000000000e+00,-1.000000000000000000e+00,-1.000000000000000000e+00,-1.000000000000000000e+00,-1.000000000000000000e+00,-1.000000000000000000e+00,-1.000000000000000000e+00,-1.000000000000000000e+00,-1.000000000000000000e+00,-1.000000000000000000e+00,-1.000000000000000000e+00,-1.000000000000000000e+00,-1.000000000000000000e+00,-1.000000000000000000e+00,-1.000000000000000000e+00,-1.000000000000000000e+00,-1.000000000000000000e+00,-1.000000000000000000e+00,-1.000000000000000000e+00,-1.000000000000000000e+00,-1.000000000000000000e+00,-1.000000000000000000e+00,-1.000000000000000000e+00,-1.000000000000000000e+00,-1.000000000000000000e+00,-1.000000000000000000e+00,-1.000000000000000000e+00,-1.000000000000000000e+00,-1.000000000000000000e+00,-7.862558325235341483e-01,-7.863427539802952948e-01,-7.865992941781274617e-01,-7.870131936851237908e-01,-7.875652981052775337e-01,-7.882311203073557593e-01,-7.889823159252221663e-01,-7.897873277633066236e-01,-7.906100406632174948e-01,-7.914045732450993853e-01,-7.921031153884127152e-01,-7.925915511436332217e-01,-7.926640941287658171e-01,-7.919427892039064831e-01,-7.897400943255696859e-01,-7.848331067303913056e-01,-7.751085992977561068e-01,-7.570364061908566589e-01,-7.249551546673953517e-01,-6.702587950658922544e-01,-5.808689386602838844e-01,-4.421011796868052901e-01,-2.415553084286181651e-01,1.694945281693160943e-02,2.852385525115239684e-01,4.455555805678681480e-01,4.455555805853543827e-01,2.852385526206018262e-01,1.694945318466101192e-02,-2.415553075747862710e-01,-4.421011781353326731e-01,-5.808689363460322053e-01,-6.702587921090708001e-01,-7.249551514059096036e-01,-7.570364031645276937e-01,-7.751085972498356069e-01,-7.848331063899689486e-01,-7.897400962287444148e-01,-7.919427936588565586e-01,-7.926641012006188092e-01,-7.925915608353391040e-01,-7.921031277608231447e-01,-7.914045880657799570e-01,-7.906100569951259871e-01,-7.897873442569612878e-01,-7.889823321188610405e-01,-7.882311365344287779e-01,-7.875653123425613300e-01,-7.870132036004742204e-01,-7.865993008562135458e-01,-7.863427597394370139e-01,-7.862558372746999424e-01,-1.000000000000000000e+00,-1.000000000000000000e+00,-1.000000000000000000e+00,-1.000000000000000000e+00,-1.000000000000000000e+00,-1.000000000000000000e+00,-1.000000000000000000e+00,-1.000000000000000000e+00,-1.000000000000000000e+00,-1.000000000000000000e+00,-1.000000000000000000e+00,-1.000000000000000000e+00,-1.000000000000000000e+00,-1.000000000000000000e+00,-1.000000000000000000e+00,-1.000000000000000000e+00,-1.000000000000000000e+00,-1.000000000000000000e+00,-1.000000000000000000e+00,-1.000000000000000000e+00,-1.000000000000000000e+00,-1.000000000000000000e+00,-1.000000000000000000e+00,-1.000000000000000000e+00,-1.000000000000000000e+00,-1.000000000000000000e+00,-1.000000000000000000e+00,-1.000000000000000000e+00,-1.000000000000000000e+00,-1.000000000000000000e+00,-1.000000000000000000e+00,-1.000000000000000000e+00,-1.000000000000000000e+00,-1.000000000000000000e+00,-1.000000000000000000e+00,-1.000000000000000000e+00,-1.000000000000000000e+00,-1.000000000000000000e+00,-1.000000000000000000e+00,-1.000000000000000000e+00,-1.000000000000000000e+00,-1.000000000000000000e+00,-1.000000000000000000e+00,-1.000000000000000000e+00,-1.000000000000000000e+00,-1.000000000000000000e+00
-1.000000000000000000e+00,-1.000000000000000000e+00,-1.000000000000000000e+00,-1.000000000000000000e+00,-1.000000000000000000e+00,-1.000000000000000000e+00,-1.000000000000000000e+00,-1.000000000000000000e+00,-1.000000000000000000e+00,-1.000000000000000000e+00,-1.000000000000000000e+00,-1.000000000000000000e+00,-1.000000000000000000e+00,-1.000000000000000000e+00,-1.000000000000000000e+00,-1.000000000000000000e+00,-1.000000000000000000e+00,-1.000000000000000000e+00,-1.000000000000000000e+00,-1.000000000000000000e+00,-1.000000000000000000e+00,-1.000000000000000000e+00,-1.000000000000000000e+00,-1.000000000000000000e+00,-1.000000000000000000e+00,-1.000000000000000000e+00,-1.000000000000000000e+00,-1.000000000000000000e+00,-1.000000000000000000e+00,-1.000000000000000000e+00,-1.000000000000000000e+00,-1.000000000000000000e+00,-1.000000000000000000e+00,-1.000000000000000000e+00,-1.000000000000000000e+00,-1.000000000000000000e+00,-1.000000000000000000e+00,-1.000000000000000000e+00,-1.000000000000000000e+00,-1.000000000000000000e+00,-1.000000000000000000e+00,-1.000000000000000000e+00,-1.000000000000000000e+00,-1.000000000000000000e+00,-1.000000000000000000e+00,-1.000000000000000000e+00,-7.832750359081747105e-01,-7.834008625191477559e-01,-7.837715875311033198e-01,-7.843676595972864929e-01,-7.851587163434989858e-01,-7.861063892094111161e-01,-7.871672104776820111e-01,-7.882946643470956083e-01,-7.894390325999884883e-01,-7.905430434454591149e-01,-7.915301883343008882e-01,-7.922804683595491282e-01,-7.925848705293708774e-01,-7.920645279105540393e-01,-7.900328817512065616e-01,-7.852695039770003493e-01,-7.756648202213762833e-01,-7.576933189815528991e-01,-7.256992484903089791e-01,-6.710831844952650505e-01,-5.817742683895921196e-01,-4.430958157536842856e-01,-2.426532800106609988e-01,1.573572201618356203e-02,2.839145036160066748e-01,4.441667886489895078e-01,4.441667887032811901e-01,2.839145038443238178e-01,1.573572260418942825e-02,-2.426532788105308924e-01,-4.430958137271207020e-01,-5.817742654794126889e-01,-6.710831808640618235e-01,-7.256992445581686990e-01,-7.576933154156345607e-01,-7.756648178772773683e-01,-7.852695035990208128e-01,-7.900328838252744790e-01,-7.920645325815585114e-01,-7.925848776722361766e-01,-7.922804777990205549e-01,-7.915301999360013774e-01,-7.905430567747040449e-01,-7.894390468359907542e-01,-7.882946782528452712e-01,-7.871672237299163211e-01,-7.861064027938685639e-01,-7.851587292975951149e-01,-7.843676694771624103e-01,-7.837715952961242794e-01,-7.834008701204926428e-01,-7.832750428818058275e-01,-1.000000000000000000e+00,-1.000000000000000000e+00,-1.000000000000000000e+00,-1.000000000000000000e+00,-1.000000000000000000e+00,-1.000000000000000000e+00,-1.000000000000000000e+00,-1.000000000000000000e+00,-1.000000000000000000e+00,-1.000000000000000000e+00,-1.000000000000000000e+00,-1.000000000000000000e+00,-1.000000000000000000e+00,-1.000000000000000000e+00,-1.000000000000000000e+00,-1.000000000000000000e+00,-1.000000000000000000e+00,-1.000000000000000000e+00,-1.000000000000000000e+00,-1.000000000000000000e+00,-1.000000000000000000e+00,-1.000000000000000000e+00,-1.000000000000000000e+00,-1.000000000000000000e+00,-1.000000000000000000e+00,-1.000000000000000000e+00,-1.000000000000000000e+00,-1.000000000000000000e+00,-1.000000000000000000e+00,-1.000000000000000000e+00,-1.000000000000000000e+00,-1.000000000000000000e+00,-1.000000000000000000e+00,-1.000000000000000000e+00,-1.000000000000000000e+00,-1.000000000000000000e+00,-1.000000000000000000e+00,-1.000000000000000000e+00,-1.000000000000000000e+00,-1.000000000000000000e+00,-1.000000000000000000e+00,-1.000000000000000000e+00,-1.000000000000000000e+00,-1.000000000000000000e+00,-1.000000000000000000e+00,-1.000000000000000000e+00
-1.000000000000000000e+00,-1.000000000000000000e+00,-1.000000000000000000e+00,-1.000000000000000000e+00,-1.000000000000000000e+00,-1.000000000000000000e+00,-1.000000000000000000e+00,-1.000000000000000000e+00,-1.000000000000000000e+00,-1.000000000000000000e+00,-1.000000000000000000e+00,-1.000000000000000000e+00,-1.000000000000000000e+00,-1.000000000000000000e+00,-1.000000000000000000e+00,-1.000000000000000000e+00,-1.000000000000000000e+00,-1.000000000000000000e+00,-1.000000000000000000e+00,-1.000000000000000000e+00,-1.000000000000000000e+00,-1.000000000000000000e+00,-1.000000000000000000e+00,-1.000000000000000000e+00,-1.000000000000000000e+00,-1.000000000000000000e+00,-1.000000000000000000e+00,-1.000000000000000000e+00,-1.000000000000000000e+00,-1.000000000000000000e+00,-1.000000000000000000e+00,-1.000000000000000000e+00,-1.000000000000000000e+00,-1.000000000000000000e+00,-1.000000000000000000e+00,-1.000000000000000000e+00,-1.000000000000000000e+00,-1.000000000000000000e+00,-1.000000000000000000e+00,-1.000000000000000000e+00,-1.000000000000000000e+00,-1.000000000000000000e+00,-1.000000000000000000e+00,-1.000000000000000000e+00,-1.000000000000000000e+00,-1.000000000000000000e+00,-7.784433861678803357e-01,-7.786288444536488829e-01,-7.791744311647064158e-01,-7.800489915689230447e-01,-7.812043871610709900e-01,-7.825803444121557373e-01,-7.841096986821167736e-01,-7.857227121491836552e-01,-7.873488037704969855e-01,-7.889135121222001779e-01,-7.903274944440406014e-01,-7.914623746460627274e-01,-7.921048723815846682e-01,-7.918753357177421570e-01,-7.900891632034626744e-01,-7.855299169650392654e-01,-7.760934722221832782e-01,-7.582608492099565112e-01,-7.263837342335923708e-01,-6.718709952803795238e-01,-5.826607665096956712e-01,-4.440853066681481609e-01,-2.437566722435887678e-01,1.450853522963679865e-02,2.825713535984957225e-01,4.427559816298809459e-01,4.427559817892443572e-01,2.825713541229948333e-01,1.450853626201875635e-02,-2.437566705032075953e-01,-4.440853040660251994e-01,-5.826607630417205419e-01,-6.718709911754376929e-01,-7.263837299859443597e-01,-7.582608455654571422e-01,-7.760934700504931172e-01,-7.855299169372995660e-01,-7.900891656843112010e-01,-7.918753406564532638e-01,-7.921048794688658745e-01,-7.914623835484653203e-01,-7.903275048586519969e-01,-7.889135234976385469e-01,-7.873488154922519966e-01,-7.857227231984346139e-01,-7.841097088923862923e-01,-7.825803553835648518e-01,-7.812043990124493131e-01,-7.800490016753872657e-01,-7.791744402619329435e-01,-7.786288541065731206e-01,-7.784433955037324271e-01,-1.000000000000000000e+00,-1.000000000000000000e+00,-1.000000000000000000e+00,-1.000000000000000000e+00,-1.000000000000000000e+00,-1.000000000000000000e+00,-1.000000000000000000e+00,-1.000000000000000000e+00,-1.000000000000000000e+00,-1.000000000000000000e+00,-1.000000000000000000e+00,-1.000000000000000000e+00,-1.000000000000000000e+00,-1.000000000000000000e+00,-1.000000000000000000e+00,-1.000000000000000000e+00,-1.000000000000000000e+00,-1.000000000000000000e+00,-1.000000000000000000e+00,-1.000000000000000000e+00,-1.000000000000000000e+00,-1.000000000000000000e+00,-1.000000000000000000e+00,-1.000000000000000000e+00,-1.000000000000000000e+00,-1.000000000000000000e+00,-1.000000000000000000e+00,-1.000000000000000000e+00,-1.000000000000000000e+00,-1.000000000000000000e+00,-1.000000000000000000e+00,-1.000000000000000000e+00,-1.000000000000000000e+00,-1.000000000000000000e+00,-1.000000000000000000e+00,-1.000000000000000000e+00,-1.000000000000000000e+00,-1.000000000000000000e+00,-1.000000000000000000e+00,-1.000000000000000000e+00,-1.000000000000000000e+00,-1.000000000000000000e+00,-1.000000000000000000e+00,-1.000000000000000000e+00,-1.000000000000000000e+00,-1.000000000000000000e+00
-1.000000000000000000e+00,-1.000000000000000000e+00,-1.000000000000000000e+00,-1.000000000000000000e+00,-1.000000000000000000e+00,-1.000000000000000000e+00,-1.000000000000000000e+00,-1.000000000000000000e+00,-1.000000000000000000e+00,-1.000000000000000000e+00,-1.000000000000000000e+00,-1.000000000000000000e+00,-1.000000000000000000e+00,-1.000000000000000000e+00,-1.000000000000000000e+00,-1.000000000000000000e+00,-1.000000000000000000e+00,-1.000000000000000000e+00,-1.000000000000000000e+00,-1.000000000000000000e+00,-1.000000000000000000e+00,-1.000000000000000000e+00,-1.000000000000000000e+00,-1.000000000000000000e+00,-1.000000000000000000e+00,-1.000000000000000000e+00,-1.000000000000000000e+00,-1.000000000000000000e+00,-1.000000000000000000e+00,-1.000000000000000000e+00,-1.000000000000000000e+00,-1.000000000000000000e+00,-1.000000000000000000e+00,-1.000000000000000000e+00,-1.000000000000000000e+00,-1.000000000000000000e+00,-1.000000000000000000e+00,-1.000000000000000000e+00,-1.000000000000000000e+00,-1.000000000000000000e+00,-1.000000000000000000e+00,-1.000000000000000000e+00,-1.000000000000000000e+00,-1.000000000000000000e+00,-1.000000000000000000e+00,-1.000000000000000000e+00,-7.709268471115702237e-01,-7.712032595022784154e-01,-7.720153170494703510e-01,-7.733135065163345701e-01,-7.750216559585720866e-01,-7.770451201174335409e-01,-7.792798113179494335e-01,-7.816201455107438800e-01,-7.839637335945082164e-01,-7.862103422806682174e-01,-7.882518469898225355e-01,-7.899480971065828694e-01,-7.910803589421466775e-01,-7.912687414888019966e-01,-7.898323607939692348e-01,-7.855612637233990725e-01,-7.763596068748042089e-01,-7.587178145174784394e-01,-7.269977242438436793e-01,-6.726189315456625462e-01,-5.835306590739006705e-01,-4.450758339085646442e-01,-2.448744414593132523e-01,1.325705959229339648e-02,2.811971020817487510e-01,4.413105974219651007e-01,4.413105977123068513e-01,2.811971029630426777e-01,1.325706112279689819e-02,-2.448744391834930534e-01,-4.450758308284995524e-01,-5.835306552603352070e-01,-6.726189272911908823e-01,-7.269977200875055168e-01,-7.587178112158819987e-01,-7.763596052159787986e-01,-7.855612642392493239e-01,-7.898323636894961641e-01,-7.912687465355244809e-01,-7.910803657009745082e-01,-7.899481051425508715e-01,-7.882518558900688532e-01,-7.862103514771834334e-01,-7.839637427321386465e-01,-7.816201538524800707e-01,-7.792798188310855467e-01,-7.770451289148686547e-01,-7.750216671731341433e-01,-7.733135172540049895e-01,-7.720153277072523412e-01,-7.712032713076161228e-01,-7.709268587997647471e-01,-1.000000000000000000e+00,-1.000000000000000000e+00,-1.000000000000000000e+00,-1.000000000000000000e+00,-1.000000000000000000e+00,-1.000000000000000000e+00,-1.000000000000000000e+00,-1.000000000000000000e+00,-1.000000000000000000e+00,-1.000000000000000000e+00,-1.000000000000000000e+00,-1.000000000000000000e+00,-1.000000000000000000e+00,-1.000000000000000000e+00,-1.000000000000000000e+00,-1.000000000000000000e+00,-1.000000000000000000e+00,-1.000000000000000000e+00,-1.000000000000000000e+00,-1.000000000000000000e+00,-1.000000000000000000e+00,-1.000000000000000000e+00,-1.000000000000000000e+00,-1.000000000000000000e+00,-1.000000000000000000e+00,-1.000000000000000000e+00,-1.000000000000000000e+00,-1.000000000000000000e+00,-1.000000000000000000e+00,-1.000000000000000000e+00,-1.000000000000000000e+00,-1.000000000000000000e+00,-1.000000000000000000e+00,-1.000000000000000000e+00,-1.000000000000000000e+00,-1.000000000000000000e+00,-1.000000000000000000e+00,-1.000000000000000000e+00,-1.000000000000000000e+00,-1.000000000000000000e+00,-1.000000000000000000e+00,-1.000000000000000000e+00,-1.000000000000000000e+00,-1.000000000000000000e+00,-1.000000000000000000e+00,-1.000000000000000000e+00
-1.000000000000000000e+00,-1.000000000000000000e+00,-1.000000000000000000e+00,-1.000000000000000000e+00,-1.000000000000000000e+00,-1.000000000000000000e+00,-1.000000000000000000e+00,-1.000000000000000000e+00,-1.000000000000000000e+00,-1.000000000000000000e+00,-1.000000000000000000e+00,-1.000000000000000000e+00,-1.000000000000000000e+00,-1.000000000000000000e+00,-1.000000000000000000e+00,-1.000000000000000000e+00,-1.000000000000000000e+00,-1.000000000000000000e+00,-1.000000000000000000e+00,-1.000000000000000000e+00,-1.000000000000000000e+00,-1.000000000000000000e+00,-1.000000000000000000e+00,-1.000000000000000000e+00,-1.000000000000000000e+00,-1.000000000000000000e+00,-1.000000000000000000e+00,-1.000000000000000000e+00,-1.000000000000000000e+00,-1.000000000000000000e+00,-1.000000000000000000e+00,-1.000000000000000000e+00,-1.000000000000000000e+00,-1.000000000000000000e+00,-1.000000000000000000e+00,-1.000000000000000000e+00,-1.000000000000000000e+00,-1.000000000000000000e+00,-1.000000000000000000e+00,-1.000000000000000000e+00,-1.000000000000000000e+00,-1.000000000000000000e+00,-1.000000000000000000e+00,-1.000000000000000000e+00,-1.000000000000000000e+00,-1.000000000000000000e+00,-7.595529503361407864e-01,-7.599671852639342529e-01,-7.611826655938844777e-01,-7.631210696675514438e-01,-7.656623719502975156e-01,-7.686584181888143075e-01,-7.719480313802550286e-01,-7.753707104865598110e-01,-7.787759341995547091e-01,-7.820251308078510766e-01,-7.849829378172290539e-01,-7.874928822306525023e-01,-7.893295511410930443e-01,-7.901141264307474099e-01,-7.891724713536250047e-01,-7.853051245334680130e-01,-7.764289121281157113e-01,-7.590480005269337749e-01,-7.275383894697484699e-01,-6.733339333285155437e-01,-5.843979303501410927e-01,-4.460864020625288084e-01,-2.460291201083455448e-01,1.195634730442707294e-02,2.797652631872580287e-01,4.398033980993125702e-01,4.398033985025056047e-01,2.797652643657142502e-01,1.195634921497878977e-02,-2.460291174922267787e-01,-4.460863987803916908e-01,-5.843979265428703718e-01,-6.733339293259654745e-01,-7.275383858086770239e-01,-7.590479978987966225e-01,-7.764289111623378092e-01,-7.853051255857912416e-01,-7.891724744699594174e-01,-7.901141312667075978e-01,-7.893295572178219421e-01,-7.874928890930209535e-01,-7.849829450202863157e-01,-7.820251378605986847e-01,-7.787759410153356487e-01,-7.753707166236081250e-01,-7.719480368859721331e-01,-7.686584255391606391e-01,-7.656623831613131870e-01,-7.631210814999366265e-01,-7.611826779876117444e-01,-7.599671992091379114e-01,-7.595529642285575589e-01,-1.000000000000000000e+00,-1.000000000000000000e+00,-1.000000000000000000e+00,-1.000000000000000000e+00,-1.000000000000000000e+00,-1.000000000000000000e+00,-1.000000000000000000e+00,-1.000000000000000000e+00,-1.000000000000000000e+00,-1.000000000000000000e+00,-1.000000000000000000e+00,-1.000000000000000000e+00,-1.000000000000000000e+00,-1.000000000000000000e+00,-1.000000000000000000e+00,-1.000000000000000000e+00,-1.000000000000000000e+00,-1.000000000000000000e+00,-1.000000000000000000e+00,-1.000000000000000000e+00,-1.000000000000000000e+00,-1.000000000000000000e+00,-1.000000000000000000e+00,-1.000000000000000000e+00,-1.000000000000000000e+00,-1.000000000000000000e+00,-1.000000000000000000e+00,-1.000000000000000000e+00,-1.000000000000000000e+00,-1.000000000000000000e+00,-1.000000000000000000e+00,-1.000000000000000000e+00,-1.000000000000000000e+00,-1.000000000000000000e+00,-1.000000000000000000e+00,-1.000000000000000000e+00,-1.000000000000000000e+00,-1.000000000000000000e+00,-1.000000000000000000e+00,-1.000000000000000000e+00,-1.000000000000000000e+00,-1.000000000000000000e+00,-1.000000000000000000e+00,-1.000000000000000000e+00,-1.000000000000000000e+00,-1.000000000000000000e+00
-1.000000000000000000e+00,-1.000000000000000000e+00,-1.000000000000000000e+00,-1.000000000000000000e+00,-1.000000000000000000e+00,-1.000000000000000000e+00,-1.000000000000000000e+00,-1.000000000000000000e+00,-1.000000000000000000e+00,-1.000000000000000000e+00,-1.000000000000000000e+00,-1.000000000000000000e+00,-1.000000000000000000e+00,-1.000000000000000000e+00,-1.000000000000000000e+00,-1.000000000000000000e+00,-1.000000000000000000e+00,-1.000000000000000000e+00,-1.000000000000000000e+00,-1.000000000000000000e+00,-1.000000000000000000e+00,-1.000000000000000000e+00,-1.000000000000000000e+00,-1.000000000000000000e+00,-1.000000000000000000e+00,-1.000000000000000000e+00,-1.000000000000000000e+00,-1.000000000000000000e+00,-1.000000000000000000e+00,-1.000000000000000000e+00,-1.000000000000000000e+00,-1.000000000000000000e+00,-1.000000000000000000e+00,-1.000000000000000000e+00,-1.000000000000000000e+00,-1.000000000000000000e+00,-1.000000000000000000e+00,-1.000000000000000000e+00,-1.000000000000000000e+00,-1.000000000000000000e+00,-1.000000000000000000e+00,-1.000000000000000000e+00,-1.000000000000000000e+00,-1.000000000000000000e+00,-1.000000000000000000e+00,-1.000000000000000000e+00,-7.427020499257446229e-01,-7.433233129976561937e-01,-7.451442695713235143e-01,-7.480418961358759056e-01,-7.518283144640482973e-01,-7.562729504533215463e-01,-7.611272561935535919e-01,-7.661474190443124943e-01,-7.711107686555617180e-01,-7.758222288223617369e-01,-7.801073283686796866e-01,-7.837872911796422981e-01,-7.866289594157906961e-01,-7.882571888155249784e-01,-7.880095866291431106e-01,-7.847034554033600617e-01,-7.762749590690235513e-01,-7.592484543880329007e-01,-7.280199542438199334e-01,-6.740426369735863510e-01,-5.852980963857290497e-01,-4.471588345215901095e-01,-2.472669867479062589e-01,1.055701440499401400e-02,2.782244160682949552e-01,4.381819470435068808e-01,4.381819475038866152e-01,2.782244173823835709e-01,1.055701643772288811e-02,-2.472669841306455174e-01,-4.471588314354093541e-01,-5.852980930133162563e-01,-6.740426336393532392e-01,-7.280199514252472248e-01,-7.592484526404074119e-01,-7.762749588158185388e-01,-7.847034568201016747e-01,-7.880095896399594846e-01,-7.882571930506387936e-01,-7.866289644622923571e-01,-7.837872966516981066e-01,-7.801073338694426429e-01,-7.758222340082027157e-01,-7.711107736752162989e-01,-7.661474237189345171e-01,-7.611272605805776692e-01,-7.562729572148944035e-01,-7.518283263323787269e-01,-7.480419094926367141e-01,-7.451442837940627228e-01,-7.433233289674938682e-01,-7.427020657653092828e-01,-1.000000000000000000e+00,-1.000000000000000000e+00,-1.000000000000000000e+00,-1.000000000000000000e+00,-1.000000000000000000e+00,-1.000000000000000000e+00,-1.000000000000000000e+00,-1.000000000000000000e+00,-1.000000000000000000e+00,-1.000000000000000000e+00,-1.000000000000000000e+00,-1.000000000000000000e+00,-1.000000000000000000e+00,-1.000000000000000000e+00,-1.000000000000000000e+00,-1.000000000000000000e+00,-1.000000000000000000e+00,-1.000000000000000000e+00,-1.000000000000000000e+00,-1.000000000000000000e+00,-1.000000000000000000e+00,-1.000000000000000000e+00,-1.000000000000000000e+00,-1.000000000000000000e+00,-1.000000000000000000e+00,-1.000000000000000000e+00,-1.000000000000000000e+00,-1.000000000000000000e+00,-1.000000000000000000e+00,-1.000000000000000000e+00,-1.000000000000000000e+00,-1.000000000000000000e+00,-1.000000000000000000e+00,-1.000000000000000000e+00,-1.000000000000000000e+00,-1.000000000000000000e+00,-1.000000000000000000e+00,-1.000000000000000000e+00,-1.000000000000000000e+00,-1.000000000000000000e+00,-1.000000000000000000e+00,-1.000000000000000000e+00,-1.000000000000000000e+00,-1.000000000000000000e+00,-1.000000000000000000e+00,-1.000000000000000000e+00
-1.000000000000000000e+00,-1.000000000000000000e+00,-1.000000000000000000e+00,-1.000000000000000000e+00,-1.000000000000000000e+00,-1.000000000000000000e+00,-1.000000000000000000e+00,-1.000000000000000000e+00,-1.000000000000000000e+00,-1.000000000000000000e+00,-1.000000000000000000e+00,-1.000000000000000000e+00,-1.000000000000000000e+00,-1.000000000000000000e+00,-1.000000000000000000e+00,-1.000000000000000000e+00,-1.000000000000000000e+00,-1.000000000000000000e+00,-1.000000000000000000e+00,-1.000000000000000000e+00,-1.000000000000000000e+00,-1.000000000000000000e+00,-1.000000000000000000e+00,-1.000000000000000000e+00,-1.000000000000000000e+00,-1.000000000000000000e+00,-1.000000000000000000e+00,-1.000000000000000000e+00,-1.000000000000000000e+00,-1.000000000000000000e+00,-1.000000000000000000e+00,-1.000000000000000000e+00,-1.000000000000000000e+00,-1.000000000000000000e+00,-1.000000000000000000e+00,-1.000000000000000000e+00,-1.000000000000000000e+00,-1.000000000000000000e+00,-1.000000000000000000e+00,-1.000000000000000000e+00,-1.000000000000000000e+00,-1.000000000000000000e+00,-1.000000000000000000e+00,-1.000000000000000000e+00,-1.000000000000000000e+00,-1.000000000000000000e+00,-7.181866248993729052e-01,-7.191153440753133008e-01,-7.218347782120220213e-01,-7.261535611529874590e-01,-7.317803326010305920e-01,-7.383593165514061862e-01,-7.455100055888672639e-01,-7.528637662207013914e-01,-7.600910355964222154e-01,-7.669143695396152260e-01,-7.731037513154226382e-01,-7.784503645872997701e-01,-7.827127121172305912e-01,-7.855239429713293253e-01,-7.862413209726868413e-01,-7.837084590251650607e-01,-7.758907666312597762e-01,-7.593421954455740197e-01,-7.284871684966552907e-01,-6.748053516187055845e-01,-5.863025247503997894e-01,-4.483723467490003944e-01,-2.486728530836678219e-01,8.970253023434571205e-03,2.764830371598254732e-01,4.363533357258053691e-01,4.363533361629206020e-01,2.764830383822578508e-01,8.970254838444269296e-03,-2.486728508748422550e-01,-4.483723442973183149e-01,-5.863025222369093736e-01,-6.748053493133946423e-01,-7.284871667616761304e-01,-7.593421946472462825e-01,-7.758907669743186908e-01,-7.837084605326144482e-01,-7.862413235102874154e-01,-7.855239462431712338e-01,-7.827127158756883585e-01,-7.784503685959294206e-01,-7.731037552914009625e-01,-7.669143733225320947e-01,-7.600910395028365185e-01,-7.528637702690712530e-01,-7.455100097792428659e-01,-7.383593235543080002e-01,-7.317803456813330998e-01,-7.261535763387214626e-01,-7.218347942443436027e-01,-7.191153618644847700e-01,-7.181866423548202150e-01,-1.000000000000000000e+00,-1.000000000000000000e+00,-1.000000000000000000e+00,-1.000000000000000000e+00,-1.000000000000000000e+00,-1.000000000000000000e+00,-1.000000000000000000e+00,-1.000000000000000000e+00,-1.000000000000000000e+00,-1.000000000000000000e+00,-1.000000000000000000e+00,-1.000000000000000000e+00,-1.000000000000000000e+00,-1.000000000000000000e+00,-1.000000000000000000e+00,-1.000000000000000000e+00,-1.000000000000000000e+00,-1.000000000000000000e+00,-1.000000000000000000e+00,-1.000000000000000000e+00,-1.000000000000000000e+00,-1.000000000000000000e+00,-1.000000000000000000e+00,-1.000000000000000000e+00,-1.000000000000000000e+00,-1.000000000000000000e+00,-1.000000000000000000e+00,-1.000000000000000000e+00,-1.000000000000000000e+00,-1.000000000000000000e+00,-1.000000000000000000e+00,-1.000000000000000000e+00,-1.000000000000000000e+00,-1.000000000000000000e+00,-1.000000000000000000e+00,-1.000000000000000000e+00,-1.000000000000000000e+00,-1.000000000000000000e+00,-1.000000000000000000e+00,-1.000000000000000000e+00,-1.000000000000000000e+00,-1.000000000000000000e+00,-1.000000000000000000e+00,-1.000000000000000000e+00,-1.000000000000000000e+00,-1.000000000000000000e+00
-1.000000000000000000e+00,-1.000000000000000000e+00,-1.000000000000000000e+00,-1.000000000000000000e+00,-1.000000000000000000e+00,-1.000000000000000000e+00,-1.000000000000000000e+00,-1.000000000000000000e+00,-1.000000000000000000e+00,-1.000000000000000000e+00,-1.000000000000000000e+00,-1.000000000000000000e+00,-1.000000000000000000e+00,-1.000000000000000000e+00,-1.000000000000000000e+00,-1.000000000000000000e+00,-1.000000000000000000e+00,-1.000000000000000000e+00,-1.000000000000000000e+00,-1.000000000000000000e+00,-1.000000000000000000e+00,-1.000000000000000000e+00,-1.000000000000000000e+00,-1.000000000000000000e+00,-1.000000000000000000e+00,-1.000000000000000000e+00,-1.000000000000000000e+00,-1.000000000000000000e+00,-1.000000000000000000e+00,-1.000000000000000000e+00,-1.000000000000000000e+00,-1.000000000000000000e+00,-1.000000000000000000e+00,-1.000000000000000000e+00,-1.000000000000000000e+00,-1.000000000000000000e+00,-1.000000000000000000e+00,-1.000000000000000000e+00,-1.000000000000000000e+00,-1.000000000000000000e+00,-1.000000000000000000e+00,-1.000000000000000000e+00,-1.000000000000000000e+00,-1.000000000000000000e+00,-1.000000000000000000e+00,-1.000000000000000000e+00,-6.831368020472905478e-01,-6.845154787257785589e-01,-6.885489238555586589e-01,-6.949432700113120642e-01,-7.032522360392496896e-01,-7.129331907501483823e-01,-7.234096201790684022e-01,-7.341287597685337563e-01,-7.446049164780930152e-01,-7.544421045176386009e-01,-7.633323239248260839e-01,-7.710268258300299049e-01,-7.772760472153841249e-01,-7.817289893982265481e-01,-7.837745947170143834e-01,-7.822968727890855511e-01,-7.753048254004422102e-01,-7.593954133658744610e-01,-7.290332883300109090e-01,-6.757345637138599814e-01,-5.875373068562184109e-01,-4.498627072813454753e-01,-2.503894888349760262e-01,7.048141095202797857e-03,2.743895620629457355e-01,4.341640980233172353e-01,4.341640983496763972e-01,2.743895629510404444e-01,7.048142345981389667e-03,-2.503894874258054681e-01,-4.498627058512671972e-01,-5.875373055373667164e-01,-6.757345626769294400e-01,-7.290332877782078613e-01,-7.593954134513939414e-01,-7.753048261291994869e-01,-7.822968740841695912e-01,-7.837745964600828508e-01,-7.817289914574542253e-01,-7.772760495815244086e-01,-7.710268284718994058e-01,-7.633323267127896106e-01,-7.544421074721444631e-01,-7.446049199925046658e-01,-7.341287639759910277e-01,-7.234096249753447783e-01,-7.129331986612805760e-01,-7.032522506774900872e-01,-6.949432871414937818e-01,-6.885489415477574759e-01,-6.845154980502964337e-01,-6.831368207416991245e-01,-1.000000000000000000e+00,-1.000000000000000000e+00,-1.000000000000000000e+00,-1.000000000000000000e+00,-1.000000000000000000e+00,-1.000000000000000000e+00,-1.000000000000000000e+00,-1.000000000000000000e+00,-1.000000000000000000e+00,-1.000000000000000000e+00,-1.000000000000000000e+00,-1.000000000000000000e+00,-1.000000000000000000e+00,-1.000000000000000000e+00,-1.000000000000000000e+00,-1.000000000000000000e+00,-1.000000000000000000e+00,-1.000000000000000000e+00,-1.000000000000000000e+00,-1.000000000000000000e+00,-1.000000000000000000e+00,-1.000000000000000000e+00,-1.000000000000000000e+00,-1.000000000000000000e+00,-1.000000000000000000e+00,-1.000000000000000000e+00,-1.000000000000000000e+00,-1.000000000000000000e+00,-1.000000000000000000e+00,-1.000000000000000000e+00,-1.000000000000000000e+00,-1.000000000000000000e+00,-1.000000000000000000e+00,-1.000000000000000000e+00,-1.000000000000000000e+00,-1.000000000000000000e+00,-1.000000000000000000e+00,-1.000000000000000000e+00,-1.000000000000000000e+00,-1.000000000000000000e+00,-1.000000000000000000e+00,-1.000000000000000000e+00,-1.000000000000000000e+00,-1.000000000000000000e+00,-1.000000000000000000e+00,-1.000000000000000000e+00
-1.000000000000000000e+00,-1.000000000000000000e+00,-1.000000000000000000e+00,-1.000000000000000000e+00,-1.000000000000000000e+00,-1.000000000000000000e+00,-1.000000000000000000e+00,-1.000000000000000000e+00,-1.000000000000000000e+00,-1.000000000000000000e+00,-1.000000000000000000e+00,-1.000000000000000000e+00,-1.000000000000000000e+00,-1.000000000000000000e+00,-1.000000000000000000e+00,-1.000000000000000000e+00,-1.000000000000000000e+00,-1.000000000000000000e+00,-1.000000000000000000e+00,-1.000000000000000000e+00,-1.000000000000000000e+00,-1.000000000000000000e+00,-1.000000000000000000e+00,-1.000000000000000000e+00,-1.000000000000000000e+00,-1.000000000000000000e+00,-1.000000000000000000e+00,-1.000000000000000000e+00,-1.000000000000000000e+00,-1.000000000000000000e+00,-1.000000000000000000e+00,-1.000000000000000000e+00,-1.000000000000000000e+00,-1.000000000000000000e+00,-1.000000000000000000e+00,-1.000000000000000000e+00,-1.000000000000000000e+00,-1.000000000000000000e+00,-1.000000000000000000e+00,-1.000000000000000000e+00,-1.000000000000000000e+00,-1.000000000000000000e+00,-1.000000000000000000e+00,-1.000000000000000000e+00,-1.000000000000000000e+00,-1.000000000000000000e+00,-6.339278777411659904e-01,-6.359529538998314191e-01,-6.418731034032889582e-01,-6.512444582133121163e-01,-6.633942110729227348e-01,-6.775070018193913857e-01,-6.927211517845193178e-01,-7.082173861704859075e-01,-7.232858113050373294e-01,-7.373623237836173239e-01,-7.500307305466675789e-01,-7.609897256493991513e-01,-7.699831846309090899e-01,-7.766874564236047052e-01,-7.805406325627793906e-01,-7.804871893988349907e-01,-7.745998875596625810e-01,-7.595373413016999198e-01,-7.298206893875103241e-01,-6.770160652065482232e-01,-5.892047700152740486e-01,-4.518440770281580976e-01,-2.526397852465359639e-01,4.561135078465561321e-03,2.717095492626093733e-01,4.313771760684745882e-01,4.313771762093212558e-01,2.717095496138846045e-01,4.561135489997925063e-03,-2.526397849244037541e-01,-4.518440768735605406e-01,-5.892047700715529190e-01,-6.770160655124927152e-01,-7.298206899649849477e-01,-7.595373420942570508e-01,-7.745998884208258328e-01,-7.804871902179993937e-01,-7.805406333082649528e-01,-7.766874571933984894e-01,-7.699831856873891045e-01,-7.609897271873911073e-01,-7.500307325965421823e-01,-7.373623265103217417e-01,-7.232858150791847685e-01,-7.082173911572144931e-01,-6.927211577585798974e-01,-6.775070110507042109e-01,-6.633942273498625308e-01,-6.512444771924845721e-01,-6.418731224829283821e-01,-6.359529744137712992e-01,-6.339278972763838782e-01,-1.000000000000000000e+00,-1.000000000000000000e+00,-1.000000000000000000e+00,-1.000000000000000000e+00,-1.000000000000000000e+00,-1.000000000000000000e+00,-1.000000000000000000e+00,-1.000000000000000000e+00,-1.000000000000000000e+00,-1.000000000000000000e+00,-1.000000000000000000e+00,-1.000000000000000000e+00,-1.000000000000000000e+00,-1.000000000000000000e+00,-1.000000000000000000e+00,-1.000000000000000000e+00,-1.000000000000000000e+00,-1.000000000000000000e+00,-1.000000000000000000e+00,-1.000000000000000000e+00,-1.000000000000000000e+00,-1.000000000000000000e+00,-1.000000000000000000e+00,-1.000000000000000000e+00,-1.000000000000000000e+00,-1.000000000000000000e+00,-1.000000000000000000e+00,-1.000000000000000000e+00,-1.000000000000000000e+00,-1.000000000000000000e+00,-1.000000000000000000e+00,-1.000000000000000000e+00,-1.000000000000000000e+00,-1.000000000000000000e+00,-1.000000000000000000e+00,-1.000000000000000000e+00,-1.000000000000000000e+00,-1.000000000000000000e+00,-1.000000000000000000e+00,-1.000000000000000000e+00,-1.000000000000000000e+00,-1.000000000000000000e+00,-1.000000000000000000e+00,-1.000000000000000000e+00,-1.000000000000000000e+00,-1.000000000000000000e+00
-1.000000000000000000e+00,-1.000000000000000000e+00,-1.000000000000000000e+00,-1.000000000000000000e+00,-1.000000000000000000e+00,-1.000000000000000000e+00,-1.000000000000000000e+00,-1.000000000000000000e+00,-1.000000000000000000e+00,-1.000000000000000000e+00,-1.000000000000000000e+00,-1.000000000000000000e+00,-1.000000000000000000e+00,-1.000000000000000000e+00,-1.000000000000000000e+00,-1.000000000000000000e+00,-1.000000000000000000e+00,-1.000000000000000000e+00,-1.000000000000000000e+00,-1.000000000000000000e+00,-1.000000000000000000e+00,-1.000000000000000000e+00,-1.000000000000000000e+00,-1.000000000000000000e+00,-1.000000000000000000e+00,-1.000000000000000000e+00,-1.000000000000000000e+00,-1.000000000000000000e+00,-1.000000000000000000e+00,-1.000000000000000000e+00,-1.000000000000000000e+00,-1.000000000000000000e+00,-1.000000000000000000e+00,-1.000000000000000000e+00,-1.000000000000000000e+00,-1.000000000000000000e+00,-1.000000000000000000e+00,-1.000000000000000000e+00,-1.000000000000000000e+00,-1.000000000000000000e+00,-1.000000000000000000e+00,-1.000000000000000000e+00,-1.000000000000000000e+00,-1.000000000000000000e+00,-1.000000000000000000e+00,-1.000000000000000000e+00,-5.662104454578119617e-01,-5.691427475930439517e-01,-5.777101941518884010e-01,-5.912562313629967647e-01,-6.087865932239673317e-01,-6.290987952413960027e-01,-6.509267507790903462e-01,-6.730742088871046747e-01,-6.945157200003080344e-01,-7.144526459522546613e-01,-7.323204087026971010e-01,-7.477487936223874421e-01,-7.604778819556717862e-01,-7.702275790839669956e-01,-7.765092679284475441e-01,-7.783553528920437170e-01,-7.739297385158055986e-01,-7.599778353579129675e-01,-7.310990483859846067e-01,-6.789275967238033171e-01,-5.916025050980747713e-01,-4.546284015843592430e-01,-2.557465367054415628e-01,1.177860498751792662e-03,2.681050563665470232e-01,4.276510458591391561e-01,4.276510457695148482e-01,2.681050560649964609e-01,1.177859929629931912e-03,-2.557465375909414584e-01,-4.546284027719000864e-01,-5.916025065180576803e-01,-6.789275982688538491e-01,-7.310990498996010611e-01,-7.599778366095447657e-01,-7.739297392702452205e-01,-7.783553530717671753e-01,-7.765092676423126505e-01,-7.702275786883133746e-01,-7.604778819732138651e-01,-7.477487944550076371e-01,-7.323204105176915890e-01,-7.144526489983893391e-01,-6.945157245346262886e-01,-6.730742150384919631e-01,-6.509267582139004471e-01,-6.290988059087486706e-01,-6.087866109426560701e-01,-5.912562518942381384e-01,-5.777102142492706038e-01,-5.691427689125342360e-01,-5.662104654374355839e-01,-1.000000000000000000e+00,-1.000000000000000000e+00,-1.000000000000000000e+00,-1.000000000000000000e+00,-1.000000000000000000e+00,-1.000000000000000000e+00,-1.000000000000000000e+00,-1.000000000000000000e+00,-1.000000000000000000e+00,-1.000000000000000000e+00,-1.000000000000000000e+00,-1.000000000000000000e+00,-1.000000000000000000e+00,-1.000000000000000000e+00,-1.000000000000000000e+00,-1.000000000000000000e+00,-1.000000000000000000e+00,-1.000000000000000000e+00,-1.000000000000000000e+00,-1.000000000000000000e+00,-1.000000000000000000e+00,-1.000000000000000000e+00,-1.000000000000000000e+00,-1.000000000000000000e+00,-1.000000000000000000e+00,-1.000000000000000000e+00,-1.000000000000000000e+00,-1.000000000000000000e+00,-1.000000000000000000e+00,-1.000000000000000000e+00,-1.000000000000000000e+00,-1.000000000000000000e+00,-1.000000000000000000e+00,-1.000000000000000000e+00,-1.000000000000000000e+00,-1.000000000000000000e+00,-1.000000000000000000e+00,-1.000000000000000000e+00,-1.000000000000000000e+00,-1.000000000000000000e+00,-1.000000000000000000e+00,-1.000000000000000000e+00,-1.000000000000000000e+00,-1.000000000000000000e+00,-1.000000000000000000e+00,-1.000000000000000000e+00
-1.000000000000000000e+00,-1.000000000000000000e+00,-1.000000000000000000e+00,-1.000000000000000000e+00,-1.000000000000000000e+00,-1.000000000000000000e+00,-1.000000000000000000e+00,-1.000000000000000000e+00,-1.000000000000000000e+00,-1.000000000000000000e+00,-1.000000000000000000e+00,-1.000000000000000000e+00,-1.000000000000000000e+00,-1.000000000000000000e+00,-1.000000000000000000e+00,-1.000000000000000000e+00,-1.000000000000000000e+00,-1.000000000000000000e+00,-1.000000000000000000e+00,-1.000000000000000000e+00,-1.000000000000000000e+00,-1.000000000000000000e+00,-1.000000000000000000e+00,-1.000000000000000000e+00,-1.000000000000000000e+00,-1.000000000000000000e+00,-1.000000000000000000e+00,-1.000000000000000000e+00,-1.000000000000000000e+00,-1.000000000000000000e+00,-1.000000000000000000e+00,-1.000000000000000000e+00,-1.000000000000000000e+00,-1.000000000000000000e+00,-1.000000000000000000e+00,-1.000000000000000000e+00,-1.000000000000000000e+00,-1.000000000000000000e+00,-1.000000000000000000e+00,-1.000000000000000000e+00,-1.000000000000000000e+00,-1.000000000000000000e+00,-1.000000000000000000e+00,-1.000000000000000000e+00,-1.000000000000000000e+00,-1.000000000000000000e+00,-4.751338674555153352e-01,-4.793028368456586641e-01,-4.914793237194405862e-01,-5.107173984357988861e-01,-5.355838172527531693e-01,-5.643455366763781011e-01,-5.951807403906372862e-01,-6.263744989031543309e-01,-6.564674840747015683e-01,-6.843397280527255822e-01,-7.092252393667617394e-01,-7.306629321410031963e-01,-7.483922467197428041e-01,-7.621975488518509811e-01,-7.716949231029552880e-01,-7.760405097269360564e-01,-7.735250577769638980e-01,-7.610135003240769969e-01,-7.332117904209645154e-01,-6.818456333140627823e-01,-5.951305055917675002e-01,-4.586329378234853538e-01,-2.601404119565680073e-01,-3.543359799287992828e-03,2.631256820139094010e-01,4.225304637979765410e-01,4.225304634734436959e-01,2.631256810579738481e-01,-3.543361322198013141e-03,-2.601404139726334330e-01,-4.586329402125843835e-01,-5.951305081675882791e-01,-6.818456358309491483e-01,-7.332117925727170693e-01,-7.610135017630650367e-01,-7.735250582493485849e-01,-7.760405092413491523e-01,-7.716949219357638334e-01,-7.621975476031565000e-01,-7.483922461208796229e-01,-7.306629327457188072e-01,-7.092252414344817346e-01,-6.843397318421782227e-01,-6.564674896637114898e-01,-6.263745063380528055e-01,-5.951807492664789034e-01,-5.643455486017885381e-01,-5.355838359585317621e-01,-5.107174200413276965e-01,-4.914793443883427315e-01,-4.793028585616806447e-01,-4.751338874920313371e-01,-1.000000000000000000e+00,-1.000000000000000000e+00,-1.000000000000000000e+00,-1.000000000000000000e+00,-1.000000000000000000e+00,-1.000000000000000000e+00,-1.000000000000000000e+00,-1.000000000000000000e+00,-1.000000000000000000e+00,-1.000000000000000000e+00,-1.000000000000000000e+00,-1.000000000000000000e+00,-1.000000000000000000e+00,-1.000000000000000000e+00,-1.000000000000000000e+00,-1.000000000000000000e+00,-1.000000000000000000e+00,-1.000000000000000000e+00,-1.000000000000000000e+00,-1.000000000000000000e+00,-1.000000000000000000e+00,-1.000000000000000000e+00,-1.000000000000000000e+00,-1.000000000000000000e+00,-1.000000000000000000e+00,-1.000000000000000000e+00,-1.000000000000000000e+00,-1.000000000000000000e+00,-1.000000000000000000e+00,-1.000000000000000000e+00,-1.000000000000000000e+00,-1.000000000000000000e+00,-1.000000000000000000e+00,-1.000000000000000000e+00,-1.000000000000000000e+00,-1.000000000000000000e+00,-1.000000000000000000e+00,-1.000000000000000000e+00,-1.000000000000000000e+00,-1.000000000000000000e+00,-1.000000000000000000e+00,-1.000000000000000000e+00,-1.000000000000000000e+00,-1.000000000000000000e+00,-1.000000000000000000e+00,-1.000000000000000000e+00
-1.000000000000000000e+00,-1.000000000000000000e+00,-1.000000000000000000e+00,-1.000000000000000000e+00,-1.000000000000000000e+00,-1.000000000000000000e+00,-1.000000000000000000e+00,-1.000000000000000000e+00,-1.000000000000000000e+00,-1.000000000000000000e+00,-1.000000000000000000e+00,-1.000000000000000000e+00,-1.000000000000000000e+00,-1.000000000000000000e+00,-1.000000000000000000e+00,-1.000000000000000000e+00,-1.000000000000000000e+00,-1.000000000000000000e+00,-1.000000000000000000e+00,-1.000000000000000000e+00,-1.000000000000000000e+00,-1.000000000000000000e+00,-1.000000000000000000e+00,-1.000000000000000000e+00,-1.000000000000000000e+00,-1.000000000000000000e+00,-1.000000000000000000e+00,-1.000000000000000000e+00,-1.000000000000000000e+00,-1.000000000000000000e+00,-1.000000000000000000e+00,-1.000000000000000000e+00,-1.000000000000000000e+00,-1.000000000000000000e+00,-1.000000000000000000e+00,-1.000000000000000000e+00,-1.000000000000000000e+00,-1.000000000000000000e+00,-1.000000000000000000e+00,-1.000000000000000000e+00,-1.000000000000000000e+00,-1.000000000000000000e+00,-1.000000000000000000e+00,-1.000000000000000000e+00,-1.000000000000000000e+00,-1.000000000000000000e+00,-3.558812219363833851e-01,-3.616749743808114204e-01,-3.785966131307966220e-01,-4.053278172148603309e-01,-4.398654140412942004e-01,-4.797811100905393644e-01,-5.225187355024143443e-01,-5.656731125310231478e-01,-6.072042580299754633e-01,-6.455604417243576698e-01,-6.797045228320202082e-01,-7.090534014828306919e-01,-7.333466724669337466e-01,-7.524570026560601921e-01,-7.661429965304805689e-01,-7.737285117949713742e-01,-7.736754365140589007e-01,-7.630090609675620472e-01,-7.365772941529745710e-01,-6.862266911079660803e-01,-6.002727321333904964e-01,-4.643621862653404264e-01,-2.663423490074242617e-01,-1.013743409304868059e-02,2.562251181968775438e-01,4.154627019282539635e-01,4.154627014071770041e-01,2.562251167032323362e-01,-1.013743637439523670e-02,-2.663423518862788608e-01,-4.643621895245403364e-01,-6.002727354876877808e-01,-6.862266942035584183e-01,-7.365772965843757625e-01,-7.630090623403007477e-01,-7.736754366203427713e-01,-7.737285107593572242e-01,-7.661429947927639317e-01,-7.524570010050024571e-01,-7.333466717594832041e-01,-7.090534023439480915e-01,-6.797045255558052945e-01,-6.455604465047185547e-01,-6.072042647363378176e-01,-5.656731211049272900e-01,-5.225187455229973743e-01,-4.797811228437334208e-01,-4.398654330731655016e-01,-4.053278392697198251e-01,-3.785966338636209683e-01,-3.616749960573653055e-01,-3.558812416441818893e-01,-1.000000000000000000e+00,-1.000000000000000000e+00,-1.000000000000000000e+00,-1.000000000000000000e+00,-1.000000000000000000e+00,-1.000000000000000000e+00,-1.000000000000000000e+00,-1.000000000000000000e+00,-1.000000000000000000e+00,-1.000000000000000000e+00,-1.000000000000000000e+00,-1.000000000000000000e+00,-1.000000000000000000e+00,-1.000000000000000000e+00,-1.000000000000000000e+00,-1.000000000000000000e+00,-1.000000000000000000e+00,-1.000000000000000000e+00,-1.000000000000000000e+00,-1.000000000000000000e+00,-1.000000000000000000e+00,-1.000000000000000000e+00,-1.000000000000000000e+00,-1.000000000000000000e+00,-1.000000000000000000e+00,-1.000000000000000000e+00,-1.000000000000000000e+00,-1.000000000000000000e+00,-1.000000000000000000e+00,-1.000000000000000000e+00,-1.000000000000000000e+00,-1.000000000000000000e+00,-1.000000000000000000e+00,-1.000000000000000000e+00,-1.000000000000000000e+00,-1.000000000000000000e+00,-1.000000000000000000e+00,-1.000000000000000000e+00,-1.000000000000000000e+00,-1.000000000000000000e+00,-1.000000000000000000e+00,-1.000000000000000000e+00,-1.000000000000000000e+00,-1.000000000000000000e+00,-1.000000000000000000e+00,-1.000000000000000000e+00
-1.000000000000000000e+00,-1.000000000000000000e+00,-1.000000000000000000e+00,-1.000000000000000000e+00,-1.000000000000000000e+00,-1.000000000000000000e+00,-1.000000000000000000e+00,-1.000000000000000000e+00,-1.000000000000000000e+00,-1.000000000000000000e+00,-1.000000000000000000e+00,-1.000000000000000000e+00,-1.000000000000000000e+00,-1.000000000000000000e+00,-1.000000000000000000e+00,-1.000000000000000000e+00,-1.000000000000000000e+00,-1.000000000000000000e+00,-1.000000000000000000e+00,-1.000000000000000000e+00,-1.000000000000000000e+00,-1.000000000000000000e+00,-1.000000000000000000e+00,-1.000000000000000000e+00,-1.000000000000000000e+00,-1.000000000000000000e+00,-1.000000000000000000e+00,-1.000000000000000000e+00,-1.000000000000000000e+00,-1.000000000000000000e+00,-1.000000000000000000e+00,-1.000000000000000000e+00,-1.000000000000000000e+00,-1.000000000000000000e+00,-1.000000000000000000e+00,-1.000000000000000000e+00,-1.000000000000000000e+00,-1.000000000000000000e+00,-1.000000000000000000e+00,-1.000000000000000000e+00,-1.000000000000000000e+00,-1.000000000000000000e+00,-1.000000000000000000e+00,-1.000000000000000000e+00,-1.000000000000000000e+00,-1.000000000000000000e+00,-2.046385620152465501e-01,-2.124685818593565756e-01,-2.353473719095280359e-01,-2.715139925895493356e-01,-3.182747703326145317e-01,-3.723425393266606154e-01,-4.302377098501536379e-01,-4.886730886570092025e-01,-5.448555818564091435e-01,-5.966652001663574900e-01,-6.427018060823759260e-01,-6.822135824851640606e-01,-7.149327487228306355e-01,-7.408422217619718975e-01,-7.598838693603066075e-01,-7.715991750532956717e-01,-7.746727898908243315e-01,-7.663387425564580635e-01,-7.416293281340899934e-01,-6.925474481086577594e-01,-6.075372765927337104e-01,-4.723483127770156109e-01,-2.749043759017059108e-01,-1.917380906276500152e-02,2.468193630969537367e-01,4.058554634126385618e-01,4.058554627690929006e-01,2.468193612785956059e-01,-1.917381177459198671e-02,-2.749043792304908251e-01,-4.723483164372699328e-01,-6.075372802365712754e-01,-6.925474513226499429e-01,-7.416293304779191242e-01,-7.663387436614756965e-01,-7.746727896452479945e-01,-7.715991737005802875e-01,-7.598838674705357121e-01,-7.408422202265176892e-01,-7.149327484227645524e-01,-6.822135840259302419e-01,-6.427018097315749801e-01,-5.966652059892958437e-01,-5.448555895247169101e-01,-4.886730980078816122e-01,-4.302377205122045467e-01,-3.723425523055375885e-01,-3.182747889086822157e-01,-2.715140143806205053e-01,-2.353473921663692403e-01,-2.124686030366431666e-01,-2.046385810077665512e-01,-1.000000000000000000e+00,-1.000000000000000000e+00,-1.000000000000000000e+00,-1.000000000000000000e+00,-1.000000000000000000e+00,-1.000000000000000000e+00,-1.000000000000000000e+00,-1.000000000000000000e+00,-1.000000000000000000e+00,-1.000000000000000000e+00,-1.000000000000000000e+00,-1.000000000000000000e+00,-1.000000000000000000e+00,-1.000000000000000000e+00,-1.000000000000000000e+00,-1.000000000000000000e+00,-1.000000000000000000e+00,-1.000000000000000000e+00,-1.000000000000000000e+00,-1.000000000000000000e+00,-1.000000000000000000e+00,-1.000000000000000000e+00,-1.000000000000000000e+00,-1.000000000000000000e+00,-1.000000000000000000e+00,-1.000000000000000000e+00,-1.000000000000000000e+00,-1.000000000000000000e+00,-1.000000000000000000e+00,-1.000000000000000000e+00,-1.000000000000000000e+00,-1.000000000000000000e+00,-1.000000000000000000e+00,-1.000000000000000000e+00,-1.000000000000000000e+00,-1.000000000000000000e+00,-1.000000000000000000e+00,-1.000000000000000000e+00,-1.000000000000000000e+00,-1.000000000000000000e+00,-1.000000000000000000e+00,-1.000000000000000000e+00,-1.000000000000000000e+00,-1.000000000000000000e+00,-1.000000000000000000e+00,-1.000000000000000000e+00
-1.000000000000000000e+00,-1.000000000000000000e+00,-1.000000000000000000e+00,-1.000000000000000000e+00,-1.000000000000000000e+00,-1.000000000000000000e+00,-1.000000000000000000e+00,-1.000000000000000000e+00,-1.000000000000000000e+00,-1.000000000000000000e+00,-1.000000000000000000e+00,-1.000000000000000000e+00,-1.000000000000000000e+00,-1.000000000000000000e+00,-1.000000000000000000e+00,-1.000000000000000000e+00,-1.000000000000000000e+00,-1.000000000000000000e+00,-1.000000000000000000e+00,-1.000000000000000000e+00,-1.000000000000000000e+00,-1.000000000000000000e+00,-1.000000000000000000e+00,-1.000000000000000000e+00,-1.000000000000000000e+00,-1.000000000000000000e+00,-1.000000000000000000e+00,-1.000000000000000000e+00,-1.000000000000000000e+00,-1.000000000000000000e+00,-1.000000000000000000e+00,-1.000000000000000000e+00,-1.000000000000000000e+00,-1.000000000000000000e+00,-1.000000000000000000e+00,-1.000000000000000000e+00,-1.000000000000000000e+00,-1.000000000000000000e+00,-1.000000000000000000e+00,-1.000000000000000000e+00,-1.000000000000000000e+00,-1.000000000000000000e+00,-1.000000000000000000e+00,-1.000000000000000000e+00,-1.000000000000000000e+00,-1.000000000000000000e+00,-2.006422895857518096e-02,-3.029243345459220471e-02,-6.021138250881430398e-02,-1.075957812085127641e-01,-1.689959159277047984e-01,-2.401465117317231890e-01,-3.164799934221540489e-01,-3.936378312610990804e-01,-4.678855467562447190e-01,-5.363717603707285342e-01,-5.972120884205626146e-01,-6.494133610390894207e-01,-6.926738462717678679e-01,-7.270973200856954977e-01,-7.528450964481517849e-01,-7.697266675349800913e-01,-7.767047211838357113e-01,-7.712756617910135892e-01,-7.487043396605730372e-01,-7.011910345480232287e-01,-6.173422839923595751e-01,-4.830370578572953377e-01,-2.862957128473740953e-01,-3.114287923121628054e-02,2.343999824097489082e-01,3.931899285976478975e-01,3.931899279271371395e-01,2.343999805354874955e-01,-3.114288197408188186e-02,-2.862957161419279473e-01,-4.830370613922517764e-01,-6.173422874058234200e-01,-7.011910374257677159e-01,-7.487043415955807468e-01,-7.712756625040204650e-01,-7.767047206876656062e-01,-7.697266661714396996e-01,-7.528450948614394678e-01,-7.270973191697114313e-01,-6.926738468282749306e-01,-6.494133635698275953e-01,-5.972120931086359885e-01,-5.363717671098731099e-01,-4.678855550627595283e-01,-3.936378408878860036e-01,-3.164800041114904650e-01,-2.401465242612986772e-01,-1.689959332452521945e-01,-1.075958020047695918e-01,-6.021140175714356779e-02,-3.029245365953725511e-02,-2.006424685137297992e-02,-1.000000000000000000e+00,-1.000000000000000000e+00,-1.000000000000000000e+00,-1.000000000000000000e+00,-1.000000000000000000e+00,-1.000000000000000000e+00,-1.000000000000000000e+00,-1.000000000000000000e+00,-1.000000000000000000e+00,-1.000000000000000000e+00,-1.000000000000000000e+00,-1.000000000000000000e+00,-1.000000000000000000e+00,-1.000000000000000000e+00,-1.000000000000000000e+00,-1.000000000000000000e+00,-1.000000000000000000e+00,-1.000000000000000000e+00,-1.000000000000000000e+00,-1.000000000000000000e+00,-1.000000000000000000e+00,-1.000000000000000000e+00,-1.000000000000000000e+00,-1.000000000000000000e+00,-1.000000000000000000e+00,-1.000000000000000000e+00,-1.000000000000000000e+00,-1.000000000000000000e+00,-1.000000000000000000e+00,-1.000000000000000000e+00,-1.000000000000000000e+00,-1.000000000000000000e+00,-1.000000000000000000e+00,-1.000000000000000000e+00,-1.000000000000000000e+00,-1.000000000000000000e+00,-1.000000000000000000e+00,-1.000000000000000000e+00,-1.000000000000000000e+00,-1.000000000000000000e+00,-1.000000000000000000e+00,-1.000000000000000000e+00,-1.000000000000000000e+00,-1.000000000000000000e+00,-1.000000000000000000e+00,-1.000000000000000000e+00
-1.000000000000000000e+00,-1.000000000000000000e+00,-1.000000000000000000e+00,-1.000000000000000000e+00,-1.000000000000000000e+00,-1.000000000000000000e+00,-1.000000000000000000e+00,-1.000000000000000000e+00,-1.000000000000000000e+00,-1.000000000000000000e+00,-1.000000000000000000e+00,-1.000000000000000000e+00,-1.000000000000000000e+00,-1.000000000000000000e+00,-1.000000000000000000e+00,-1.000000000000000000e+00,-1.000000000000000000e+00,-1.000000000000000000e+00,-1.000000000000000000e+00,-1.000000000000000000e+00,-1.000000000000000000e+00,-1.000000000000000000e+00,-1.000000000000000000e+00,-1.000000000000000000e+00,-1.000000000000000000e+00,-1.000000000000000000e+00,-1.000000000000000000e+00,-1.000000000000000000e+00,-1.000000000000000000e+00,-1.000000000000000000e+00,-1.000000000000000000e+00,-1.000000000000000000e+00,-1.000000000000000000e+00,-1.000000000000000000e+00,-1.000000000000000000e+00,-1.000000000000000000e+00,-1.000000000000000000e+00,-1.000000000000000000e+00,-1.000000000000000000e+00,-1.000000000000000000e+00,-1.000000000000000000e+00,-1.000000000000000000e+00,-1.000000000000000000e+00,-1.000000000000000000e+00,-1.000000000000000000e+00,-1.000000000000000000e+00,1.948550094750576278e-01,1.820333259155648697e-01,1.444502182273381674e-01,8.471500747936655529e-02,6.977805088081323603e-03,-8.350966423491057444e-02,-1.810089808110482146e-01,-2.799437832271681748e-01,-3.754549522663304106e-01,-4.637735538506292388e-01,-5.423718974879223609e-01,-6.099021565167217496e-01,-6.659665319594553212e-01,-7.107736019805004357e-01,-7.447230317583148906e-01,-7.679334580879555450e-01,-7.796975832014152452e-01,-7.778284169839972950e-01,-7.578743409144553800e-01,-7.122778833195497761e-01,-6.298457338262124505e-01,-4.966169889421189199e-01,-3.007317919101170078e-01,-4.628493897091934262e-02,2.187051361356855406e-01,3.771917355577252273e-01,3.771917349597482261e-01,2.187051344814330278e-01,-4.628494134533245319e-02,-3.007317946998092628e-01,-4.966169918582015175e-01,-6.298457365443391742e-01,-7.122778854833549111e-01,-7.578743422102183214e-01,-7.778284172664532425e-01,-7.796975826120473574e-01,-7.679334570307827512e-01,-7.447230308846841673e-01,-7.107736020908649310e-01,-6.659665336893052512e-01,-6.099021601992281605e-01,-5.423719031726772499e-01,-4.637735612427402732e-01,-3.754549607863988392e-01,-2.799437925777691349e-01,-1.810089908980638818e-01,-8.350967565897104983e-02,6.977789764085917668e-03,8.471498836849056246e-02,1.444502004805601203e-01,1.820333071592230567e-01,1.948549930572223143e-01,-1.000000000000000000e+00,-1.000000000000000000e+00,-1.000000000000000000e+00,-1.000000000000000000e+00,-1.000000000000000000e+00,-1.000000000000000000e+00,-1.000000000000000000e+00,-1.000000000000000000e+00,-1.000000000000000000e+00,-1.000000000000000000e+00,-1.000000000000000000e+00,-1.000000000000000000e+00,-1.000000000000000000e+00,-1.000000000000000000e+00,-1.000000000000000000e+00,-1.000000000000000000e+00,-1.000000000000000000e+00,-1.000000000000000000e+00,-1.000000000000000000e+00,-1.000000000000000000e+00,-1.000000000000000000e+00,-1.000000000000000000e+00,-1.000000000000000000e+00,-1.000000000000000000e+00,-1.000000000000000000e+00,-1.000000000000000000e+00,-1.000000000000000000e+00,-1.000000000000000000e+00,-1.000000000000000000e+00,-1.000000000000000000e+00,-1.000000000000000000e+00,-1.000000000000000000e+00,-1.000000000000000000e+00,-1.000000000000000000e+00,-1.000000000000000000e+00,-1.000000000000000000e+00,-1.000000000000000000e+00,-1.000000000000000000e+00,-1.000000000000000000e+00,-1.000000000000000000e+00,-1.000000000000000000e+00,-1.000000000000000000e+00,-1.000000000000000000e+00,-1.000000000000000000e+00,-1.000000000000000000e+00,-1.000000000000000000e+00
-1.000000000000000000e+00,-1.000000000000000000e+00,-1.000000000000000000e+00,-1.000000000000000000e+00,-1.000000000000000000e+00,-1.000000000000000000e+00,-1.000000000000000000e+00,-1.000000000000000000e+00,-1.000000000000000000e+00,-1.000000000000000000e+00,-1.000000000000000000e+00,-1.000000000000000000e+00,-1.000000000000000000e+00,-1.000000000000000000e+00,-1.000000000000000000e+00,-1.000000000000000000e+00,-1.000000000000000000e+00,-1.000000000000000000e+00,-1.000000000000000000e+00,-1.000000000000000000e+00,-1.000000000000000000e+00,-1.000000000000000000e+00,-1.000000000000000000e+00,-1.000000000000000000e+00,-1.000000000000000000e+00,-1.000000000000000000e+00,-1.000000000000000000e+00,-1.000000000000000000e+00,-1.000000000000000000e+00,-1.000000000000000000e+00,-1.000000000000000000e+00,-1.000000000000000000e+00,-1.000000000000000000e+00,-1.000000000000000000e+00,-1.000000000000000000e+00,-1.000000000000000000e+00,-1.000000000000000000e+00,-1.000000000000000000e+00,-1.000000000000000000e+00,-1.000000000000000000e+00,-1.000000000000000000e+00,-1.000000000000000000e+00,-1.000000000000000000e+00,-1.000000000000000000e+00,-1.000000000000000000e+00,-1.000000000000000000e+00,4.310309810041395018e-01,4.157353689514775574e-01,3.707432935660721629e-01,2.988051096567789777e-01,2.045226433699562918e-01,9.395239018652312701e-02,-2.607218450575055080e-02,-1.487144847440582396e-01,-2.678497746355712472e-01,-3.785953992451448480e-01,-4.775777929562262658e-01,-5.629235862237349508e-01,-6.340198642625818337e-01,-6.911161242687704487e-01,-7.348336840376166190e-01,-7.656177037956963805e-01,-7.831288546321111266e-01,-7.855440926619108311e-01,-7.687441738732065932e-01,-7.254595101756409203e-01,-6.447370779920683637e-01,-5.128097580619761509e-01,-3.179635526544407620e-01,-6.437876458683466918e-02,1.999314988873173160e-01,3.580431426164802922e-01,3.580431421771210765e-01,1.999314976884483119e-01,-6.437876626153249404e-02,-3.179635545618477721e-01,-5.128097599802341477e-01,-6.447370796792172287e-01,-7.254595113807004170e-01,-7.687441744174455804e-01,-7.855440925533291319e-01,-7.831288541221095301e-01,-7.656177033088051864e-01,-7.348336841678869691e-01,-6.911161256478393078e-01,-6.340198673028412113e-01,-5.629235910530236975e-01,-4.775777994578578323e-01,-3.785954069445992554e-01,-2.678497829180614964e-01,-1.487144933007849001e-01,-2.607219343040767523e-02,9.395238042879205942e-02,2.045226306368916891e-01,2.988050928350045599e-01,3.707432777466617146e-01,4.157353521045257239e-01,4.310309664038800559e-01,-1.000000000000000000e+00,-1.000000000000000000e+00,-1.000000000000000000e+00,-1.000000000000000000e+00,-1.000000000000000000e+00,-1.000000000000000000e+00,-1.000000000000000000e+00,-1.000000000000000000e+00,-1.000000000000000000e+00,-1.000000000000000000e+00,-1.000000000000000000e+00,-1.000000000000000000e+00,-1.000000000000000000e+00,-1.000000000000000000e+00,-1.000000000000000000e+00,-1.000000000000000000e+00,-1.000000000000000000e+00,-1.000000000000000000e+00,-1.000000000000000000e+00,-1.000000000000000000e+00,-1.000000000000000000e+00,-1.000000000000000000e+00,-1.000000000000000000e+00,-1.000000000000000000e+00,-1.000000000000000000e+00,-1.000000000000000000e+00,-1.000000000000000000e+00,-1.000000000000000000e+00,-1.000000000000000000e+00,-1.000000000000000000e+00,-1.000000000000000000e+00,-1.000000000000000000e+00,-1.000000000000000000e+00,-1.000000000000000000e+00,-1.000000000000000000e+00,-1.000000000000000000e+00,-1.000000000000000000e+00,-1.000000000000000000e+00,-1.000000000000000000e+00,-1.000000000000000000e+00,-1.000000000000000000e+00,-1.000000000000000000e+00,-1.000000000000000000e+00,-1.000000000000000000e+00,-1.000000000000000000e+00,-1.000000000000000000e+00
-1.000000000000000000e+00,-1.000000000000000000e+00,-1.000000000000000000e+00,-1.000000000000000000e+00,-1.000000000000000000e+00,-1.000000000000000000e+00,-1.000000000000000000e+00,-1.000000000000000000e+00,-1.000000000000000000e+00,-1.000000000000000000e+00,-1.000000000000000000e+00,-1.000000000000000000e+00,-1.000000000000000000e+00,-1.000000000000000000e+00,-1.000000000000000000e+00,-1.000000000000000000e+00,-1.000000000000000000e+00,-1.000000000000000000e+00,-1.000000000000000000e+00,-1.000000000000000000e+00,-1.000000000000000000e+00,-1.000000000000000000e+00,-1.000000000000000000e+00,-1.000000000000000000e+00,-1.000000000000000000e+00,-1.000000000000000000e+00,-1.000000000000000000e+00,-1.000000000000000000e+00,-1.000000000000000000e+00,-1.000000000000000000e+00,-1.000000000000000000e+00,-1.000000000000000000e+00,-1.000000000000000000e+00,-1.000000000000000000e+00,-1.000000000000000000e+00,-1.000000000000000000e+00,-1.000000000000000000e+00,-1.000000000000000000e+00,-1.000000000000000000e+00,-1.000000000000000000e+00,-1.000000000000000000e+00,-1.000000000000000000e+00,-1.000000000000000000e+00,-1.000000000000000000e+00,-1.000000000000000000e+00,-1.000000000000000000e+00,6.725487355646257992e-01,6.553430111381561840e-01,6.044495302505301648e-01,5.223189765573115206e-01,4.135313998924052825e-01,2.845184010675829711e-01,1.428934677488937766e-01,-3.388508123327915733e-03,-1.468988848744852138e-01,-2.814675345024109099e-01,-4.026354166545474955e-01,-5.077633093083958604e-01,-5.958257150518917467e-01,-6.669771936849288041e-01,-7.219860053607634054e-01,-7.615988843523153751e-01,-7.858541795293049192e-01,-7.933229998971769170e-01,-7.802581802558398172e-01,-7.397198536464404395e-01,-6.610349498283610847e-01,-5.306651759568028481e-01,-3.370704411276099766e-01,-8.453289910571148980e-02,1.789442931394025216e-01,3.365937582853402166e-01,3.365937580629372317e-01,1.789442925517201743e-01,-8.453289987195700128e-02,-3.370704419297220200e-01,-5.306651766726784292e-01,-6.610349503285020134e-01,-7.397198538134586165e-01,-7.802581800627257369e-01,-7.933229994975601329e-01,-7.858541792496657186e-01,-7.615988845982449851e-01,-7.219860066187064884e-01,-6.669771963739472564e-01,-5.958257193424957299e-01,-5.077633151178122528e-01,-4.026354236912704776e-01,-2.814675421423344925e-01,-1.468988925145763291e-01,-3.388515478018772065e-03,1.428934604057079394e-01,2.845183933787631680e-01,4.135313901538695269e-01,5.223189624927100372e-01,6.044495166786842955e-01,6.553429966040589250e-01,6.725487230442785958e-01,-1.000000000000000000e+00,-1.000000000000000000e+00,-1.000000000000000000e+00,-1.000000000000000000e+00,-1.000000000000000000e+00,-1.000000000000000000e+00,-1.000000000000000000e+00,-1.000000000000000000e+00,-1.000000000000000000e+00,-1.000000000000000000e+00,-1.000000000000000000e+00,-1.000000000000000000e+00,-1.000000000000000000e+00,-1.000000000000000000e+00,-1.000000000000000000e+00,-1.000000000000000000e+00,-1.000000000000000000e+00,-1.000000000000000000e+00,-1.000000000000000000e+00,-1.000000000000000000e+00,-1.000000000000000000e+00,-1.000000000000000000e+00,-1.000000000000000000e+00,-1.000000000000000000e+00,-1.000000000000000000e+00,-1.000000000000000000e+00,-1.000000000000000000e+00,-1.000000000000000000e+00,-1.000000000000000000e+00,-1.000000000000000000e+00,-1.000000000000000000e+00,-1.000000000000000000e+00,-1.000000000000000000e+00,-1.000000000000000000e+00,-1.000000000000000000e+00,-1.000000000000000000e+00,-1.000000000000000000e+00,-1.000000000000000000e+00,-1.000000000000000000e+00,-1.000000000000000000e+00,-1.000000000000000000e+00,-1.000000000000000000e+00,-1.000000000000000000e+00,-1.000000000000000000e+00,-1.000000000000000000e+00,-1.000000000000000000e+00
-1.000000000000000000e+00,-1.000000000000000000e+00,-1.000000000000000000e+00,-1.000000000000000000e+00,-1.000000000000000000e+00,-1.000000000000000000e+00,-1.000000000000000000e+00,-1.000000000000000000e+00,-1.000000000000000000e+00,-1.000000000000000000e+00,-1.000000000000000000e+00,-1.000000000000000000e+00,-1.000000000000000000e+00,-1.000000000000000000e+00,-1.000000000000000000e+00,-1.000000000000000000e+00,-1.000000000000000000e+00,-1.000000000000000000e+00,-1.000000000000000000e+00,-1.000000000000000000e+00,-1.000000000000000000e+00,-1.000000000000000000e+00,-1.000000000000000000e+00,-1.000000000000000000e+00,-1.000000000000000000e+00,-1.000000000000000000e+00,-1.000000000000000000e+00,-1.000000000000000000e+00,-1.000000000000000000e+00,-1.000000000000000000e+00,-1.000000000000000000e+00,-1.000000000000000000e+00,-1.000000000000000000e+00,-1.000000000000000000e+00,-1.000000000000000000e+00,-1.000000000000000000e+00,-1.000000000000000000e+00,-1.000000000000000000e+00,-1.000000000000000000e+00,-1.000000000000000000e+00,-1.000000000000000000e+00,-1.000000000000000000e+00,-1.000000000000000000e+00,-1.000000000000000000e+00,-1.000000000000000000e+00,-1.000000000000000000e+00,8.982738932579892310e-01,8.801856158631171656e-01,8.262249083591410859e-01,7.379453451250759244e-01,6.192921813775613682e-01,4.764157227865153388e-01,3.171066467530616606e-01,1.500268243528446455e-01,-1.624233297724730907e-02,-1.741568379312836701e-01,-3.179300729616176824e-01,-4.438545501634760804e-01,-5.502053433461224774e-01,-6.368143309092043625e-01,-7.044420919864984310e-01,-7.540498108499371632e-01,-7.860188869535827960e-01,-7.993155534237117443e-01,-7.905866806780781353e-01,-7.532543075112794195e-01,-6.769606946962571925e-01,-5.484304327404321278e-01,-3.563260079671829450e-01,-1.050481020596857329e-01,1.574173573015122951e-01,3.145019885163231610e-01,3.145019885321669317e-01,1.574173573764630074e-01,-1.050481018635245345e-01,-3.563260076284113786e-01,-5.484304322515209940e-01,-6.769606940508408055e-01,-7.532543067303745232e-01,-7.905866798771538084e-01,-7.993155528712819757e-01,-7.860188870092867930e-01,-7.540498118687140039e-01,-7.044420943182099215e-01,-6.368143347527146503e-01,-5.502053486485901646e-01,-4.438545566562024369e-01,-3.179300801960275313e-01,-1.741568451781401183e-01,-1.624233967354993258e-02,1.500268184466002630e-01,3.171066412190255424e-01,4.764157173637362241e-01,6.192921747987387704e-01,7.379453340945834050e-01,8.262248972005286074e-01,8.801856039271098719e-01,8.982738829426646365e-01,-1.000000000000000000e+00,-1.000000000000000000e+00,-1.000000000000000000e+00,-1.000000000000000000e+00,-1.000000000000000000e+00,-1.000000000000000000e+00,-1.000000000000000000e+00,-1.000000000000000000e+00,-1.000000000000000000e+00,-1.000000000000000000e+00,-1.000000000000000000e+00,-1.000000000000000000e+00,-1.000000000000000000e+00,-1.000000000000000000e+00,-1.000000000000000000e+00,-1.000000000000000000e+00,-1.000000000000000000e+00,-1.000000000000000000e+00,-1.000000000000000000e+00,-1.000000000000000000e+00,-1.000000000000000000e+00,-1.000000000000000000e+00,-1.000000000000000000e+00,-1.000000000000000000e+00,-1.000000000000000000e+00,-1.000000000000000000e+00,-1.000000000000000000e+00,-1.000000000000000000e+00,-1.000000000000000000e+00,-1.000000000000000000e+00,-1.000000000000000000e+00,-1.000000000000000000e+00,-1.000000000000000000e+00,-1.000000000000000000e+00,-1.000000000000000000e+00,-1.000000000000000000e+00,-1.000000000000000000e+00,-1.000000000000000000e+00,-1.000000000000000000e+00,-1.000000000000000000e+00,-1.000000000000000000e+00,-1.000000000000000000e+00,-1.000000000000000000e+00,-1.000000000000000000e+00,-1.000000000000000000e+00,-1.000000000000000000e+00
-1.000000000000000000e+00,-1.000000000000000000e+00,-1.000000000000000000e+00,-1.000000000000000000e+00,-1.000000000000000000e+00,-1.000000000000000000e+00,-1.000000000000000000e+00,-1.000000000000000000e+00,-1.000000000000000000e+00,-1.000000000000000000e+00,-1.000000000000000000e+00,-1.000000000000000000e+00,-1.000000000000000000e+00,-1.000000000000000000e+00,-1.000000000000000000e+00,-1.000000000000000000e+00,-1.000000000000000000e+00,-1.000000000000000000e+00,-1.000000000000000000e+00,-1.000000000000000000e+00,-1.000000000000000000e+00,-1.000000000000000000e+00,-1.000000000000000000e+00,-1.000000000000000000e+00,-1.000000000000000000e+00,-1.000000000000000000e+00,-1.000000000000000000e+00,-1.000000000000000000e+00,-1.000000000000000000e+00,-1.000000000000000000e+00,-1.000000000000000000e+00,-1.000000000000000000e+00,-1.000000000000000000e+00,-1.000000000000000000e+00,-1.000000000000000000e+00,-1.000000000000000000e+00,-1.000000000000000000e+00,-1.000000000000000000e+00,-1.000000000000000000e+00,-1.000000000000000000e+00,-1.000000000000000000e+00,-1.000000000000000000e+00,-1.000000000000000000e+00,-1.000000000000000000e+00,-1.000000000000000000e+00,-1.000000000000000000e+00,1.086545231444521420e+00,1.068886471426359730e+00,1.015543764234733803e+00,9.265604896426358206e-01,8.047661628371476361e-01,6.552981291687478560e-01,4.852683563469832873e-01,3.033142163099904476e-01,1.187320399566791362e-01,-5.966360479420107499e-02,-2.245924328841719664e-01,-3.709590580589610109e-01,-4.959784542304470634e-01,-5.988365167310485404e-01,-6.800384907206822316e-01,-7.405949985451252271e-01,-7.811369731704087549e-01,-8.009856198786624581e-01,-7.971770422742336937e-01,-7.635112046109081563e-01,-6.899722403384038749e-01,-5.635776384787256621e-01,-3.732198674947664330e-01,-1.234342607995997376e-01,1.378204128606230761e-01,2.942246552150096228e-01,2.942246554504581724e-01,1.378204135393625851e-01,-1.234342597454131107e-01,-3.732198661648162830e-01,-5.635776369747972359e-01,-6.899722387677997837e-01,-7.635112031155069090e-01,-7.971770410814037477e-01,-8.009856193262574475e-01,-7.811369736108070283e-01,-7.405950002618459926e-01,-6.800384939214056956e-01,-5.988365214193998032e-01,-4.959784601778052249e-01,-3.709590648582276051e-01,-2.245924399698633334e-01,-5.966361138550502208e-02,1.187320343716602444e-01,3.033142119178866558e-01,4.852683526384482526e-01,6.552981259808869918e-01,8.047661593179771256e-01,9.265604816837551549e-01,1.015543755460986741e+00,1.068886462199267307e+00,1.086545223285452444e+00,-1.000000000000000000e+00,-1.000000000000000000e+00,-1.000000000000000000e+00,-1.000000000000000000e+00,-1.000000000000000000e+00,-1.000000000000000000e+00,-1.000000000000000000e+00,-1.000000000000000000e+00,-1.000000000000000000e+00,-1.000000000000000000e+00,-1.000000000000000000e+00,-1.000000000000000000e+00,-1.000000000000000000e+00,-1.000000000000000000e+00,-1.000000000000000000e+00,-1.000000000000000000e+00,-1.000000000000000000e+00,-1.000000000000000000e+00,-1.000000000000000000e+00,-1.000000000000000000e+00,-1.000000000000000000e+00,-1.000000000000000000e+00,-1.000000000000000000e+00,-1.000000000000000000e+00,-1.000000000000000000e+00,-1.000000000000000000e+00,-1.000000000000000000e+00,-1.000000000000000000e+00,-1.000000000000000000e+00,-1.000000000000000000e+00,-1.000000000000000000e+00,-1.000000000000000000e+00,-1.000000000000000000e+00,-1.000000000000000000e+00,-1.000000000000000000e+00,-1.000000000000000000e+00,-1.000000000000000000e+00,-1.000000000000000000e+00,-1.000000000000000000e+00,-1.000000000000000000e+00,-1.000000000000000000e+00,-1.000000000000000000e+00,-1.000000000000000000e+00,-1.000000000000000000e+00,-1.000000000000000000e+00,-1.000000000000000000e+00
-1.000000000000000000e+00,-1.000000000000000000e+00,-1.000000000000000000e+00,-1.000000000000000000e+00,-1.000000000000000000e+00,-1.000000000000000000e+00,-1.000000000000000000e+00,-1.000000000000000000e+00,-1.000000000000000000e+00,-1.000000000000000000e+00,-1.000000000000000000e+00,-1.000000000000000000e+00,-1.000000000000000000e+00,-1.000000000000000000e+00,-1.000000000000000000e+00,-1.000000000000000000e+00,-1.000000000000000000e+00,-1.000000000000000000e+00,-1.000000000000000000e+00,-1.000000000000000000e+00,-1.000000000000000000e+00,-1.000000000000000000e+00,-1.000000000000000000e+00,-1.000000000000000000e+00,-1.000000000000000000e+00,-1.000000000000000000e+00,-1.000000000000000000e+00,-1.000000000000000000e+00,-1.000000000000000000e+00,-1.000000000000000000e+00,-1.000000000000000000e+00,-1.000000000000000000e+00,-1.000000000000000000e+00,-1.000000000000000000e+00,-1.000000000000000000e+00,-1.000000000000000000e+00,-1.000000000000000000e+00,-1.000000000000000000e+00,-1.000000000000000000e+00,-1.000000000000000000e+00,-1.000000000000000000e+00,-1.000000000000000000e+00,-1.000000000000000000e+00,-1.000000000000000000e+00,-1.000000000000000000e+00,-1.000000000000000000e+00,1.221773468365232151e+00,1.205780237461728355e+00,1.156598533992977185e+00,1.072285681259702805e+00,9.546499880802161719e-01,8.072499057362039210e-01,6.355660968126135568e-01,4.472156529903779099e-01,2.514366505238099236e-01,5.791036660416382098e-02,-1.246190056174690808e-01,-2.894252370470591362e-01,-4.322863146151972868e-01,-5.513500428689386279e-01,-6.465322892958901280e-01,-7.186464018776723695e-01,-7.684126250889136145e-01,-7.954175207470857156e-01,-7.970474855177818174e-01,-7.674742562390745038e-01,-6.970368536792950209e-01,-5.730681100083967472e-01,-3.847142056255781206e-01,-1.366595916702797453e-01,1.231761379281772761e-01,2.787776935400145817e-01,2.787776939414425836e-01,1.231761390568395509e-01,-1.366595899940732384e-01,-3.847142036020273492e-01,-5.730681078256120164e-01,-6.970368515317018066e-01,-7.674742543552766083e-01,-7.970474841935166754e-01,-7.954175203393438753e-01,-7.684126259099228751e-01,-7.186464041309246209e-01,-6.465322930619246122e-01,-5.513500480040480767e-01,-4.322863207786016293e-01,-2.894252437542957912e-01,-1.246190122399755129e-01,5.791036084092504588e-02,2.514366460813297621e-01,4.472156500108512844e-01,6.355660947492711710e-01,8.072499045329954992e-01,9.546499872585438862e-01,1.072285676150489309e+00,1.156598527374404828e+00,1.205780230855709068e+00,1.221773462145288924e+00,-1.000000000000000000e+00,-1.000000000000000000e+00,-1.000000000000000000e+00,-1.000000000000000000e+00,-1.000000000000000000e+00,-1.000000000000000000e+00,-1.000000000000000000e+00,-1.000000000000000000e+00,-1.000000000000000000e+00,-1.000000000000000000e+00,-1.000000000000000000e+00,-1.000000000000000000e+00,-1.000000000000000000e+00,-1.000000000000000000e+00,-1.000000000000000000e+00,-1.000000000000000000e+00,-1.000000000000000000e+00,-1.000000000000000000e+00,-1.000000000000000000e+00,-1.000000000000000000e+00,-1.000000000000000000e+00,-1.000000000000000000e+00,-1.000000000000000000e+00,-1.000000000000000000e+00,-1.000000000000000000e+00,-1.000000000000000000e+00,-1.000000000000000000e+00,-1.000000000000000000e+00,-1.000000000000000000e+00,-1.000000000000000000e+00,-1.000000000000000000e+00,-1.000000000000000000e+00,-1.000000000000000000e+00,-1.000000000000000000e+00,-1.000000000000000000e+00,-1.000000000000000000e+00,-1.000000000000000000e+00,-1.000000000000000000e+00,-1.000000000000000000e+00,-1.000000000000000000e+00,-1.000000000000000000e+00,-1.000000000000000000e+00,-1.000000000000000000e+00,-1.000000000000000000e+00,-1.000000000000000000e+00,-1.000000000000000000e+00
-1.000000000000000000e+00,-1.000000000000000000e+00,-1.000000000000000000e+00,-1.000000000000000000e+00,-1.000000000000000000e+00,-1.000000000000000000e+00,-1.000000000000000000e+00,-1.000000000000000000e+00,-1.000000000000000000e+00,-1.000000000000000000e+00,-1.000000000000000000e+00,-1.000000000000000000e+00,-1.000000000000000000e+00,-1.000000000000000000e+00,-1.000000000000000000e+00,-1.000000000000000000e+00,-1.000000000000000000e+00,-1.000000000000000000e+00,-1.000000000000000000e+00,-1.000000000000000000e+00,-1.000000000000000000e+00,-1.000000000000000000e+00,-1.000000000000000000e+00,-1.000000000000000000e+00,-1.000000000000000000e+00,-1.000000000000000000e+00,-1.000000000000000000e+00,-1.000000000000000000e+00,-1.000000000000000000e+00,-1.000000000000000000e+00,-1.000000000000000000e+00,-1.000000000000000000e+00,-1.000000000000000000e+00,-1.000000000000000000e+00,-1.000000000000000000e+00,-1.000000000000000000e+00,-1.000000000000000000e+00,-1.000000000000000000e+00,-1.000000000000000000e+00,-1.000000000000000000e+00,-1.000000000000000000e+00,-1.000000000000000000e+00,-1.000000000000000000e+00,-1.000000000000000000e+00,-1.000000000000000000e+00,-1.000000000000000000e+00,1.299417967850975852e+00,1.285899125457247827e+00,1.243289122540558456e+00,1.167254848435858694e+00,1.059768419435957121e+00,9.224914420622718492e-01,7.584726411949087588e-01,5.732892802933993170e-01,3.751165047565823141e-01,1.737605550363721107e-01,-2.091183781808847453e-02,-2.005053446245917970e-01,-3.590699097164378184e-01,-4.933206077969715109e-01,-6.021998244170436720e-01,-6.860116783036704913e-01,-7.453439588652004399e-01,-7.799090047836160222e-01,-7.873674468984805941e-01,-7.622306199845195751e-01,-6.951879720340627955e-01,-5.738989266342430229e-01,-3.877805609981772594e-01,-1.416778932137030544e-01,1.165414294393460892e-01,2.712224659550981354e-01,2.712224664455198386e-01,1.165414308023313694e-01,-1.416778912327131268e-01,-3.877805586635165724e-01,-5.738989241854044465e-01,-6.951879697153124926e-01,-7.622306180688601662e-01,-7.873674457029169460e-01,-7.799090046388936770e-01,-7.453439600211513305e-01,-6.860116808867724458e-01,-6.021998284097787035e-01,-4.933206129666342088e-01,-3.590699156767565015e-01,-2.005053508770640036e-01,-2.091184372884424825e-02,1.737605501800059127e-01,3.751165013715085372e-01,5.732892784935450514e-01,7.584726404414126044e-01,9.224914424169505800e-01,1.059768420734258143e+00,1.167254845727843549e+00,1.243289117687252698e+00,1.285899121214756136e+00,1.299417963239788865e+00,-1.000000000000000000e+00,-1.000000000000000000e+00,-1.000000000000000000e+00,-1.000000000000000000e+00,-1.000000000000000000e+00,-1.000000000000000000e+00,-1.000000000000000000e+00,-1.000000000000000000e+00,-1.000000000000000000e+00,-1.000000000000000000e+00,-1.000000000000000000e+00,-1.000000000000000000e+00,-1.000000000000000000e+00,-1.000000000000000000e+00,-1.000000000000000000e+00,-1.000000000000000000e+00,-1.000000000000000000e+00,-1.000000000000000000e+00,-1.000000000000000000e+00,-1.000000000000000000e+00,-1.000000000000000000e+00,-1.000000000000000000e+00,-1.000000000000000000e+00,-1.000000000000000000e+00,-1.000000000000000000e+00,-1.000000000000000000e+00,-1.000000000000000000e+00,-1.000000000000000000e+00,-1.000000000000000000e+00,-1.000000000000000000e+00,-1.000000000000000000e+00,-1.000000000000000000e+00,-1.000000000000000000e+00,-1.000000000000000000e+00,-1.000000000000000000e+00,-1.000000000000000000e+00,-1.000000000000000000e+00,-1.000000000000000000e+00,-1.000000000000000000e+00,-1.000000000000000000e+00,-1.000000000000000000e+00,-1.000000000000000000e+00,-1.000000000000000000e+00,-1.000000000000000000e+00,-1.000000000000000000e+00,-1.000000000000000000e+00
-1.000000000000000000e+00,-1.000000000000000000e+00,-1.000000000000000000e+00,-1.000000000000000000e+00,-1.000000000000000000e+00,-1.000000000000000000e+00,-1.000000000000000000e+00,-1.000000000000000000e+00,-1.000000000000000000e+00,-1.000000000000000000e+00,-1.000000000000000000e+00,-1.000000000000000000e+00,-1.000000000000000000e+00,-1.000000000000000000e+00,-1.000000000000000000e+00,-1.000000000000000000e+00,-1.000000000000000000e+00,-1.000000000000000000e+00,-1.000000000000000000e+00,-1.000000000000000000e+00,-1.000000000000000000e+00,-1.000000000000000000e+00,-1.000000000000000000e+00,-1.000000000000000000e+00,-1.000000000000000000e+00,-1.000000000000000000e+00,-1.000000000000000000e+00,-1.000000000000000000e+00,-1.000000000000000000e+00,-1.000000000000000000e+00,-1.000000000000000000e+00,-1.000000000000000000e+00,-1.000000000000000000e+00,-1.000000000000000000e+00,-1.000000000000000000e+00,-1.000000000000000000e+00,-1.000000000000000000e+00,-1.000000000000000000e+00,-1.000000000000000000e+00,-1.000000000000000000e+00,-1.000000000000000000e+00,-1.000000000000000000e+00,-1.000000000000000000e+00,-1.000000000000000000e+00,-1.000000000000000000e+00,-1.000000000000000000e+00,1.325800681127918601e+00,1.315007518785232588e+00,1.279945392724494813e+00,1.213219386319591919e+00,1.119557471553741301e+00,9.981609232691288636e-01,8.492927350112871032e-01,6.758748228969062577e-01,4.841032152273621048e-01,2.829634422037183850e-01,8.276710945370546746e-02,-1.066945786604996949e-01,-2.776591226237955512e-01,-4.251107486949349257e-01,-5.466526421105366573e-01,-6.417447111528905568e-01,-7.105826269019113184e-01,-7.528266842513852142e-01,-7.663030475123666641e-01,-7.458046992261340158e-01,-6.823474795628072798e-01,-5.639142536597544497e-01,-3.802004282442823513e-01,-1.362183209602669809e-01,1.202277404826237461e-01,2.738922800672236590e-01,2.738922805616903489e-01,1.202277418453021607e-01,-1.362183190113573916e-01,-3.802004259930393815e-01,-5.639142513577235505e-01,-6.823474774641450358e-01,-7.458046976064973688e-01,-7.663030466674863872e-01,-7.528266844520945522e-01,-7.105826283247509423e-01,-6.417447138591765299e-01,-5.466526460190139769e-01,-4.251107535409803795e-01,-2.776591280341014212e-01,-1.066945841775994719e-01,8.276710441514545380e-02,2.829634382471004628e-01,4.841032127301025945e-01,6.758748219593406770e-01,8.492927351389112367e-01,9.981609246533986735e-01,1.119557474278351172e+00,1.213219385430463149e+00,1.279945389163881675e+00,1.315007516544748345e+00,1.325800677752811740e+00,-1.000000000000000000e+00,-1.000000000000000000e+00,-1.000000000000000000e+00,-1.000000000000000000e+00,-1.000000000000000000e+00,-1.000000000000000000e+00,-1.000000000000000000e+00,-1.000000000000000000e+00,-1.000000000000000000e+00,-1.000000000000000000e+00,-1.000000000000000000e+00,-1.000000000000000000e+00,-1.000000000000000000e+00,-1.000000000000000000e+00,-1.000000000000000000e+00,-1.000000000000000000e+00,-1.000000000000000000e+00,-1.000000000000000000e+00,-1.000000000000000000e+00,-1.000000000000000000e+00,-1.000000000000000000e+00,-1.000000000000000000e+00,-1.000000000000000000e+00,-1.000000000000000000e+00,-1.000000000000000000e+00,-1.000000000000000000e+00,-1.000000000000000000e+00,-1.000000000000000000e+00,-1.000000000000000000e+00,-1.000000000000000000e+00,-1.000000000000000000e+00,-1.000000000000000000e+00,-1.000000000000000000e+00,-1.000000000000000000e+00,-1.000000000000000000e+00,-1.000000000000000000e+00,-1.000000000000000000e+00,-1.000000000000000000e+00,-1.000000000000000000e+00,-1.000000000000000000e+00,-1.000000000000000000e+00,-1.000000000000000000e+00,-1.000000000000000000e+00,-1.000000000000000000e+00,-1.000000000000000000e+00,-1.000000000000000000e+00
-1.000000000000000000e+00,-1.000000000000000000e+00,-1.000000000000000000e+00,-1.000000000000000000e+00,-1.000000000000000000e+00,-1.000000000000000000e+00,-1.000000000000000000e+00,-1.000000000000000000e+00,-1.000000000000000000e+00,-1.000000000000000000e+00,-1.000000000000000000e+00,-1.000000000000000000e+00,-1.000000000000000000e+00,-1.000000000000000000e+00,-1.000000000000000000e+00,-1.000000000000000000e+00,-1.000000000000000000e+00,-1.000000000000000000e+00,-1.000000000000000000e+00,-1.000000000000000000e+00,-1.000000000000000000e+00,-1.000000000000000000e+00,-1.000000000000000000e+00,-1.000000000000000000e+00,-1.000000000000000000e+00,-1.000000000000000000e+00,-1.000000000000000000e+00,-1.000000000000000000e+00,-1.000000000000000000e+00,-1.000000000000000000e+00,-1.000000000000000000e+00,-1.000000000000000000e+00,-1.000000000000000000e+00,-1.000000000000000000e+00,-1.000000000000000000e+00,-1.000000000000000000e+00,-1.000000000000000000e+00,-1.000000000000000000e+00,-1.000000000000000000e+00,-1.000000000000000000e+00,-1.000000000000000000e+00,-1.000000000000000000e+00,-1.000000000000000000e+00,-1.000000000000000000e+00,-1.000000000000000000e+00,-1.000000000000000000e+00,1.310001458310094513e+00,1.301435046469416879e+00,1.273343570631238819e+00,1.219094404556385847e+00,1.141561692681291706e+00,1.038806704647531998e+00,9.092206618365421544e-01,7.532917491265751497e-01,5.747934945443871069e-01,3.810347111658978214e-01,1.818944019338932794e-01,-1.202958332505910111e-02,-1.913662393005569617e-01,-3.492683762040229567e-01,-4.817414247327974630e-01,-5.871093171459399462e-01,-6.649224016621060329e-01,-7.145998042656993565e-01,-7.340063193549899445e-01,-7.181389419763470894e-01,-6.582971411350916346e-01,-5.427675130870438513e-01,-3.615181618090576032e-01,-1.197285788626444303e-01,1.348674787114003681e-01,2.874648847418406206e-01,2.874648851630889901e-01,1.348674798628806126e-01,-1.197285772425359385e-01,-3.615181599796708500e-01,-5.427675112760721454e-01,-6.582971395717110985e-01,-7.181389409043397176e-01,-7.340063190170855734e-01,-7.145998048539228265e-01,-6.649224032790290728e-01,-5.871093198038119798e-01,-4.817414283186333135e-01,-3.492683804677779724e-01,-1.913662439248001723e-01,-1.202958793318253949e-02,1.818943978334743861e-01,3.810347080337104231e-01,5.747934927187707821e-01,7.532917487028125691e-01,9.092206623987324488e-01,1.038806706527007684e+00,1.141561696146174310e+00,1.219094404884542904e+00,1.273343567904966278e+00,1.301435045830781068e+00,1.310001455809346016e+00,-1.000000000000000000e+00,-1.000000000000000000e+00,-1.000000000000000000e+00,-1.000000000000000000e+00,-1.000000000000000000e+00,-1.000000000000000000e+00,-1.000000000000000000e+00,-1.000000000000000000e+00,-1.000000000000000000e+00,-1.000000000000000000e+00,-1.000000000000000000e+00,-1.000000000000000000e+00,-1.000000000000000000e+00,-1.000000000000000000e+00,-1.000000000000000000e+00,-1.000000000000000000e+00,-1.000000000000000000e+00,-1.000000000000000000e+00,-1.000000000000000000e+00,-1.000000000000000000e+00,-1.000000000000000000e+00,-1.000000000000000000e+00,-1.000000000000000000e+00,-1.000000000000000000e+00,-1.000000000000000000e+00,-1.000000000000000000e+00,-1.000000000000000000e+00,-1.000000000000000000e+00,-1.000000000000000000e+00,-1.000000000000000000e+00,-1.000000000000000000e+00,-1.000000000000000000e+00,-1.000000000000000000e+00,-1.000000000000000000e+00,-1.000000000000000000e+00,-1.000000000000000000e+00,-1.000000000000000000e+00,-1.000000000000000000e+00,-1.000000000000000000e+00,-1.000000000000000000e+00,-1.000000000000000000e+00,-1.000000000000000000e+00,-1.000000000000000000e+00,-1.000000000000000000e+00,-1.000000000000000000e+00,-1.000000000000000000e+00
-1.000000000000000000e+00,-1.000000000000000000e+00,-1.000000000000000000e+00,-1.000000000000000000e+00,-1.000000000000000000e+00,-1.000000000000000000e+00,-1.000000000000000000e+00,-1.000000000000000000e+00,-1.000000000000000000e+00,-1.000000000000000000e+00,-1.000000000000000000e+00,-1.000000000000000000e+00,-1.000000000000000000e+00,-1.000000000000000000e+00,-1.000000000000000000e+00,-1.000000000000000000e+00,-1.000000000000000000e+00,-1.000000000000000000e+00,-1.000000000000000000e+00,-1.000000000000000000e+00,-1.000000000000000000e+00,-1.000000000000000000e+00,-1.000000000000000000e+00,-1.000000000000000000e+00,-1.000000000000000000e+00,-1.000000000000000000e+00,-1.000000000000000000e+00,-1.000000000000000000e+00,-1.000000000000000000e+00,-1.000000000000000000e+00,-1.000000000000000000e+00,-1.000000000000000000e+00,-1.000000000000000000e+00,-1.000000000000000000e+00,-1.000000000000000000e+00,-1.000000000000000000e+00,-1.000000000000000000e+00,-1.000000000000000000e+00,-1.000000000000000000e+00,-1.000000000000000000e+00,-1.000000000000000000e+00,-1.000000000000000000e+00,-1.000000000000000000e+00,-1.000000000000000000e+00,-1.000000000000000000e+00,-1.000000000000000000e+00,1.275043828709085947e+00,1.268226010804524684e+00,1.245848351224936312e+00,1.202545983067265567e+00,1.139609278322345265e+00,1.054433545509065429e+00,9.442324437052447283e-01,8.075800551188032639e-01,6.458680156023270946e-01,4.642300779129089339e-01,2.713120293409456707e-01,7.776852067957773507e-02,-1.058869924332525025e-01,-2.711262236897638012e-01,-4.122872832498544193e-01,-5.263879816501535469e-01,-6.121478452579613982e-01,-6.685860547844975077e-01,-6.934858629965927612e-01,-6.819636029707956126e-01,-6.255453460966038381e-01,-5.127846188179170372e-01,-3.339005373549862599e-01,-9.423023647627337684e-02,1.585636055903185682e-01,3.101155482121988882e-01,3.101155485035436143e-01,1.585636063780484495e-01,-9.423023539413899474e-02,-3.339005361779810999e-01,-5.127846177232009417e-01,-6.255453452638795042e-01,-6.819636025891211428e-01,-6.934858632380687116e-01,-6.685860557580565189e-01,-6.121478469993379967e-01,-5.263879841384209168e-01,-4.122872863649036379e-01,-2.711262272265702045e-01,-1.058869961547607152e-01,7.776851704581466684e-02,2.713120261602708361e-01,4.642300754871204749e-01,6.458680142260557755e-01,8.075800548847189564e-01,9.442324443090956976e-01,1.054433547424488804e+00,1.139609281941976082e+00,1.202545984058177808e+00,1.245848348894743829e+00,1.268226011341578197e+00,1.275043826708792682e+00,-1.000000000000000000e+00,-1.000000000000000000e+00,-1.000000000000000000e+00,-1.000000000000000000e+00,-1.000000000000000000e+00,-1.000000000000000000e+00,-1.000000000000000000e+00,-1.000000000000000000e+00,-1.000000000000000000e+00,-1.000000000000000000e+00,-1.000000000000000000e+00,-1.000000000000000000e+00,-1.000000000000000000e+00,-1.000000000000000000e+00,-1.000000000000000000e+00,-1.000000000000000000e+00,-1.000000000000000000e+00,-1.000000000000000000e+00,-1.000000000000000000e+00,-1.000000000000000000e+00,-1.000000000000000000e+00,-1.000000000000000000e+00,-1.000000000000000000e+00,-1.000000000000000000e+00,-1.000000000000000000e+00,-1.000000000000000000e+00,-1.000000000000000000e+00,-1.000000000000000000e+00,-1.000000000000000000e+00,-1.000000000000000000e+00,-1.000000000000000000e+00,-1.000000000000000000e+00,-1.000000000000000000e+00,-1.000000000000000000e+00,-1.000000000000000000e+00,-1.000000000000000000e+00,-1.000000000000000000e+00,-1.000000000000000000e+00,-1.000000000000000000e+00,-1.000000000000000000e+00,-1.000000000000000000e+00,-1.000000000000000000e+00,-1.000000000000000000e+00,-1.000000000000000000e+00,-1.000000000000000000e+00,-1.000000000000000000e+00
-1.000000000000000000e+00,-1.000000000000000000e+00,-1.000000000000000000e+00,-1.000000000000000000e+00,-1.000000000000000000e+00,-1.000000000000000000e+00,-1.000000000000000000e+00,-1.000000000000000000e+00,-1.000000000000000000e+00,-1.000000000000000000e+00,-1.000000000000000000e+00,-1.000000000000000000e+00,-1.000000000000000000e+00,-1.000000000000000000e+00,-1.000000000000000000e+00,-1.000000000000000000e+00,-1.000000000000000000e+00,-1.000000000000000000e+00,-1.000000000000000000e+00,-1.000000000000000000e+00,-1.000000000000000000e+00,-1.000000000000000000e+00,-1.000000000000000000e+00,-1.000000000000000000e+00,-1.000000000000000000e+00,-1.000000000000000000e+00,-1.000000000000000000e+00,-1.000000000000000000e+00,-1.000000000000000000e+00,-1.000000000000000000e+00,-1.000000000000000000e+00,-1.000000000000000000e+00,-1.000000000000000000e+00,-1.000000000000000000e+00,-1.000000000000000000e+00,-1.000000000000000000e+00,-1.000000000000000000e+00,-1.000000000000000000e+00,-1.000000000000000000e+00,-1.000000000000000000e+00,-1.000000000000000000e+00,-1.000000000000000000e+00,-1.000000000000000000e+00,-1.000000000000000000e+00,-1.000000000000000000e+00,-1.000000000000000000e+00,1.237327257397050850e+00,1.231792107394404479e+00,1.213642530544926768e+00,1.178518551036474182e+00,1.126877049329181091e+00,1.055857172982507919e+00,9.620756687300999754e-01,8.428529451236166370e-01,6.976720631646320392e-01,5.295341326459588327e-01,3.454492503149624305e-01,1.555081355858496384e-01,-2.919991576523606192e-02,-1.988317246685458173e-01,-3.462196684278251446e-01,-4.670965062069635243e-01,-5.592991406712541913e-01,-6.213680161786088174e-01,-6.509232668897246832e-01,-6.431264028326937332e-01,-5.896664663952086993e-01,-4.793114775338236377e-01,-3.024918790734124618e-01,-6.468100061486536934e-02,1.865217442369204726e-01,3.371462959110747004e-01,3.371462960442799250e-01,1.865217445873144086e-01,-6.468100016495603732e-02,-3.024918786428095752e-01,-4.793114772350740571e-01,-5.896664663469926015e-01,-6.431264031598746822e-01,-6.509232676905977177e-01,-6.213680174864648631e-01,-5.592991424675873846e-01,-4.670965084500061648e-01,-3.462196710057718896e-01,-1.988317274343645025e-01,-2.919991856982628864e-02,1.555081329025116421e-01,3.454492479742403699e-01,5.295341307946732634e-01,6.976720620469665235e-01,8.428529448281778524e-01,9.620756690886145268e-01,1.055857174603898496e+00,1.126877052677804247e+00,1.178518552234922634e+00,1.213642528238499718e+00,1.231792108703198885e+00,1.237327255547468141e+00,-1.000000000000000000e+00,-1.000000000000000000e+00,-1.000000000000000000e+00,-1.000000000000000000e+00,-1.000000000000000000e+00,-1.000000000000000000e+00,-1.000000000000000000e+00,-1.000000000000000000e+00,-1.000000000000000000e+00,-1.000000000000000000e+00,-1.000000000000000000e+00,-1.000000000000000000e+00,-1.000000000000000000e+00,-1.000000000000000000e+00,-1.000000000000000000e+00,-1.000000000000000000e+00,-1.000000000000000000e+00,-1.000000000000000000e+00,-1.000000000000000000e+00,-1.000000000000000000e+00,-1.000000000000000000e+00,-1.000000000000000000e+00,-1.000000000000000000e+00,-1.000000000000000000e+00,-1.000000000000000000e+00,-1.000000000000000000e+00,-1.000000000000000000e+00,-1.000000000000000000e+00,-1.000000000000000000e+00,-1.000000000000000000e+00,-1.000000000000000000e+00,-1.000000000000000000e+00,-1.000000000000000000e+00,-1.000000000000000000e+00,-1.000000000000000000e+00,-1.000000000000000000e+00,-1.000000000000000000e+00,-1.000000000000000000e+00,-1.000000000000000000e+00,-1.000000000000000000e+00,-1.000000000000000000e+00,-1.000000000000000000e+00,-1.000000000000000000e+00,-1.000000000000000000e+00,-1.000000000000000000e+00,-1.000000000000000000e+00
-1.000000000000000000e+00,-1.000000000000000000e+00,-1.000000000000000000e+00,-1.000000000000000000e+00,-1.000000000000000000e+00,-1.000000000000000000e+00,-1.000000000000000000e+00,-1.000000000000000000e+00,-1.000000000000000000e+00,-1.000000000000000000e+00,-1.000000000000000000e+00,-1.000000000000000000e+00,-1.000000000000000000e+00,-1.000000000000000000e+00,-1.000000000000000000e+00,-1.000000000000000000e+00,-1.000000000000000000e+00,-1.000000000000000000e+00,-1.000000000000000000e+00,-1.000000000000000000e+00,-1.000000000000000000e+00,-1.000000000000000000e+00,-1.000000000000000000e+00,-1.000000000000000000e+00,-1.000000000000000000e+00,-1.000000000000000000e+00,-1.000000000000000000e+00,-1.000000000000000000e+00,-1.000000000000000000e+00,-1.000000000000000000e+00,-1.000000000000000000e+00,-1.000000000000000000e+00,-1.000000000000000000e+00,-1.000000000000000000e+00,-1.000000000000000000e+00,-1.000000000000000000e+00,-1.000000000000000000e+00,-1.000000000000000000e+00,-1.000000000000000000e+00,-1.000000000000000000e+00,-1.000000000000000000e+00,-1.000000000000000000e+00,-1.000000000000000000e+00,-1.000000000000000000e+00,-1.000000000000000000e+00,-1.000000000000000000e+00,1.207214733762778991e+00,1.202515250486559495e+00,1.187120636568177012e+00,1.157326890245589990e+00,1.113214840213083257e+00,1.051898225648786767e+00,9.697735782915091196e-01,8.634889774336433899e-01,7.312887665735279263e-01,5.745544998961058525e-01,3.988091781354989873e-01,2.133516781957240926e-01,2.940394218438413532e-02,-1.423448052755874604e-01,-2.935981310217874451e-01,-4.190518837727158497e-01,-5.157911142344276945e-01,-5.819204607281152075e-01,-6.148826989037194934e-01,-6.098378752635278399e-01,-5.585763785600936782e-01,-4.500159135808685651e-01,-2.747406250426316365e-01,-3.832525051646695768e-02,2.116781270303971230e-01,3.616011165241426184e-01,3.616011165014458850e-01,2.116781269534302456e-01,-3.832525067336367552e-02,-2.747406253127977482e-01,-4.500159140111433809e-01,-5.585763792092016677e-01,-6.098378761951850358e-01,-6.148827001514325374e-01,-5.819204622653433301e-01,-5.157911160041384058e-01,-4.190518857203350267e-01,-2.935981330505410547e-01,-1.423448072949758947e-01,2.940394024130843498e-02,2.133516763802829619e-01,3.988091765228303220e-01,5.745544984997854598e-01,7.312887655827013944e-01,8.634889769288771610e-01,9.697735782479148803e-01,1.051898226794798941e+00,1.113214843036917756e+00,1.157326891316802886e+00,1.187120634004237285e+00,1.202515252215655472e+00,1.207214731758952997e+00,-1.000000000000000000e+00,-1.000000000000000000e+00,-1.000000000000000000e+00,-1.000000000000000000e+00,-1.000000000000000000e+00,-1.000000000000000000e+00,-1.000000000000000000e+00,-1.000000000000000000e+00,-1.000000000000000000e+00,-1.000000000000000000e+00,-1.000000000000000000e+00,-1.000000000000000000e+00,-1.000000000000000000e+00,-1.000000000000000000e+00,-1.000000000000000000e+00,-1.000000000000000000e+00,-1.000000000000000000e+00,-1.000000000000000000e+00,-1.000000000000000000e+00,-1.000000000000000000e+00,-1.000000000000000000e+00,-1.000000000000000000e+00,-1.000000000000000000e+00,-1.000000000000000000e+00,-1.000000000000000000e+00,-1.000000000000000000e+00,-1.000000000000000000e+00,-1.000000000000000000e+00,-1.000000000000000000e+00,-1.000000000000000000e+00,-1.000000000000000000e+00,-1.000000000000000000e+00,-1.000000000000000000e+00,-1.000000000000000000e+00,-1.000000000000000000e+00,-1.000000000000000000e+00,-1.000000000000000000e+00,-1.000000000000000000e+00,-1.000000000000000000e+00,-1.000000000000000000e+00,-1.000000000000000000e+00,-1.000000000000000000e+00,-1.000000000000000000e+00,-1.000000000000000000e+00,-1.000000000000000000e+00,-1.000000000000000000e+00
-1.000000000000000000e+00,-1.000000000000000000e+00,-1.000000000000000000e+00,-1.000000000000000000e+00,-1.000000000000000000e+00,-1.000000000000000000e+00,-1.000000000000000000e+00,-1.000000000000000000e+00,-1.000000000000000000e+00,-1.000000000000000000e+00,-1.000000000000000000e+00,-1.000000000000000000e+00,-1.000000000000000000e+00,-1.000000000000000000e+00,-1.000000000000000000e+00,-1.000000000000000000e+00,-1.000000000000000000e+00,-1.000000000000000000e+00,-1.000000000000000000e+00,-1.000000000000000000e+00,-1.000000000000000000e+00,-1.000000000000000000e+00,-1.000000000000000000e+00,-1.000000000000000000e+00,-1.000000000000000000e+00,-1.000000000000000000e+00,-1.000000000000000000e+00,-1.000000000000000000e+00,-1.000000000000000000e+00,-1.000000000000000000e+00,-1.000000000000000000e+00,-1.000000000000000000e+00,-1.000000000000000000e+00,-1.000000000000000000e+00,-1.000000000000000000e+00,-1.000000000000000000e+00,-1.000000000000000000e+00,-1.000000000000000000e+00,-1.000000000000000000e+00,-1.000000000000000000e+00,-1.000000000000000000e+00,-1.000000000000000000e+00,-1.000000000000000000e+00,-1.000000000000000000e+00,-1.000000000000000000e+00,-1.000000000000000000e+00,1.190760098113756271e+00,1.186471494266575277e+00,1.172430151843863566e+00,1.145253565779508875e+00,1.104882539889998405e+00,1.048463772553510864e+00,9.723432602721968632e-01,8.728976494764644212e-01,7.477863792889309913e-01,5.975401202877583806e-01,4.268130424826519498e-01,2.443529883006496650e-01,6.133895793277033270e-02,-1.111450522770275340e-01,-2.642022160001787912e-01,-3.919471851953137964e-01,-4.910291196529447122e-01,-5.592908917163248450e-01,-5.940603246117817093e-01,-5.904842747027992944e-01,-5.404004579660351970e-01,-4.328033469415936141e-01,-2.583582430229238724e-01,-2.269432126331205613e-02,2.266615882278963934e-01,3.762050169824937562e-01,3.762050168331492195e-01,2.266615878074371704e-01,-2.269432189725761884e-02,-2.583582438281095683e-01,-4.328033479087310953e-01,-5.404004591049964557e-01,-5.904842760289175096e-01,-5.940603261109951294e-01,-5.592908933231588442e-01,-4.910291212889325019e-01,-3.919471867976517254e-01,-2.642022174877538543e-01,-1.111450536052445148e-01,6.133895676284129017e-02,2.443529872447463003e-01,4.268130414824520269e-01,5.975401192578875254e-01,7.477863783641456319e-01,8.728976487229276326e-01,9.723432597982071268e-01,1.048463773180036807e+00,1.104882542080348529e+00,1.145253566501894138e+00,1.172430148837813935e+00,1.186471496126311198e+00,1.190760095703303545e+00,-1.000000000000000000e+00,-1.000000000000000000e+00,-1.000000000000000000e+00,-1.000000000000000000e+00,-1.000000000000000000e+00,-1.000000000000000000e+00,-1.000000000000000000e+00,-1.000000000000000000e+00,-1.000000000000000000e+00,-1.000000000000000000e+00,-1.000000000000000000e+00,-1.000000000000000000e+00,-1.000000000000000000e+00,-1.000000000000000000e+00,-1.000000000000000000e+00,-1.000000000000000000e+00,-1.000000000000000000e+00,-1.000000000000000000e+00,-1.000000000000000000e+00,-1.000000000000000000e+00,-1.000000000000000000e+00,-1.000000000000000000e+00,-1.000000000000000000e+00,-1.000000000000000000e+00,-1.000000000000000000e+00,-1.000000000000000000e+00,-1.000000000000000000e+00,-1.000000000000000000e+00,-1.000000000000000000e+00,-1.000000000000000000e+00,-1.000000000000000000e+00,-1.000000000000000000e+00,-1.000000000000000000e+00,-1.000000000000000000e+00,-1.000000000000000000e+00,-1.000000000000000000e+00,-1.000000000000000000e+00,-1.000000000000000000e+00,-1.000000000000000000e+00,-1.000000000000000000e+00,-1.000000000000000000e+00,-1.000000000000000000e+00,-1.000000000000000000e+00,-1.000000000000000000e+00,-1.000000000000000000e+00,-1.000000000000000000e+00
-1.000000000000000000e+00,-1.000000000000000000e+00,-1.000000000000000000e+00,-1.000000000000000000e+00,-1.000000000000000000e+00,-1.000000000000000000e+00,-1.000000000000000000e+00,-1.000000000000000000e+00,-1.000000000000000000e+00,-1.000000000000000000e+00,-1.000000000000000000e+00,-1.000000000000000000e+00,-1.000000000000000000e+00,-1.000000000000000000e+00,-1.000000000000000000e+00,-1.000000000000000000e+00,-1.000000000000000000e+00,-1.000000000000000000e+00,-1.000000000000000000e+00,-1.000000000000000000e+00,-1.000000000000000000e+00,-1.000000000000000000e+00,-1.000000000000000000e+00,-1.000000000000000000e+00,-1.000000000000000000e+00,-1.000000000000000000e+00,-1.000000000000000000e+00,-1.000000000000000000e+00,-1.000000000000000000e+00,-1.000000000000000000e+00,-1.000000000000000000e+00,-1.000000000000000000e+00,-1.000000000000000000e+00,-1.000000000000000000e+00,-1.000000000000000000e+00,-1.000000000000000000e+00,-1.000000000000000000e+00,-1.000000000000000000e+00,-1.000000000000000000e+00,-1.000000000000000000e+00,-1.000000000000000000e+00,-1.000000000000000000e+00,-1.000000000000000000e+00,-1.000000000000000000e+00,-1.000000000000000000e+00,-1.000000000000000000e+00,1.190760098893276719e+00,1.186471494751531797e+00,1.172430152515145263e+00,1.145253566245005405e+00,1.104882540742585739e+00,1.048463773328683679e+00,9.723432609363322765e-01,8.728976500042651132e-01,7.477863796689641074e-01,5.975401205567503204e-01,4.268130427132801330e-01,2.443529885426134474e-01,6.133895822115742469e-02,-1.111450519355312583e-01,-2.642022156183324588e-01,-3.919471847995003033e-01,-4.910291192695206419e-01,-5.592908913707568264e-01,-5.940603243220369256e-01,-5.904842744754281725e-01,-5.404004578015413340e-01,-4.328033468408417628e-01,-2.583582429904469624e-01,-2.269432131113924278e-02,2.266615880829430107e-01,3.762050167360508901e-01,3.762050165090351506e-01,2.266615874563198130e-01,-2.269432221838496577e-02,-2.583582440810571201e-01,-4.328033480665197663e-01,-5.404004591409353742e-01,-5.904842759137207686e-01,-5.940603258187026059e-01,-5.592908928443444116e-01,-4.910291206366638184e-01,-3.919471859922801782e-01,-2.642022165686160884e-01,-1.111450526305124420e-01,6.133895773094066861e-02,2.443529881372272783e-01,4.268130422264029278e-01,5.975401198439591610e-01,7.477863788168570558e-01,8.728976490555548917e-01,9.723432601093398020e-01,1.048463773497806173e+00,1.104882542294244097e+00,1.145253566491633901e+00,1.172430148977536835e+00,1.186471496517642610e+00,1.190760095885409875e+00,-1.000000000000000000e+00,-1.000000000000000000e+00,-1.000000000000000000e+00,-1.000000000000000000e+00,-1.000000000000000000e+00,-1.000000000000000000e+00,-1.000000000000000000e+00,-1.000000000000000000e+00,-1.000000000000000000e+00,-1.000000000000000000e+00,-1.000000000000000000e+00,-1.000000000000000000e+00,-1.000000000000000000e+00,-1.000000000000000000e+00,-1.000000000000000000e+00,-1.000000000000000000e+00,-1.000000000000000000e+00,-1.000000000000000000e+00,-1.000000000000000000e+00,-1.000000000000000000e+00,-1.000000000000000000e+00,-1.000000000000000000e+00,-1.000000000000000000e+00,-1.000000000000000000e+00,-1.000000000000000000e+00,-1.000000000000000000e+00,-1.000000000000000000e+00,-1.000000000000000000e+00,-1.000000000000000000e+00,-1.000000000000000000e+00,-1.000000000000000000e+00,-1.000000000000000000e+00,-1.000000000000000000e+00,-1.000000000000000000e+00,-1.000000000000000000e+00,-1.000000000000000000e+00,-1.000000000000000000e+00,-1.000000000000000000e+00,-1.000000000000000000e+00,-1.000000000000000000e+00,-1.000000000000000000e+00,-1.000000000000000000e+00,-1.000000000000000000e+00,-1.000000000000000000e+00,-1.000000000000000000e+00,-1.000000000000000000e+00
-1.000000000000000000e+00,-1.000000000000000000e+00,-1.000000000000000000e+00,-1.000000000000000000e+00,-1.000000000000000000e+00,-1.000000000000000000e+00,-1.000000000000000000e+00,-1.000000000000000000e+00,-1.000000000000000000e+00,-1.000000000000000000e+00,-1.000000000000000000e+00,-1.000000000000000000e+00,-1.000000000000000000e+00,-1.000000000000000000e+00,-1.000000000000000000e+00,-1.000000000000000000e+00,-1.000000000000000000e+00,-1.000000000000000000e+00,-1.000000000000000000e+00,-1.000000000000000000e+00,-1.000000000000000000e+00,-1.000000000000000000e+00,-1.000000000000000000e+00,-1.000000000000000000e+00,-1.000000000000000000e+00,-1.000000000000000000e+00,-1.000000000000000000e+00,-1.000000000000000000e+00,-1.000000000000000000e+00,-1.000000000000000000e+00,-1.000000000000000000e+00,-1.000000000000000000e+00,-1.000000000000000000e+00,-1.000000000000000000e+00,-1.000000000000000000e+00,-1.000000000000000000e+00,-1.000000000000000000e+00,-1.000000000000000000e+00,-1.000000000000000000e+00,-1.000000000000000000e+00,-1.000000000000000000e+00,-1.000000000000000000e+00,-1.000000000000000000e+00,-1.000000000000000000e+00,-1.000000000000000000e+00,-1.000000000000000000e+00,1.207214736025540525e+00,1.202515251865276635e+00,1.187120638499945091e+00,1.157326891568860372e+00,1.113214842713068808e+00,1.051898227933313112e+00,9.697735802531775029e-01,8.634889790011286426e-01,7.312887677086585825e-01,5.745545007017853756e-01,3.988091788184613407e-01,2.133516789011540293e-01,2.940394301528903576e-02,-1.423448042978768813e-01,-2.935981299324479377e-01,-4.190518826454746604e-01,-5.157911131430207297e-01,-5.819204597439456839e-01,-6.148826980768076211e-01,-6.098378746113135573e-01,-5.585763780832940784e-01,-4.500159132818931651e-01,-2.747406249345428764e-01,-3.832525063415059829e-02,2.116781266379861304e-01,3.616011158434149220e-01,3.616011155983822611e-01,2.116781259711124630e-01,-3.832525157322674847e-02,-2.747406260201442629e-01,-4.500159144481062912e-01,-5.585763792979732134e-01,-6.098378758494717999e-01,-6.148826992928875246e-01,-5.819204608625448971e-01,-5.157911140897707414e-01,-4.190518833500824769e-01,-2.935981303358484729e-01,-1.423448044048566397e-01,2.940394312402982990e-02,2.133516790529546014e-01,3.988091787728755833e-01,5.745545002944412172e-01,7.312887669869267970e-01,8.634889779752521477e-01,9.697735792213051376e-01,1.051898227772797068e+00,1.113214843685143673e+00,1.157326891284994996e+00,1.187120634431255706e+00,1.202515253382338223e+00,1.207214732299696003e+00,-1.000000000000000000e+00,-1.000000000000000000e+00,-1.000000000000000000e+00,-1.000000000000000000e+00,-1.000000000000000000e+00,-1.000000000000000000e+00,-1.000000000000000000e+00,-1.000000000000000000e+00,-1.000000000000000000e+00,-1.000000000000000000e+00,-1.000000000000000000e+00,-1.000000000000000000e+00,-1.000000000000000000e+00,-1.000000000000000000e+00,-1.000000000000000000e+00,-1.000000000000000000e+00,-1.000000000000000000e+00,-1.000000000000000000e+00,-1.000000000000000000e+00,-1.000000000000000000e+00,-1.000000000000000000e+00,-1.000000000000000000e+00,-1.000000000000000000e+00,-1.000000000000000000e+00,-1.000000000000000000e+00,-1.000000000000000000e+00,-1.000000000000000000e+00,-1.000000000000000000e+00,-1.000000000000000000e+00,-1.000000000000000000e+00,-1.000000000000000000e+00,-1.000000000000000000e+00,-1.000000000000000000e+00,-1.000000000000000000e+00,-1.000000000000000000e+00,-1.000000000000000000e+00,-1.000000000000000000e+00,-1.000000000000000000e+00,-1.000000000000000000e+00,-1.000000000000000000e+00,-1.000000000000000000e+00,-1.000000000000000000e+00,-1.000000000000000000e+00,-1.000000000000000000e+00,-1.000000000000000000e+00,-1.000000000000000000e+00
-1.000000000000000000e+00,-1.000000000000000000e+00,-1.000000000000000000e+00,-1.000000000000000000e+00,-1.000000000000000000e+00,-1.000000000000000000e+00,-1.000000000000000000e+00,-1.000000000000000000e+00,-1.000000000000000000e+00,-1.000000000000000000e+00,-1.000000000000000000e+00,-1.000000000000000000e+00,-1.000000000000000000e+00,-1.000000000000000000e+00,-1.000000000000000000e+00,-1.000000000000000000e+00,-1.000000000000000000e+00,-1.000000000000000000e+00,-1.000000000000000000e+00,-1.000000000000000000e+00,-1.000000000000000000e+00,-1.000000000000000000e+00,-1.000000000000000000e+00,-1.000000000000000000e+00,-1.000000000000000000e+00,-1.000000000000000000e+00,-1.000000000000000000e+00,-1.000000000000000000e+00,-1.000000000000000000e+00,-1.000000000000000000e+00,-1.000000000000000000e+00,-1.000000000000000000e+00,-1.000000000000000000e+00,-1.000000000000000000e+00,-1.000000000000000000e+00,-1.000000000000000000e+00,-1.000000000000000000e+00,-1.000000000000000000e+00,-1.000000000000000000e+00,-1.000000000000000000e+00,-1.000000000000000000e+00,-1.000000000000000000e+00,-1.000000000000000000e+00,-1.000000000000000000e+00,-1.000000000000000000e+00,-1.000000000000000000e+00,1.237327260920455085e+00,1.231792109442363170e+00,1.213642533495880027e+00,1.178518553004091363e+00,1.126877053300439968e+00,1.055857176652207130e+00,9.620756718954186493e-01,8.428529476785042718e-01,6.976720650352714603e-01,5.295341339805248460e-01,3.454492514224085653e-01,1.555081366956285738e-01,-2.919991448854497573e-02,-1.988317231860274870e-01,-3.462196667888968182e-01,-4.670965045183212982e-01,-5.592991390397459295e-01,-6.213680147076579008e-01,-6.509232656502552672e-01,-6.431264018468023647e-01,-5.896664656610187683e-01,-4.793114770537835190e-01,-3.024918788669502812e-01,-6.468100073567673025e-02,1.865217437130943789e-01,3.371462949599788317e-01,3.371462947589454195e-01,1.865217431774814916e-01,-6.468100145981992011e-02,-3.024918796545704724e-01,-4.793114778438100076e-01,-5.896664664306463521e-01,-6.431264025802201356e-01,-6.509232663164816746e-01,-6.213680152557413683e-01,-5.592991394139932293e-01,-4.670965046483385175e-01,-3.462196666205101803e-01,-1.988317227291168665e-01,-2.919991383697406739e-02,1.555081373383766508e-01,3.454492517775289429e-01,5.295341338971197853e-01,6.976720645312493030e-01,8.428529467260275077e-01,9.620756708395510337e-01,1.055857176316827406e+00,1.126877053787874949e+00,1.178518552186947677e+00,1.213642528980450663e+00,1.231792110630011816e+00,1.237327256435716283e+00,-1.000000000000000000e+00,-1.000000000000000000e+00,-1.000000000000000000e+00,-1.000000000000000000e+00,-1.000000000000000000e+00,-1.000000000000000000e+00,-1.000000000000000000e+00,-1.000000000000000000e+00,-1.000000000000000000e+00,-1.000000000000000000e+00,-1.000000000000000000e+00,-1.000000000000000000e+00,-1.000000000000000000e+00,-1.000000000000000000e+00,-1.000000000000000000e+00,-1.000000000000000000e+00,-1.000000000000000000e+00,-1.000000000000000000e+00,-1.000000000000000000e+00,-1.000000000000000000e+00,-1.000000000000000000e+00,-1.000000000000000000e+00,-1.000000000000000000e+00,-1.000000000000000000e+00,-1.000000000000000000e+00,-1.000000000000000000e+00,-1.000000000000000000e+00,-1.000000000000000000e+00,-1.000000000000000000e+00,-1.000000000000000000e+00,-1.000000000000000000e+00,-1.000000000000000000e+00,-1.000000000000000000e+00,-1.000000000000000000e+00,-1.000000000000000000e+00,-1.000000000000000000e+00,-1.000000000000000000e+00,-1.000000000000000000e+00,-1.000000000000000000e+00,-1.000000000000000000e+00,-1.000000000000000000e+00,-1.000000000000000000e+00,-1.000000000000000000e+00,-1.000000000000000000e+00,-1.000000000000000000e+00,-1.000000000000000000e+00
-1.000000000000000000e+00,-1.000000000000000000e+00,-1.000000000000000000e+00,-1.000000000000000000e+00,-1.000000000000000000e+00,-1.000000000000000000e+00,-1.000000000000000000e+00,-1.000000000000000000e+00,-1.000000000000000000e+00,-1.000000000000000000e+00,-1.000000000000000000e+00,-1.000000000000000000e+00,-1.000000000000000000e+00,-1.000000000000000000e+00,-1.000000000000000000e+00,-1.000000000000000000e+00,-1.000000000000000000e+00,-1.000000000000000000e+00,-1.000000000000000000e+00,-1.000000000000000000e+00,-1.000000000000000000e+00,-1.000000000000000000e+00,-1.000000000000000000e+00,-1.000000000000000000e+00,-1.000000000000000000e+00,-1.000000000000000000e+00,-1.000000000000000000e+00,-1.000000000000000000e+00,-1.000000000000000000e+00,-1.000000000000000000e+00,-1.000000000000000000e+00,-1.000000000000000000e+00,-1.000000000000000000e+00,-1.000000000000000000e+00,-1.000000000000000000e+00,-1.000000000000000000e+00,-1.000000000000000000e+00,-1.000000000000000000e+00,-1.000000000000000000e+00,-1.000000000000000000e+00,-1.000000000000000000e+00,-1.000000000000000000e+00,-1.000000000000000000e+00,-1.000000000000000000e+00,-1.000000000000000000e+00,-1.000000000000000000e+00,1.275043833136945803e+00,1.268226013163341825e+00,1.245848354811717407e+00,1.202545985343391521e+00,1.139609283464746436e+00,1.054433550356187244e+00,9.442324479155783656e-01,8.075800585637449291e-01,6.458680181630938044e-01,4.642300797513125854e-01,2.713120308240246636e-01,7.776852210398632614e-02,-1.058869908523856207e-01,-2.711262218935923674e-01,-4.122872812913253027e-01,-5.263879796501107489e-01,-6.121478433370224348e-01,-6.685860530582237171e-01,-6.934858615403747262e-01,-6.819636018018937484e-01,-6.255453452052698315e-01,-5.127846182020204813e-01,-3.339005370352051694e-01,-9.423023651702433501e-02,1.585636050966665600e-01,3.101155472297638660e-01,3.101155471301462185e-01,1.585636048507408358e-01,-9.423023679982922562e-02,-3.339005372587457998e-01,-5.127846183311768335e-01,-6.255453452444663665e-01,-6.819636017615076096e-01,-6.934858614200163363e-01,-6.685860528443441364e-01,-6.121478429973412627e-01,-5.263879791152865639e-01,-4.122872805085272541e-01,-2.711262208689009245e-01,-1.058869896809804256e-01,7.776852320622595904e-02,2.713120315734101062e-01,4.642300800344043576e-01,6.458680179735483140e-01,8.075800578361249649e-01,9.442324470119749513e-01,1.054433549994764352e+00,1.139609283580637733e+00,1.202545984028681403e+00,1.245848350012167316e+00,1.268226014024108395e+00,1.275043827945556263e+00,-1.000000000000000000e+00,-1.000000000000000000e+00,-1.000000000000000000e+00,-1.000000000000000000e+00,-1.000000000000000000e+00,-1.000000000000000000e+00,-1.000000000000000000e+00,-1.000000000000000000e+00,-1.000000000000000000e+00,-1.000000000000000000e+00,-1.000000000000000000e+00,-1.000000000000000000e+00,-1.000000000000000000e+00,-1.000000000000000000e+00,-1.000000000000000000e+00,-1.000000000000000000e+00,-1.000000000000000000e+00,-1.000000000000000000e+00,-1.000000000000000000e+00,-1.000000000000000000e+00,-1.000000000000000000e+00,-1.000000000000000000e+00,-1.000000000000000000e+00,-1.000000000000000000e+00,-1.000000000000000000e+00,-1.000000000000000000e+00,-1.000000000000000000e+00,-1.000000000000000000e+00,-1.000000000000000000e+00,-1.000000000000000000e+00,-1.000000000000000000e+00,-1.000000000000000000e+00,-1.000000000000000000e+00,-1.000000000000000000e+00,-1.000000000000000000e+00,-1.000000000000000000e+00,-1.000000000000000000e+00,-1.000000000000000000e+00,-1.000000000000000000e+00,-1.000000000000000000e+00,-1.000000000000000000e+00,-1.000000000000000000e+00,-1.000000000000000000e+00,-1.000000000000000000e+00,-1.000000000000000000e+00,-1.000000000000000000e+00
-1.000000000000000000e+00,-1.000000000000000000e+00,-1.000000000000000000e+00,-1.000000000000000000e+00,-1.000000000000000000e+00,-1.000000000000000000e+00,-1.000000000000000000e+00,-1.000000000000000000e+00,-1.000000000000000000e+00,-1.000000000000000000e+00,-1.000000000000000000e+00,-1.000000000000000000e+00,-1.000000000000000000e+00,-1.000000000000000000e+00,-1.000000000000000000e+00,-1.000000000000000000e+00,-1.000000000000000000e+00,-1.000000000000000000e+00,-1.000000000000000000e+00,-1.000000000000000000e+00,-1.000000000000000000e+00,-1.000000000000000000e+00,-1.000000000000000000e+00,-1.000000000000000000e+00,-1.000000000000000000e+00,-1.000000000000000000e+00,-1.000000000000000000e+00,-1.000000000000000000e+00,-1.000000000000000000e+00,-1.000000000000000000e+00,-1.000000000000000000e+00,-1.000000000000000000e+00,-1.000000000000000000e+00,-1.000000000000000000e+00,-1.000000000000000000e+00,-1.000000000000000000e+00,-1.000000000000000000e+00,-1.000000000000000000e+00,-1.000000000000000000e+00,-1.000000000000000000e+00,-1.000000000000000000e+00,-1.000000000000000000e+00,-1.000000000000000000e+00,-1.000000000000000000e+00,-1.000000000000000000e+00,-1.000000000000000000e+00,1.310001463170143765e+00,1.301435048673874384e+00,1.273343574358928088e+00,1.219094406710422351e+00,1.141561698574600658e+00,1.038806710385208998e+00,9.092206668694002847e-01,7.532917533103116181e-01,5.747934977090278785e-01,3.810347134522586998e-01,1.818944037220255883e-01,-1.202958169373224973e-02,-1.913662375766971291e-01,-3.492683743104176841e-01,-4.817414227168063112e-01,-5.871093151236826957e-01,-6.649223997476190195e-01,-7.145998025643669482e-01,-7.340063179277988015e-01,-7.181389408240922423e-01,-6.582971402322266297e-01,-5.427675124185030731e-01,-3.615181613873378330e-01,-1.197285787502377907e-01,1.348674784207746224e-01,2.874648840016542639e-01,2.874648840507729730e-01,1.348674785947985288e-01,-1.197285784059906044e-01,-3.615181608303706939e-01,-5.427675116570798153e-01,-6.582971393123953074e-01,-7.181389397954629494e-01,-7.340063168313146758e-01,-7.145998014299899115e-01,-6.649223985669729942e-01,-5.871093138291867408e-01,-4.817414212557864506e-01,-3.492683726822647383e-01,-1.913662358723113854e-01,-1.202958012624266715e-02,1.818944048924080459e-01,3.810347141628014356e-01,5.747934979259463617e-01,7.532917529341662810e-01,9.092206662588364630e-01,1.038806710116535026e+00,1.141561698435962224e+00,1.219094404967639544e+00,1.273343569510272832e+00,1.301435049296572721e+00,1.310001457430774785e+00,-1.000000000000000000e+00,-1.000000000000000000e+00,-1.000000000000000000e+00,-1.000000000000000000e+00,-1.000000000000000000e+00,-1.000000000000000000e+00,-1.000000000000000000e+00,-1.000000000000000000e+00,-1.000000000000000000e+00,-1.000000000000000000e+00,-1.000000000000000000e+00,-1.000000000000000000e+00,-1.000000000000000000e+00,-1.000000000000000000e+00,-1.000000000000000000e+00,-1.000000000000000000e+00,-1.000000000000000000e+00,-1.000000000000000000e+00,-1.000000000000000000e+00,-1.000000000000000000e+00,-1.000000000000000000e+00,-1.000000000000000000e+00,-1.000000000000000000e+00,-1.000000000000000000e+00,-1.000000000000000000e+00,-1.000000000000000000e+00,-1.000000000000000000e+00,-1.000000000000000000e+00,-1.000000000000000000e+00,-1.000000000000000000e+00,-1.000000000000000000e+00,-1.000000000000000000e+00,-1.000000000000000000e+00,-1.000000000000000000e+00,-1.000000000000000000e+00,-1.000000000000000000e+00,-1.000000000000000000e+00,-1.000000000000000000e+00,-1.000000000000000000e+00,-1.000000000000000000e+00,-1.000000000000000000e+00,-1.000000000000000000e+00,-1.000000000000000000e+00,-1.000000000000000000e+00,-1.000000000000000000e+00,-1.000000000000000000e+00
-1.000000000000000000e+00,-1.000000000000000000e+00,-1.000000000000000000e+00,-1.000000000000000000e+00,-1.000000000000000000e+00,-1.000000000000000000e+00,-1.000000000000000000e+00,-1.000000000000000000e+00,-1.000000000000000000e+00,-1.000000000000000000e+00,-1.000000000000000000e+00,-1.000000000000000000e+00,-1.000000000000000000e+00,-1.000000000000000000e+00,-1.000000000000000000e+00,-1.000000000000000000e+00,-1.000000000000000000e+00,-1.000000000000000000e+00,-1.000000000000000000e+00,-1.000000000000000000e+00,-1.000000000000000000e+00,-1.000000000000000000e+00,-1.000000000000000000e+00,-1.000000000000000000e+00,-1.000000000000000000e+00,-1.000000000000000000e+00,-1.000000000000000000e+00,-1.000000000000000000e+00,-1.000000000000000000e+00,-1.000000000000000000e+00,-1.000000000000000000e+00,-1.000000000000000000e+00,-1.000000000000000000e+00,-1.000000000000000000e+00,-1.000000000000000000e+00,-1.000000000000000000e+00,-1.000000000000000000e+00,-1.000000000000000000e+00,-1.000000000000000000e+00,-1.000000000000000000e+00,-1.000000000000000000e+00,-1.000000000000000000e+00,-1.000000000000000000e+00,-1.000000000000000000e+00,-1.000000000000000000e+00,-1.000000000000000000e+00,1.325800685856404204e+00,1.315007520301993083e+00,1.279945396027073468e+00,1.213219387866081966e+00,1.119557477684397284e+00,9.981609295461313369e-01,8.492927405851191658e-01,6.758748276098411889e-01,4.841032188551745996e-01,2.829634448394251489e-01,8.276711145290627236e-02,-1.066945769382862119e-01,-2.776591209162952989e-01,-4.251107469139964179e-01,-5.466526402936293660e-01,-6.417447093963166704e-01,-7.105826252950639965e-01,-7.528266828685979961e-01,-7.663030463817466220e-01,-7.458046983197001989e-01,-6.823474788291908899e-01,-5.639142530594283276e-01,-3.802004277682979883e-01,-1.362183206523722712e-01,1.202277405457219395e-01,2.738922798326508534e-01,2.738922800633545318e-01,1.202277412299048720e-01,-1.362183195526741608e-01,-3.802004262821090386e-01,-5.639142512505622706e-01,-6.823474767946602348e-01,-7.458046961560100829e-01,-7.663030441755032118e-01,-7.528266806921002363e-01,-7.105826231613427968e-01,-6.417447072416047060e-01,-5.466526380684291198e-01,-4.251107446151464186e-01,-2.776591186309939063e-01,-1.066945748647569747e-01,8.276711309991591214e-02,2.829634460495131787e-01,4.841032195563792495e-01,6.758748276707753355e-01,8.492927403539365372e-01,9.981609294447761904e-01,1.119557477398854584e+00,1.213219385804116701e+00,1.279945391435989066e+00,1.315007520863181067e+00,1.325800679845154484e+00,-1.000000000000000000e+00,-1.000000000000000000e+00,-1.000000000000000000e+00,-1.000000000000000000e+00,-1.000000000000000000e+00,-1.000000000000000000e+00,-1.000000000000000000e+00,-1.000000000000000000e+00,-1.000000000000000000e+00,-1.000000000000000000e+00,-1.000000000000000000e+00,-1.000000000000000000e+00,-1.000000000000000000e+00,-1.000000000000000000e+00,-1.000000000000000000e+00,-1.000000000000000000e+00,-1.000000000000000000e+00,-1.000000000000000000e+00,-1.000000000000000000e+00,-1.000000000000000000e+00,-1.000000000000000000e+00,-1.000000000000000000e+00,-1.000000000000000000e+00,-1.000000000000000000e+00,-1.000000000000000000e+00,-1.000000000000000000e+00,-1.000000000000000000e+00,-1.000000000000000000e+00,-1.000000000000000000e+00,-1.000000000000000000e+00,-1.000000000000000000e+00,-1.000000000000000000e+00,-1.000000000000000000e+00,-1.000000000000000000e+00,-1.000000000000000000e+00,-1.000000000000000000e+00,-1.000000000000000000e+00,-1.000000000000000000e+00,-1.000000000000000000e+00,-1.000000000000000000e+00,-1.000000000000000000e+00,-1.000000000000000000e+00,-1.000000000000000000e+00,-1.000000000000000000e+00,-1.000000000000000000e+00,-1.000000000000000000e+00
-1.000000000000000000e+00,-1.000000000000000000e+00,-1.000000000000000000e+00,-1.000000000000000000e+00,-1.000000000000000000e+00,-1.000000000000000000e+00,-1.000000000000000000e+00,-1.000000000000000000e+00,-1.000000000000000000e+00,-1.000000000000000000e+00,-1.000000000000000000e+00,-1.000000000000000000e+00,-1.000000000000000000e+00,-1.000000000000000000e+00,-1.000000000000000000e+00,-1.000000000000000000e+00,-1.000000000000000000e+00,-1.000000000000000000e+00,-1.000000000000000000e+00,-1.000000000000000000e+00,-1.000000000000000000e+00,-1.000000000000000000e+00,-1.000000000000000000e+00,-1.000000000000000000e+00,-1.000000000000000000e+00,-1.000000000000000000e+00,-1.000000000000000000e+00,-1.000000000000000000e+00,-1.000000000000000000e+00,-1.000000000000000000e+00,-1.000000000000000000e+00,-1.000000000000000000e+00,-1.000000000000000000e+00,-1.000000000000000000e+00,-1.000000000000000000e+00,-1.000000000000000000e+00,-1.000000000000000000e+00,-1.000000000000000000e+00,-1.000000000000000000e+00,-1.000000000000000000e+00,-1.000000000000000000e+00,-1.000000000000000000e+00,-1.000000000000000000e+00,-1.000000000000000000e+00,-1.000000000000000000e+00,-1.000000000000000000e+00,1.299417971833982666e+00,1.285899125735954218e+00,1.243289124828919956e+00,1.167254848889866636e+00,1.059768425248071910e+00,9.224914484869002340e-01,7.584726469806248872e-01,5.732892852708502129e-01,3.751165086476806465e-01,1.737605578736263201e-01,-2.091183572847754579e-02,-2.005053429327051662e-01,-3.590699081701287376e-01,-4.933206063097668181e-01,-6.021998230183631673e-01,-6.860116770616124793e-01,-7.453439578322794690e-01,-7.799090039870373303e-01,-7.873674463183960581e-01,-7.622306195527367434e-01,-6.951879716626740979e-01,-5.738989262464484487e-01,-3.877805605482494977e-01,-1.416778927083257589e-01,1.165414299590687985e-01,2.712224664372762106e-01,2.712224668645060177e-01,1.165414311941779246e-01,-1.416778907949997057e-01,-3.877805580659260398e-01,-5.738989233200464390e-01,-6.951879684431581108e-01,-7.622306161848459993e-01,-7.873674429321796397e-01,-7.799090006895277316e-01,-7.453439546533848770e-01,-6.860116739463324453e-01,-6.021998199280934605e-01,-4.933206032491743720e-01,-3.590699052283448101e-01,-2.005053402840765164e-01,-2.091183352784353744e-02,1.737605596582032508e-01,3.751165098916315888e-01,5.732892858116829249e-01,7.584726471592204700e-01,9.224914485841342326e-01,1.059768424904908635e+00,1.167254846663280166e+00,1.243289120871813314e+00,1.285899126489344013e+00,1.299417965940220299e+00,-1.000000000000000000e+00,-1.000000000000000000e+00,-1.000000000000000000e+00,-1.000000000000000000e+00,-1.000000000000000000e+00,-1.000000000000000000e+00,-1.000000000000000000e+00,-1.000000000000000000e+00,-1.000000000000000000e+00,-1.000000000000000000e+00,-1.000000000000000000e+00,-1.000000000000000000e+00,-1.000000000000000000e+00,-1.000000000000000000e+00,-1.000000000000000000e+00,-1.000000000000000000e+00,-1.000000000000000000e+00,-1.000000000000000000e+00,-1.000000000000000000e+00,-1.000000000000000000e+00,-1.000000000000000000e+00,-1.000000000000000000e+00,-1.000000000000000000e+00,-1.000000000000000000e+00,-1.000000000000000000e+00,-1.000000000000000000e+00,-1.000000000000000000e+00,-1.000000000000000000e+00,-1.000000000000000000e+00,-1.000000000000000000e+00,-1.000000000000000000e+00,-1.000000000000000000e+00,-1.000000000000000000e+00,-1.000000000000000000e+00,-1.000000000000000000e+00,-1.000000000000000000e+00,-1.000000000000000000e+00,-1.000000000000000000e+00,-1.000000000000000000e+00,-1.000000000000000000e+00,-1.000000000000000000e+00,-1.000000000000000000e+00,-1.000000000000000000e+00,-1.000000000000000000e+00,-1.000000000000000000e+00,-1.000000000000000000e+00
-1.000000000000000000e+00,-1.000000000000000000e+00,-1.000000000000000000e+00,-1.000000000000000000e+00,-1.000000000000000000e+00,-1.000000000000000000e+00,-1.000000000000000000e+00,-1.000000000000000000e+00,-1.000000000000000000e+00,-1.000000000000000000e+00,-1.000000000000000000e+00,-1.000000000000000000e+00,-1.000000000000000000e+00,-1.000000000000000000e+00,-1.000000000000000000e+00,-1.000000000000000000e+00,-1.000000000000000000e+00,-1.000000000000000000e+00,-1.000000000000000000e+00,-1.000000000000000000e+00,-1.000000000000000000e+00,-1.000000000000000000e+00,-1.000000000000000000e+00,-1.000000000000000000e+00,-1.000000000000000000e+00,-1.000000000000000000e+00,-1.000000000000000000e+00,-1.000000000000000000e+00,-1.000000000000000000e+00,-1.000000000000000000e+00,-1.000000000000000000e+00,-1.000000000000000000e+00,-1.000000000000000000e+00,-1.000000000000000000e+00,-1.000000000000000000e+00,-1.000000000000000000e+00,-1.000000000000000000e+00,-1.000000000000000000e+00,-1.000000000000000000e+00,-1.000000000000000000e+00,-1.000000000000000000e+00,-1.000000000000000000e+00,-1.000000000000000000e+00,-1.000000000000000000e+00,-1.000000000000000000e+00,-1.000000000000000000e+00,1.221773471029016456e+00,1.205780236047821141e+00,1.156598534768933373e+00,1.072285680218028059e+00,9.546499930404985790e-01,8.072499119057019445e-01,6.355661024527470282e-01,4.472156579250863295e-01,2.514366544268109571e-01,5.791036944749583526e-02,-1.246190035880430091e-01,-2.894252355139173005e-01,-4.322863133560380655e-01,-5.513500418140730996e-01,-6.465322884734439057e-01,-7.186464013276716578e-01,-7.684126248234903755e-01,-7.954175207382350177e-01,-7.970474856887352910e-01,-7.674742564733170180e-01,-6.970368538430529171e-01,-5.730681099754764141e-01,-3.847142052995348172e-01,-1.366595910043787443e-01,1.231761389437615595e-01,2.787776948637683549e-01,2.787776954826333142e-01,1.231761407162301758e-01,-1.366595882965428999e-01,-3.847142018438565181e-01,-5.730681059563434987e-01,-6.970368494613692345e-01,-7.674742519173131106e-01,-7.970474811237703294e-01,-7.954175162936170107e-01,-7.684126205403551957e-01,-7.186463971673133777e-01,-6.465322844189683726e-01,-5.513500378924773848e-01,-4.322863096674737227e-01,-2.894252322038736169e-01,-1.246190007458015669e-01,5.791037187559489041e-02,2.514366562514949166e-01,4.472156589589146858e-01,6.355661030361934305e-01,8.072499122090224244e-01,9.546499927062039870e-01,1.072285677997750319e+00,1.156598531813135988e+00,1.205780237296437463e+00,1.221773465731026409e+00,-1.000000000000000000e+00,-1.000000000000000000e+00,-1.000000000000000000e+00,-1.000000000000000000e+00,-1.000000000000000000e+00,-1.000000000000000000e+00,-1.000000000000000000e+00,-1.000000000000000000e+00,-1.000000000000000000e+00,-1.000000000000000000e+00,-1.000000000000000000e+00,-1.000000000000000000e+00,-1.000000000000000000e+00,-1.000000000000000000e+00,-1.000000000000000000e+00,-1.000000000000000000e+00,-1.000000000000000000e+00,-1.000000000000000000e+00,-1.000000000000000000e+00,-1.000000000000000000e+00,-1.000000000000000000e+00,-1.000000000000000000e+00,-1.000000000000000000e+00,-1.000000000000000000e+00,-1.000000000000000000e+00,-1.000000000000000000e+00,-1.000000000000000000e+00,-1.000000000000000000e+00,-1.000000000000000000e+00,-1.000000000000000000e+00,-1.000000000000000000e+00,-1.000000000000000000e+00,-1.000000000000000000e+00,-1.000000000000000000e+00,-1.000000000000000000e+00,-1.000000000000000000e+00,-1.000000000000000000e+00,-1.000000000000000000e+00,-1.000000000000000000e+00,-1.000000000000000000e+00,-1.000000000000000000e+00,-1.000000000000000000e+00,-1.000000000000000000e+00,-1.000000000000000000e+00,-1.000000000000000000e+00,-1.000000000000000000e+00
-1.000000000000000000e+00,-1.000000000000000000e+00,-1.000000000000000000e+00,-1.000000000000000000e+00,-1.000000000000000000e+00,-1.000000000000000000e+00,-1.000000000000000000e+00,-1.000000000000000000e+00,-1.000000000000000000e+00,-1.000000000000000000e+00,-1.000000000000000000e+00,-1.000000000000000000e+00,-1.000000000000000000e+00,-1.000000000000000000e+00,-1.000000000000000000e+00,-1.000000000000000000e+00,-1.000000000000000000e+00,-1.000000000000000000e+00,-1.000000000000000000e+00,-1.000000000000000000e+00,-1.000000000000000000e+00,-1.000000000000000000e+00,-1.000000000000000000e+00,-1.000000000000000000e+00,-1.000000000000000000e+00,-1.000000000000000000e+00,-1.000000000000000000e+00,-1.000000000000000000e+00,-1.000000000000000000e+00,-1.000000000000000000e+00,-1.000000000000000000e+00,-1.000000000000000000e+00,-1.000000000000000000e+00,-1.000000000000000000e+00,-1.000000000000000000e+00,-1.000000000000000000e+00,-1.000000000000000000e+00,-1.000000000000000000e+00,-1.000000000000000000e+00,-1.000000000000000000e+00,-1.000000000000000000e+00,-1.000000000000000000e+00,-1.000000000000000000e+00,-1.000000000000000000e+00,-1.000000000000000000e+00,-1.000000000000000000e+00,1.086545232339037437e+00,1.068886468034648818e+00,1.015543763165606350e+00,9.265604868502890223e-01,8.047661664914118607e-01,6.552981346969257714e-01,4.852683614794770506e-01,3.033142208704364684e-01,1.187320435848979727e-01,-5.966360218012634054e-02,-2.245924310968626658e-01,-3.709590568246963205e-01,-4.959784533691194985e-01,-5.988365162027656785e-01,-6.800384905611773778e-01,-7.405949987747149077e-01,-7.811369737672367863e-01,-8.009856207616926627e-01,-7.971770433094919062e-01,-7.635112056310914275e-01,-6.899722411582673853e-01,-5.635776389137110431e-01,-3.732198673884361551e-01,-1.234342600416885594e-01,1.378204143401970949e-01,2.942246573951388111e-01,2.942246581818916962e-01,1.378204165847261020e-01,-1.234342566328027191e-01,-3.732198630691090369e-01,-5.635776339189813022e-01,-6.899722357290591912e-01,-7.635111999896238011e-01,-7.971770376437377070e-01,-8.009856152081642477e-01,-7.811369683719715518e-01,-7.405949935231690429e-01,-6.800384854693348746e-01,-5.988365113350226920e-01,-4.959784488468340635e-01,-3.709590527643454871e-01,-2.245924275263714298e-01,-5.966359905290219423e-02,1.187320460100373953e-01,3.033142224006390997e-01,4.852683624616909164e-01,6.552981352278040017e-01,8.047661662335265920e-01,9.265604848253050640e-01,1.015543761545634194e+00,1.068886470099128072e+00,1.086545228153664944e+00,-1.000000000000000000e+00,-1.000000000000000000e+00,-1.000000000000000000e+00,-1.000000000000000000e+00,-1.000000000000000000e+00,-1.000000000000000000e+00,-1.000000000000000000e+00,-1.000000000000000000e+00,-1.000000000000000000e+00,-1.000000000000000000e+00,-1.000000000000000000e+00,-1.000000000000000000e+00,-1.000000000000000000e+00,-1.000000000000000000e+00,-1.000000000000000000e+00,-1.000000000000000000e+00,-1.000000000000000000e+00,-1.000000000000000000e+00,-1.000000000000000000e+00,-1.000000000000000000e+00,-1.000000000000000000e+00,-1.000000000000000000e+00,-1.000000000000000000e+00,-1.000000000000000000e+00,-1.000000000000000000e+00,-1.000000000000000000e+00,-1.000000000000000000e+00,-1.000000000000000000e+00,-1.000000000000000000e+00,-1.000000000000000000e+00,-1.000000000000000000e+00,-1.000000000000000000e+00,-1.000000000000000000e+00,-1.000000000000000000e+00,-1.000000000000000000e+00,-1.000000000000000000e+00,-1.000000000000000000e+00,-1.000000000000000000e+00,-1.000000000000000000e+00,-1.000000000000000000e+00,-1.000000000000000000e+00,-1.000000000000000000e+00,-1.000000000000000000e+00,-1.000000000000000000e+00,-1.000000000000000000e+00,-1.000000000000000000e+00
-1.000000000000000000e+00,-1.000000000000000000e+00,-1.000000000000000000e+00,-1.000000000000000000e+00,-1.000000000000000000e+00,-1.000000000000000000e+00,-1.000000000000000000e+00,-1.000000000000000000e+00,-1.000000000000000000e+00,-1.000000000000000000e+00,-1.000000000000000000e+00,-1.000000000000000000e+00,-1.000000000000000000e+00,-1.000000000000000000e+00,-1.000000000000000000e+00,-1.000000000000000000e+00,-1.000000000000000000e+00,-1.000000000000000000e+00,-1.000000000000000000e+00,-1.000000000000000000e+00,-1.000000000000000000e+00,-1.000000000000000000e+00,-1.000000000000000000e+00,-1.000000000000000000e+00,-1.000000000000000000e+00,-1.000000000000000000e+00,-1.000000000000000000e+00,-1.000000000000000000e+00,-1.000000000000000000e+00,-1.000000000000000000e+00,-1.000000000000000000e+00,-1.000000000000000000e+00,-1.000000000000000000e+00,-1.000000000000000000e+00,-1.000000000000000000e+00,-1.000000000000000000e+00,-1.000000000000000000e+00,-1.000000000000000000e+00,-1.000000000000000000e+00,-1.000000000000000000e+00,-1.000000000000000000e+00,-1.000000000000000000e+00,-1.000000000000000000e+00,-1.000000000000000000e+00,-1.000000000000000000e+00,-1.000000000000000000e+00,8.982738921465132087e-01,8.801856104405689774e-01,8.262249053266468302e-01,7.379453404986631160e-01,6.192921833800408837e-01,4.764157273251394820e-01,3.171066510353097723e-01,1.500268282053947022e-01,-1.624232992498475525e-02,-1.741568358073724010e-01,-3.179300716241947322e-01,-4.438545493809579190e-01,-5.502053429832451936e-01,-6.368143309625717841e-01,-7.044420925076015916e-01,-7.540498118535394756e-01,-7.860188883986743980e-01,-7.993155551891605315e-01,-7.905866825826759481e-01,-7.532543093413621715e-01,-6.769606962153372764e-01,-5.484304337028521603e-01,-3.563260081544141755e-01,-1.050481012963414562e-01,1.574173591470275912e-01,3.145019914522437787e-01,3.145019923686385166e-01,1.574173617577070416e-01,-1.050480973391810791e-01,-3.563260031517142545e-01,-5.484304279260647785e-01,-6.769606899320148585e-01,-7.532543027950265868e-01,-7.905866759686713818e-01,-7.993155486359321271e-01,-7.860188819509000835e-01,-7.540498055264310828e-01,-7.044420863581790648e-01,-6.368143251045175202e-01,-5.502053375667492752e-01,-4.438545444975722232e-01,-3.179300672544977946e-01,-1.741568319442029500e-01,-1.624232689207183444e-02,1.500268302414187183e-01,3.171066524350232285e-01,4.764157281450258630e-01,6.192921832902340551e-01,7.379453388803722813e-01,8.262249053051637926e-01,8.801856136091041893e-01,8.982738895421076286e-01,-1.000000000000000000e+00,-1.000000000000000000e+00,-1.000000000000000000e+00,-1.000000000000000000e+00,-1.000000000000000000e+00,-1.000000000000000000e+00,-1.000000000000000000e+00,-1.000000000000000000e+00,-1.000000000000000000e+00,-1.000000000000000000e+00,-1.000000000000000000e+00,-1.000000000000000000e+00,-1.000000000000000000e+00,-1.000000000000000000e+00,-1.000000000000000000e+00,-1.000000000000000000e+00,-1.000000000000000000e+00,-1.000000000000000000e+00,-1.000000000000000000e+00,-1.000000000000000000e+00,-1.000000000000000000e+00,-1.000000000000000000e+00,-1.000000000000000000e+00,-1.000000000000000000e+00,-1.000000000000000000e+00,-1.000000000000000000e+00,-1.000000000000000000e+00,-1.000000000000000000e+00,-1.000000000000000000e+00,-1.000000000000000000e+00,-1.000000000000000000e+00,-1.000000000000000000e+00,-1.000000000000000000e+00,-1.000000000000000000e+00,-1.000000000000000000e+00,-1.000000000000000000e+00,-1.000000000000000000e+00,-1.000000000000000000e+00,-1.000000000000000000e+00,-1.000000000000000000e+00,-1.000000000000000000e+00,-1.000000000000000000e+00,-1.000000000000000000e+00,-1.000000000000000000e+00,-1.000000000000000000e+00,-1.000000000000000000e+00
-1.000000000000000000e+00,-1.000000000000000000e+00,-1.000000000000000000e+00,-1.000000000000000000e+00,-1.000000000000000000e+00,-1.000000000000000000e+00,-1.000000000000000000e+00,-1.000000000000000000e+00,-1.000000000000000000e+00,-1.000000000000000000e+00,-1.000000000000000000e+00,-1.000000000000000000e+00,-1.000000000000000000e+00,-1.000000000000000000e+00,-1.000000000000000000e+00,-1.000000000000000000e+00,-1.000000000000000000e+00,-1.000000000000000000e+00,-1.000000000000000000e+00,-1.000000000000000000e+00,-1.000000000000000000e+00,-1.000000000000000000e+00,-1.000000000000000000e+00,-1.000000000000000000e+00,-1.000000000000000000e+00,-1.000000000000000000e+00,-1.000000000000000000e+00,-1.000000000000000000e+00,-1.000000000000000000e+00,-1.000000000000000000e+00,-1.000000000000000000e+00,-1.000000000000000000e+00,-1.000000000000000000e+00,-1.000000000000000000e+00,-1.000000000000000000e+00,-1.000000000000000000e+00,-1.000000000000000000e+00,-1.000000000000000000e+00,-1.000000000000000000e+00,-1.000000000000000000e+00,-1.000000000000000000e+00,-1.000000000000000000e+00,-1.000000000000000000e+00,-1.000000000000000000e+00,-1.000000000000000000e+00,-1.000000000000000000e+00,6.725487324652383858e-01,6.553430038685819081e-01,6.044495253479280628e-01,5.223189701675543528e-01,4.135314000143579527e-01,2.845184043250319483e-01,1.428934708815916554e-01,-3.388505289795173958e-03,-1.468988826900237132e-01,-2.814675331329901109e-01,-4.026354159835768831e-01,-5.077633091338040749e-01,-5.958257152765348286e-01,-6.669771943405332637e-01,-7.219860065200565113e-01,-7.615988860406988081e-01,-7.858541817062498769e-01,-7.933230024233182132e-01,-7.802581829219179532e-01,-7.397198562040517844e-01,-6.610349519965492693e-01,-5.306651774348376538e-01,-3.370704416411762772e-01,-8.453289842146960442e-02,1.789442952077588966e-01,3.365937617810537130e-01,3.365937627810831057e-01,1.789442980562598873e-01,-8.453289410282516236e-02,-3.370704361780562097e-01,-5.306651711185264020e-01,-6.610349451067449866e-01,-7.397198489911820385e-01,-7.802581755735478186e-01,-7.933229950465459090e-01,-7.858541743389038103e-01,-7.615988787290909334e-01,-7.219859993656784214e-01,-6.669771875113617021e-01,-5.958257089532856821e-01,-5.077633033889423775e-01,-4.026354107718239650e-01,-2.814675285157749451e-01,-1.468988790426442037e-01,-3.388502719706254496e-03,1.428934727538191396e-01,2.845184055374105903e-01,4.135314002063281702e-01,5.223189691711938032e-01,6.044495270714191903e-01,6.553430083266107431e-01,6.725487317505212115e-01,-1.000000000000000000e+00,-1.000000000000000000e+00,-1.000000000000000000e+00,-1.000000000000000000e+00,-1.000000000000000000e+00,-1.000000000000000000e+00,-1.000000000000000000e+00,-1.000000000000000000e+00,-1.000000000000000000e+00,-1.000000000000000000e+00,-1.000000000000000000e+00,-1.000000000000000000e+00,-1.000000000000000000e+00,-1.000000000000000000e+00,-1.000000000000000000e+00,-1.000000000000000000e+00,-1.000000000000000000e+00,-1.000000000000000000e+00,-1.000000000000000000e+00,-1.000000000000000000e+00,-1.000000000000000000e+00,-1.000000000000000000e+00,-1.000000000000000000e+00,-1.000000000000000000e+00,-1.000000000000000000e+00,-1.000000000000000000e+00,-1.000000000000000000e+00,-1.000000000000000000e+00,-1.000000000000000000e+00,-1.000000000000000000e+00,-1.000000000000000000e+00,-1.000000000000000000e+00,-1.000000000000000000e+00,-1.000000000000000000e+00,-1.000000000000000000e+00,-1.000000000000000000e+00,-1.000000000000000000e+00,-1.000000000000000000e+00,-1.000000000000000000e+00,-1.000000000000000000e+00,-1.000000000000000000e+00,-1.000000000000000000e+00,-1.000000000000000000e+00,-1.000000000000000000e+00,-1.000000000000000000e+00,-1.000000000000000000e+00
-1.000000000000000000e+00,-1.000000000000000000e+00,-1.000000000000000000e+00,-1.000000000000000000e+00,-1.000000000000000000e+00,-1.000000000000000000e+00,-1.000000000000000000e+00,-1.000000000000000000e+00,-1.000000000000000000e+00,-1.000000000000000000e+00,-1.000000000000000000e+00,-1.000000000000000000e+00,-1.000000000000000000e+00,-1.000000000000000000e+00,-1.000000000000000000e+00,-1.000000000000000000e+00,-1.000000000000000000e+00,-1.000000000000000000e+00,-1.000000000000000000e+00,-1.000000000000000000e+00,-1.000000000000000000e+00,-1.000000000000000000e+00,-1.000000000000000000e+00,-1.000000000000000000e+00,-1.000000000000000000e+00,-1.000000000000000000e+00,-1.000000000000000000e+00,-1.000000000000000000e+00,-1.000000000000000000e+00,-1.000000000000000000e+00,-1.000000000000000000e+00,-1.000000000000000000e+00,-1.000000000000000000e+00,-1.000000000000000000e+00,-1.000000000000000000e+00,-1.000000000000000000e+00,-1.000000000000000000e+00,-1.000000000000000000e+00,-1.000000000000000000e+00,-1.000000000000000000e+00,-1.000000000000000000e+00,-1.000000000000000000e+00,-1.000000000000000000e+00,-1.000000000000000000e+00,-1.000000000000000000e+00,-1.000000000000000000e+00,4.310309761534418804e-01,4.157353601933233556e-01,3.707432870448017503e-01,2.988051016856860809e-01,2.045226414949989913e-01,9.395239193921134380e-02,-2.607218276075973229e-02,-1.487144831959911206e-01,-2.678497735786852241e-01,-3.785953988707415618e-01,-4.775777931515773345e-01,-5.629235867995328046e-01,-6.340198651456760981e-01,-6.911161255180180429e-01,-7.348336857485331386e-01,-7.656177060187169259e-01,-7.831288573473340620e-01,-7.855440957377507472e-01,-7.687441770972308630e-01,-7.254595132821464176e-01,-6.447370806691072875e-01,-5.128097599685184083e-01,-3.179635534746183545e-01,-6.437876404442599565e-02,1.999315010201649923e-01,3.580431464190549917e-01,3.580431474564098604e-01,1.999315039761710988e-01,-6.437875955620031565e-02,-3.179635477844158231e-01,-5.128097533715402223e-01,-6.447370734434986206e-01,-7.254595056709540746e-01,-7.687441692676088012e-01,-7.855440877657092758e-01,-7.831288492597043849e-01,-7.656176978897349938e-01,-7.348336777214765636e-01,-6.911161178109279657e-01,-6.340198579637390530e-01,-5.629235802006842260e-01,-4.775777870898597621e-01,-3.785953934959958023e-01,-2.678497692967232169e-01,-1.487144800349096130e-01,-2.607218032440383748e-02,9.395239367535834774e-02,2.045226420864072470e-01,2.988051014999475452e-01,3.707432905169625315e-01,4.157353659675693258e-01,4.310309773990479432e-01,-1.000000000000000000e+00,-1.000000000000000000e+00,-1.000000000000000000e+00,-1.000000000000000000e+00,-1.000000000000000000e+00,-1.000000000000000000e+00,-1.000000000000000000e+00,-1.000000000000000000e+00,-1.000000000000000000e+00,-1.000000000000000000e+00,-1.000000000000000000e+00,-1.000000000000000000e+00,-1.000000000000000000e+00,-1.000000000000000000e+00,-1.000000000000000000e+00,-1.000000000000000000e+00,-1.000000000000000000e+00,-1.000000000000000000e+00,-1.000000000000000000e+00,-1.000000000000000000e+00,-1.000000000000000000e+00,-1.000000000000000000e+00,-1.000000000000000000e+00,-1.000000000000000000e+00,-1.000000000000000000e+00,-1.000000000000000000e+00,-1.000000000000000000e+00,-1.000000000000000000e+00,-1.000000000000000000e+00,-1.000000000000000000e+00,-1.000000000000000000e+00,-1.000000000000000000e+00,-1.000000000000000000e+00,-1.000000000000000000e+00,-1.000000000000000000e+00,-1.000000000000000000e+00,-1.000000000000000000e+00,-1.000000000000000000e+00,-1.000000000000000000e+00,-1.000000000000000000e+00,-1.000000000000000000e+00,-1.000000000000000000e+00,-1.000000000000000000e+00,-1.000000000000000000e+00,-1.000000000000000000e+00,-1.000000000000000000e+00
-1.000000000000000000e+00,-1.000000000000000000e+00,-1.000000000000000000e+00,-1.000000000000000000e+00,-1.000000000000000000e+00,-1.000000000000000000e+00,-1.000000000000000000e+00,-1.000000000000000000e+00,-1.000000000000000000e+00,-1.000000000000000000e+00,-1.000000000000000000e+00,-1.000000000000000000e+00,-1.000000000000000000e+00,-1.000000000000000000e+00,-1.000000000000000000e+00,-1.000000000000000000e+00,-1.000000000000000000e+00,-1.000000000000000000e+00,-1.000000000000000000e+00,-1.000000000000000000e+00,-1.000000000000000000e+00,-1.000000000000000000e+00,-1.000000000000000000e+00,-1.000000000000000000e+00,-1.000000000000000000e+00,-1.000000000000000000e+00,-1.000000000000000000e+00,-1.000000000000000000e+00,-1.000000000000000000e+00,-1.000000000000000000e+00,-1.000000000000000000e+00,-1.000000000000000000e+00,-1.000000000000000000e+00,-1.000000000000000000e+00,-1.000000000000000000e+00,-1.000000000000000000e+00,-1.000000000000000000e+00,-1.000000000000000000e+00,-1.000000000000000000e+00,-1.000000000000000000e+00,-1.000000000000000000e+00,-1.000000000000000000e+00,-1.000000000000000000e+00,-1.000000000000000000e+00,-1.000000000000000000e+00,-1.000000000000000000e+00,1.948550032327627246e-01,1.820333161002505307e-01,1.444502104149945065e-01,8.471499816655447823e-02,6.977801196161648178e-03,-8.350966414251270731e-02,-1.810089806223871278e-01,-2.799437831683085909e-01,-3.754549525427588463e-01,-4.637735546604823123e-01,-5.423718987072688735e-01,-6.099021579543553173e-01,-6.659665335479313386e-01,-7.107736037932581574e-01,-7.447230339108888986e-01,-7.679334606661560869e-01,-7.796975862229208465e-01,-7.778284203496504956e-01,-7.578743444335820367e-01,-7.122778867301675643e-01,-6.298457368039238613e-01,-4.966169911266736792e-01,-3.007317929642217003e-01,-4.628493859614424277e-02,2.187051381910434245e-01,3.771917394043307059e-01,3.771917404377618244e-01,2.187051411376641497e-01,-4.628493411311696004e-02,-3.007317872646152468e-01,-4.966169844967548430e-01,-6.298457295084936014e-01,-7.122778789926769161e-01,-7.578743363918274412e-01,-7.778284120437243265e-01,-7.796975776670873604e-01,-7.679334519552403204e-01,-7.447230252204386503e-01,-7.107735953768818948e-01,-6.659665256213678219e-01,-6.099021505631666562e-01,-5.423718918294917479e-01,-4.637735485412305403e-01,-3.754549475927762003e-01,-2.799437793357553161e-01,-1.810089775080858665e-01,-8.350966174960716693e-02,6.977802285233147828e-03,8.471499892747536009e-02,1.444502155055229498e-01,1.820333230552853010e-01,1.948550062736147392e-01,-1.000000000000000000e+00,-1.000000000000000000e+00,-1.000000000000000000e+00,-1.000000000000000000e+00,-1.000000000000000000e+00,-1.000000000000000000e+00,-1.000000000000000000e+00,-1.000000000000000000e+00,-1.000000000000000000e+00,-1.000000000000000000e+00,-1.000000000000000000e+00,-1.000000000000000000e+00,-1.000000000000000000e+00,-1.000000000000000000e+00,-1.000000000000000000e+00,-1.000000000000000000e+00,-1.000000000000000000e+00,-1.000000000000000000e+00,-1.000000000000000000e+00,-1.000000000000000000e+00,-1.000000000000000000e+00,-1.000000000000000000e+00,-1.000000000000000000e+00,-1.000000000000000000e+00,-1.000000000000000000e+00,-1.000000000000000000e+00,-1.000000000000000000e+00,-1.000000000000000000e+00,-1.000000000000000000e+00,-1.000000000000000000e+00,-1.000000000000000000e+00,-1.000000000000000000e+00,-1.000000000000000000e+00,-1.000000000000000000e+00,-1.000000000000000000e+00,-1.000000000000000000e+00,-1.000000000000000000e+00,-1.000000000000000000e+00,-1.000000000000000000e+00,-1.000000000000000000e+00,-1.000000000000000000e+00,-1.000000000000000000e+00,-1.000000000000000000e+00,-1.000000000000000000e+00,-1.000000000000000000e+00,-1.000000000000000000e+00
-1.000000000000000000e+00,-1.000000000000000000e+00,-1.000000000000000000e+00,-1.000000000000000000e+00,-1.000000000000000000e+00,-1.000000000000000000e+00,-1.000000000000000000e+00,-1.000000000000000000e+00,-1.000000000000000000e+00,-1.000000000000000000e+00,-1.000000000000000000e+00,-1.000000000000000000e+00,-1.000000000000000000e+00,-1.000000000000000000e+00,-1.000000000000000000e+00,-1.000000000000000000e+00,-1.000000000000000000e+00,-1.000000000000000000e+00,-1.000000000000000000e+00,-1.000000000000000000e+00,-1.000000000000000000e+00,-1.000000000000000000e+00,-1.000000000000000000e+00,-1.000000000000000000e+00,-1.000000000000000000e+00,-1.000000000000000000e+00,-1.000000000000000000e+00,-1.000000000000000000e+00,-1.000000000000000000e+00,-1.000000000000000000e+00,-1.000000000000000000e+00,-1.000000000000000000e+00,-1.000000000000000000e+00,-1.000000000000000000e+00,-1.000000000000000000e+00,-1.000000000000000000e+00,-1.000000000000000000e+00,-1.000000000000000000e+00,-1.000000000000000000e+00,-1.000000000000000000e+00,-1.000000000000000000e+00,-1.000000000000000000e+00,-1.000000000000000000e+00,-1.000000000000000000e+00,-1.000000000000000000e+00,-1.000000000000000000e+00,-2.006423621990260919e-02,-3.029244392123819907e-02,-6.021139128933161722e-02,-1.075957916187049168e-01,-1.689959217853722606e-01,-2.401465133954057141e-01,-3.164799948866092727e-01,-3.936378328186626030e-01,-4.678855484979866919e-01,-5.363717624794113181e-01,-5.972120907575757531e-01,-6.494133634024693569e-01,-6.926738485808869861e-01,-7.270973224138312929e-01,-7.528450989251640468e-01,-7.697266702875141808e-01,-7.767047242785969363e-01,-7.712756651801178087e-01,-7.487043431955098249e-01,-7.011910379904899848e-01,-6.173422870259608342e-01,-4.830370601258939800e-01,-2.862957140144906099e-01,-3.114287899927481451e-02,2.343999842957835700e-01,3.931899322677914199e-01,3.931899332634367639e-01,2.343999871368571686e-01,-3.114287466797382997e-02,-2.862957084927399976e-01,-4.830370536819602600e-01,-6.173422799028841501e-01,-7.011910303828199353e-01,-7.487043352068443181e-01,-7.712756568159665482e-01,-7.767047155415166548e-01,-7.697266612826176857e-01,-7.528450898444888351e-01,-7.270973135231932893e-01,-6.926738400867438195e-01,-6.494133553395190495e-01,-5.972120831483913594e-01,-5.363717556573737166e-01,-4.678855428521866422e-01,-3.936378282343646617e-01,-3.164799909862613392e-01,-2.401465102398461227e-01,-1.689959201357584817e-01,-1.075957898392908563e-01,-6.021138480651477831e-02,-3.029243603726849976e-02,-2.006423171113402848e-02,-1.000000000000000000e+00,-1.000000000000000000e+00,-1.000000000000000000e+00,-1.000000000000000000e+00,-1.000000000000000000e+00,-1.000000000000000000e+00,-1.000000000000000000e+00,-1.000000000000000000e+00,-1.000000000000000000e+00,-1.000000000000000000e+00,-1.000000000000000000e+00,-1.000000000000000000e+00,-1.000000000000000000e+00,-1.000000000000000000e+00,-1.000000000000000000e+00,-1.000000000000000000e+00,-1.000000000000000000e+00,-1.000000000000000000e+00,-1.000000000000000000e+00,-1.000000000000000000e+00,-1.000000000000000000e+00,-1.000000000000000000e+00,-1.000000000000000000e+00,-1.000000000000000000e+00,-1.000000000000000000e+00,-1.000000000000000000e+00,-1.000000000000000000e+00,-1.000000000000000000e+00,-1.000000000000000000e+00,-1.000000000000000000e+00,-1.000000000000000000e+00,-1.000000000000000000e+00,-1.000000000000000000e+00,-1.000000000000000000e+00,-1.000000000000000000e+00,-1.000000000000000000e+00,-1.000000000000000000e+00,-1.000000000000000000e+00,-1.000000000000000000e+00,-1.000000000000000000e+00,-1.000000000000000000e+00,-1.000000000000000000e+00,-1.000000000000000000e+00,-1.000000000000000000e+00,-1.000000000000000000e+00,-1.000000000000000000e+00
-1.000000000000000000e+00,-1.000000000000000000e+00,-1.000000000000000000e+00,-1.000000000000000000e+00,-1.000000000000000000e+00,-1.000000000000000000e+00,-1.000000000000000000e+00,-1.000000000000000000e+00,-1.000000000000000000e+00,-1.000000000000000000e+00,-1.000000000000000000e+00,-1.000000000000000000e+00,-1.000000000000000000e+00,-1.000000000000000000e+00,-1.000000000000000000e+00,-1.000000000000000000e+00,-1.000000000000000000e+00,-1.000000000000000000e+00,-1.000000000000000000e+00,-1.000000000000000000e+00,-1.000000000000000000e+00,-1.000000000000000000e+00,-1.000000000000000000e+00,-1.000000000000000000e+00,-1.000000000000000000e+00,-1.000000000000000000e+00,-1.000000000000000000e+00,-1.000000000000000000e+00,-1.000000000000000000e+00,-1.000000000000000000e+00,-1.000000000000000000e+00,-1.000000000000000000e+00,-1.000000000000000000e+00,-1.000000000000000000e+00,-1.000000000000000000e+00,-1.000000000000000000e+00,-1.000000000000000000e+00,-1.000000000000000000e+00,-1.000000000000000000e+00,-1.000000000000000000e+00,-1.000000000000000000e+00,-1.000000000000000000e+00,-1.000000000000000000e+00,-1.000000000000000000e+00,-1.000000000000000000e+00,-1.000000000000000000e+00,-2.046385699973765071e-01,-2.124685926665447200e-01,-2.353473813998012698e-01,-2.715140038904131359e-01,-3.182747780626634659e-01,-3.723425427938319432e-01,-4.302377129946598489e-01,-4.886730918741785112e-01,-5.448555851088080493e-01,-5.966652035996620196e-01,-6.427018095522638585e-01,-6.822135857774180856e-01,-7.149327517293881940e-01,-7.408422245404351347e-01,-7.598838720477631981e-01,-7.715991778178213911e-01,-7.746727928527045171e-01,-7.663387457301561456e-01,-7.416293314263535663e-01,-6.925474513197265036e-01,-6.075372794322648762e-01,-4.723483149139487969e-01,-2.749043770208291493e-01,-1.917380888868014388e-02,2.468193648005307939e-01,4.058554667748601741e-01,4.058554677063950233e-01,2.468193674615273281e-01,-1.917380482454000834e-02,-2.749043718275508974e-01,-4.723483088364636151e-01,-6.075372726863106365e-01,-6.925474440657075625e-01,-7.416293237333282384e-01,-7.663387375762640286e-01,-7.746727842308349654e-01,-7.715991688309448149e-01,-7.598838628842088383e-01,-7.408422154494425094e-01,-7.149327428872319645e-01,-6.822135772117328134e-01,-6.427018013445429112e-01,-5.966651961521483027e-01,-5.448555787655272598e-01,-4.886730864837995902e-01,-4.302377082303628919e-01,-3.723425388125873869e-01,-3.182747758189959919e-01,-2.715140010682344229e-01,-2.353473737836530022e-01,-2.124685841456959157e-01,-2.046385644041706087e-01,-1.000000000000000000e+00,-1.000000000000000000e+00,-1.000000000000000000e+00,-1.000000000000000000e+00,-1.000000000000000000e+00,-1.000000000000000000e+00,-1.000000000000000000e+00,-1.000000000000000000e+00,-1.000000000000000000e+00,-1.000000000000000000e+00,-1.000000000000000000e+00,-1.000000000000000000e+00,-1.000000000000000000e+00,-1.000000000000000000e+00,-1.000000000000000000e+00,-1.000000000000000000e+00,-1.000000000000000000e+00,-1.000000000000000000e+00,-1.000000000000000000e+00,-1.000000000000000000e+00,-1.000000000000000000e+00,-1.000000000000000000e+00,-1.000000000000000000e+00,-1.000000000000000000e+00,-1.000000000000000000e+00,-1.000000000000000000e+00,-1.000000000000000000e+00,-1.000000000000000000e+00,-1.000000000000000000e+00,-1.000000000000000000e+00,-1.000000000000000000e+00,-1.000000000000000000e+00,-1.000000000000000000e+00,-1.000000000000000000e+00,-1.000000000000000000e+00,-1.000000000000000000e+00,-1.000000000000000000e+00,-1.000000000000000000e+00,-1.000000000000000000e+00,-1.000000000000000000e+00,-1.000000000000000000e+00,-1.000000000000000000e+00,-1.000000000000000000e+00,-1.000000000000000000e+00,-1.000000000000000000e+00,-1.000000000000000000e+00
-1.000000000000000000e+00,-1.000000000000000000e+00,-1.000000000000000000e+00,-1.000000000000000000e+00,-1.000000000000000000e+00,-1.000000000000000000e+00,-1.000000000000000000e+00,-1.000000000000000000e+00,-1.000000000000000000e+00,-1.000000000000000000e+00,-1.000000000000000000e+00,-1.000000000000000000e+00,-1.000000000000000000e+00,-1.000000000000000000e+00,-1.000000000000000000e+00,-1.000000000000000000e+00,-1.000000000000000000e+00,-1.000000000000000000e+00,-1.000000000000000000e+00,-1.000000000000000000e+00,-1.000000000000000000e+00,-1.000000000000000000e+00,-1.000000000000000000e+00,-1.000000000000000000e+00,-1.000000000000000000e+00,-1.000000000000000000e+00,-1.000000000000000000e+00,-1.000000000000000000e+00,-1.000000000000000000e+00,-1.000000000000000000e+00,-1.000000000000000000e+00,-1.000000000000000000e+00,-1.000000000000000000e+00,-1.000000000000000000e+00,-1.000000000000000000e+00,-1.000000000000000000e+00,-1.000000000000000000e+00,-1.000000000000000000e+00,-1.000000000000000000e+00,-1.000000000000000000e+00,-1.000000000000000000e+00,-1.000000000000000000e+00,-1.000000000000000000e+00,-1.000000000000000000e+00,-1.000000000000000000e+00,-1.000000000000000000e+00,-3.558812304642792190e-01,-3.616749853489463762e-01,-3.785966231721915598e-01,-4.053278292649292736e-01,-4.398654235351525665e-01,-4.797811153711514232e-01,-5.225187402913016310e-01,-5.656731173688434033e-01,-6.072042627502243217e-01,-6.455604464190354275e-01,-6.797045273700644819e-01,-7.090534056445029210e-01,-7.333466761106604004e-01,-7.524570058087687308e-01,-7.661429993279336159e-01,-7.737285144426020445e-01,-7.736754391843908563e-01,-7.630090637400960274e-01,-7.365772969949424542e-01,-6.862266938655945392e-01,-6.002727345548275473e-01,-4.643621880595026896e-01,-2.663423498957200319e-01,-1.013743383868392911e-02,2.562251197897709165e-01,4.154627049607819700e-01,4.154627058080109236e-01,2.562251222141287421e-01,-1.013743012961532131e-02,-2.663423451464981273e-01,-4.643621824882956384e-01,-6.002727283466666730e-01,-6.862266871452641359e-01,-7.365772898007942882e-01,-7.630090560343316675e-01,-7.736754309526504558e-01,-7.737285057726135395e-01,-7.661429903822456478e-01,-7.524569967909251478e-01,-7.333466671499120348e-01,-7.090533967696655004e-01,-6.797045187287038548e-01,-6.455604384539668228e-01,-6.072042557434362831e-01,-5.656731111582729010e-01,-5.225187346269717370e-01,-4.797811105443249291e-01,-4.398654206696250846e-01,-4.053278253840825185e-01,-3.785966146422605760e-01,-3.616749764419739943e-01,-3.558812241240397745e-01,-1.000000000000000000e+00,-1.000000000000000000e+00,-1.000000000000000000e+00,-1.000000000000000000e+00,-1.000000000000000000e+00,-1.000000000000000000e+00,-1.000000000000000000e+00,-1.000000000000000000e+00,-1.000000000000000000e+00,-1.000000000000000000e+00,-1.000000000000000000e+00,-1.000000000000000000e+00,-1.000000000000000000e+00,-1.000000000000000000e+00,-1.000000000000000000e+00,-1.000000000000000000e+00,-1.000000000000000000e+00,-1.000000000000000000e+00,-1.000000000000000000e+00,-1.000000000000000000e+00,-1.000000000000000000e+00,-1.000000000000000000e+00,-1.000000000000000000e+00,-1.000000000000000000e+00,-1.000000000000000000e+00,-1.000000000000000000e+00,-1.000000000000000000e+00,-1.000000000000000000e+00,-1.000000000000000000e+00,-1.000000000000000000e+00,-1.000000000000000000e+00,-1.000000000000000000e+00,-1.000000000000000000e+00,-1.000000000000000000e+00,-1.000000000000000000e+00,-1.000000000000000000e+00,-1.000000000000000000e+00,-1.000000000000000000e+00,-1.000000000000000000e+00,-1.000000000000000000e+00,-1.000000000000000000e+00,-1.000000000000000000e+00,-1.000000000000000000e+00,-1.000000000000000000e+00,-1.000000000000000000e+00,-1.000000000000000000e+00
-1.000000000000000000e+00,-1.000000000000000000e+00,-1.000000000000000000e+00,-1.000000000000000000e+00,-1.000000000000000000e+00,-1.000000000000000000e+00,-1.000000000000000000e+00,-1.000000000000000000e+00,-1.000000000000000000e+00,-1.000000000000000000e+00,-1.000000000000000000e+00,-1.000000000000000000e+00,-1.000000000000000000e+00,-1.000000000000000000e+00,-1.000000000000000000e+00,-1.000000000000000000e+00,-1.000000000000000000e+00,-1.000000000000000000e+00,-1.000000000000000000e+00,-1.000000000000000000e+00,-1.000000000000000000e+00,-1.000000000000000000e+00,-1.000000000000000000e+00,-1.000000000000000000e+00,-1.000000000000000000e+00,-1.000000000000000000e+00,-1.000000000000000000e+00,-1.000000000000000000e+00,-1.000000000000000000e+00,-1.000000000000000000e+00,-1.000000000000000000e+00,-1.000000000000000000e+00,-1.000000000000000000e+00,-1.000000000000000000e+00,-1.000000000000000000e+00,-1.000000000000000000e+00,-1.000000000000000000e+00,-1.000000000000000000e+00,-1.000000000000000000e+00,-1.000000000000000000e+00,-1.000000000000000000e+00,-1.000000000000000000e+00,-1.000000000000000000e+00,-1.000000000000000000e+00,-1.000000000000000000e+00,-1.000000000000000000e+00,-4.751338764912519386e-01,-4.793028479370811112e-01,-4.914793342693805078e-01,-5.107174111744896550e-01,-5.355838284086935630e-01,-5.643455437538811292e-01,-5.951807467409797603e-01,-6.263745052558244986e-01,-6.564674901474718549e-01,-6.843397338749882541e-01,-7.092252448447898816e-01,-7.306629370635950860e-01,-7.483922509145345403e-01,-7.621975523032381572e-01,-7.716949259358574231e-01,-7.760405121755931113e-01,-7.735250600604369753e-01,-7.610135025822668542e-01,-7.332117926790580054e-01,-6.818456354644848449e-01,-5.951305074271411311e-01,-4.586329390999753786e-01,-2.601404124408194241e-01,-3.543359303219362211e-03,2.631256836275279731e-01,4.225304665726909992e-01,4.225304673195811045e-01,2.631256857704853402e-01,-3.543356017363330501e-03,-2.601404082238244486e-01,-4.586329341401168547e-01,-5.951305018761872123e-01,-6.818456294125969652e-01,-7.332117861400454517e-01,-7.610134955149341351e-01,-7.735250524457750743e-01,-7.760405040741911176e-01,-7.716949174646502430e-01,-7.621975435965259171e-01,-7.483922420467252756e-01,-7.306629280760288392e-01,-7.092252359506403536e-01,-6.843397255247116728e-01,-6.564674825512941680e-01,-6.263744982604748657e-01,-5.951807401911549666e-01,-5.643455381043234187e-01,-5.355838248824831282e-01,-5.107174061978134727e-01,-4.914793249580168277e-01,-4.793028387958117031e-01,-4.751338696255807958e-01,-1.000000000000000000e+00,-1.000000000000000000e+00,-1.000000000000000000e+00,-1.000000000000000000e+00,-1.000000000000000000e+00,-1.000000000000000000e+00,-1.000000000000000000e+00,-1.000000000000000000e+00,-1.000000000000000000e+00,-1.000000000000000000e+00,-1.000000000000000000e+00,-1.000000000000000000e+00,-1.000000000000000000e+00,-1.000000000000000000e+00,-1.000000000000000000e+00,-1.000000000000000000e+00,-1.000000000000000000e+00,-1.000000000000000000e+00,-1.000000000000000000e+00,-1.000000000000000000e+00,-1.000000000000000000e+00,-1.000000000000000000e+00,-1.000000000000000000e+00,-1.000000000000000000e+00,-1.000000000000000000e+00,-1.000000000000000000e+00,-1.000000000000000000e+00,-1.000000000000000000e+00,-1.000000000000000000e+00,-1.000000000000000000e+00,-1.000000000000000000e+00,-1.000000000000000000e+00,-1.000000000000000000e+00,-1.000000000000000000e+00,-1.000000000000000000e+00,-1.000000000000000000e+00,-1.000000000000000000e+00,-1.000000000000000000e+00,-1.000000000000000000e+00,-1.000000000000000000e+00,-1.000000000000000000e+00,-1.000000000000000000e+00,-1.000000000000000000e+00,-1.000000000000000000e+00,-1.000000000000000000e+00,-1.000000000000000000e+00
-1.000000000000000000e+00,-1.000000000000000000e+00,-1.000000000000000000e+00,-1.000000000000000000e+00,-1.000000000000000000e+00,-1.000000000000000000e+00,-1.000000000000000000e+00,-1.000000000000000000e+00,-1.000000000000000000e+00,-1.000000000000000000e+00,-1.000000000000000000e+00,-1.000000000000000000e+00,-1.000000000000000000e+00,-1.000000000000000000e+00,-1.000000000000000000e+00,-1.000000000000000000e+00,-1.000000000000000000e+00,-1.000000000000000000e+00,-1.000000000000000000e+00,-1.000000000000000000e+00,-1.000000000000000000e+00,-1.000000000000000000e+00,-1.000000000000000000e+00,-1.000000000000000000e+00,-1.000000000000000000e+00,-1.000000000000000000e+00,-1.000000000000000000e+00,-1.000000000000000000e+00,-1.000000000000000000e+00,-1.000000000000000000e+00,-1.000000000000000000e+00,-1.000000000000000000e+00,-1.000000000000000000e+00,-1.000000000000000000e+00,-1.000000000000000000e+00,-1.000000000000000000e+00,-1.000000000000000000e+00,-1.000000000000000000e+00,-1.000000000000000000e+00,-1.000000000000000000e+00,-1.000000000000000000e+00,-1.000000000000000000e+00,-1.000000000000000000e+00,-1.000000000000000000e+00,-1.000000000000000000e+00,-1.000000000000000000e+00,-5.662104550885386223e-01,-5.691427589012991728e-01,-5.777102052807754351e-01,-5.912562448142298921e-01,-6.087866059629575277e-01,-6.290988040844472939e-01,-6.509267585830496028e-01,-6.730742166079349831e-01,-6.945157272667150661e-01,-7.144526527296060081e-01,-7.323204149576498789e-01,-7.477487991710936033e-01,-7.604778866054900943e-01,-7.702275827718094714e-01,-7.765092707589719145e-01,-7.783553551150634853e-01,-7.739297403869558334e-01,-7.599778370677344741e-01,-7.310990500089453725e-01,-6.789275981943052596e-01,-5.916025062543250890e-01,-4.546284022306263939e-01,-2.557465366561165743e-01,1.177861379545008802e-03,2.681050581461388305e-01,4.276510484988909067e-01,4.276510491317688789e-01,2.681050599689474012e-01,1.177864185188282065e-03,-2.557465330421623273e-01,-4.546283979624849980e-01,-5.916025014478175637e-01,-6.789275929065032855e-01,-7.310990442356373187e-01,-7.599778307741187344e-01,-7.739297335522934418e-01,-7.783553477638467388e-01,-7.765092629491645582e-01,-7.702275745571823817e-01,-7.604778780084666678e-01,-7.477487902570805200e-01,-7.323204059978252189e-01,-7.144526441491794166e-01,-6.945157192007145319e-01,-6.730742089225036917e-01,-6.509267512239794717e-01,-6.290987976830668682e-01,-6.087866017297938193e-01,-5.912562386817258320e-01,-5.777101952247274408e-01,-5.691427495586709462e-01,-5.662104477776190858e-01,-1.000000000000000000e+00,-1.000000000000000000e+00,-1.000000000000000000e+00,-1.000000000000000000e+00,-1.000000000000000000e+00,-1.000000000000000000e+00,-1.000000000000000000e+00,-1.000000000000000000e+00,-1.000000000000000000e+00,-1.000000000000000000e+00,-1.000000000000000000e+00,-1.000000000000000000e+00,-1.000000000000000000e+00,-1.000000000000000000e+00,-1.000000000000000000e+00,-1.000000000000000000e+00,-1.000000000000000000e+00,-1.000000000000000000e+00,-1.000000000000000000e+00,-1.000000000000000000e+00,-1.000000000000000000e+00,-1.000000000000000000e+00,-1.000000000000000000e+00,-1.000000000000000000e+00,-1.000000000000000000e+00,-1.000000000000000000e+00,-1.000000000000000000e+00,-1.000000000000000000e+00,-1.000000000000000000e+00,-1.000000000000000000e+00,-1.000000000000000000e+00,-1.000000000000000000e+00,-1.000000000000000000e+00,-1.000000000000000000e+00,-1.000000000000000000e+00,-1.000000000000000000e+00,-1.000000000000000000e+00,-1.000000000000000000e+00,-1.000000000000000000e+00,-1.000000000000000000e+00,-1.000000000000000000e+00,-1.000000000000000000e+00,-1.000000000000000000e+00,-1.000000000000000000e+00,-1.000000000000000000e+00,-1.000000000000000000e+00
-1.000000000000000000e+00,-1.000000000000000000e+00,-1.000000000000000000e+00,-1.000000000000000000e+00,-1.000000000000000000e+00,-1.000000000000000000e+00,-1.000000000000000000e+00,-1.000000000000000000e+00,-1.000000000000000000e+00,-1.000000000000000000e+00,-1.000000000000000000e+00,-1.000000000000000000e+00,-1.000000000000000000e+00,-1.000000000000000000e+00,-1.000000000000000000e+00,-1.000000000000000000e+00,-1.000000000000000000e+00,-1.000000000000000000e+00,-1.000000000000000000e+00,-1.000000000000000000e+00,-1.000000000000000000e+00,-1.000000000000000000e+00,-1.000000000000000000e+00,-1.000000000000000000e+00,-1.000000000000000000e+00,-1.000000000000000000e+00,-1.000000000000000000e+00,-1.000000000000000000e+00,-1.000000000000000000e+00,-1.000000000000000000e+00,-1.000000000000000000e+00,-1.000000000000000000e+00,-1.000000000000000000e+00,-1.000000000000000000e+00,-1.000000000000000000e+00,-1.000000000000000000e+00,-1.000000000000000000e+00,-1.000000000000000000e+00,-1.000000000000000000e+00,-1.000000000000000000e+00,-1.000000000000000000e+00,-1.000000000000000000e+00,-1.000000000000000000e+00,-1.000000000000000000e+00,-1.000000000000000000e+00,-1.000000000000000000e+00,-6.339278881364474039e-01,-6.359529656074872639e-01,-6.418731152585536170e-01,-6.512444724637288518e-01,-6.633942253374969233e-01,-6.775070123857360738e-01,-6.927211609248806745e-01,-7.082173950918112526e-01,-7.232858195875466745e-01,-7.373623313326326256e-01,-7.500307374063125421e-01,-7.609897316835837477e-01,-7.699831896418836141e-01,-7.766874603044108261e-01,-7.805406353892314630e-01,-7.804871914186820581e-01,-7.745998890511787138e-01,-7.595373424936601170e-01,-7.298206903925190669e-01,-6.770160659962949357e-01,-5.892047704725793533e-01,-4.518440770030017761e-01,-2.526397845989194479e-01,4.561136434830137532e-03,2.717095513238272364e-01,4.313771787005964420e-01,4.313771792065395072e-01,2.717095527892283702e-01,4.561138707246170654e-03,-2.526397816498352489e-01,-4.518440734909673351e-01,-5.892047664740902579e-01,-6.770160615360176770e-01,-7.298206854528577203e-01,-7.595373370509922450e-01,-7.745998830859370798e-01,-7.804871849156801433e-01,-7.805406283446836291e-01,-7.766874526956324409e-01,-7.699831814519511042e-01,-7.609897230105779897e-01,-7.500307285658260881e-01,-7.373623226964391986e-01,-7.232858112160691633e-01,-7.082173868718715237e-01,-6.927211528965142584e-01,-6.775070053511776935e-01,-6.633942203553425676e-01,-6.512444651060955714e-01,-6.418731044165413291e-01,-6.359529559902342699e-01,-6.339278803334295054e-01,-1.000000000000000000e+00,-1.000000000000000000e+00,-1.000000000000000000e+00,-1.000000000000000000e+00,-1.000000000000000000e+00,-1.000000000000000000e+00,-1.000000000000000000e+00,-1.000000000000000000e+00,-1.000000000000000000e+00,-1.000000000000000000e+00,-1.000000000000000000e+00,-1.000000000000000000e+00,-1.000000000000000000e+00,-1.000000000000000000e+00,-1.000000000000000000e+00,-1.000000000000000000e+00,-1.000000000000000000e+00,-1.000000000000000000e+00,-1.000000000000000000e+00,-1.000000000000000000e+00,-1.000000000000000000e+00,-1.000000000000000000e+00,-1.000000000000000000e+00,-1.000000000000000000e+00,-1.000000000000000000e+00,-1.000000000000000000e+00,-1.000000000000000000e+00,-1.000000000000000000e+00,-1.000000000000000000e+00,-1.000000000000000000e+00,-1.000000000000000000e+00,-1.000000000000000000e+00,-1.000000000000000000e+00,-1.000000000000000000e+00,-1.000000000000000000e+00,-1.000000000000000000e+00,-1.000000000000000000e+00,-1.000000000000000000e+00,-1.000000000000000000e+00,-1.000000000000000000e+00,-1.000000000000000000e+00,-1.000000000000000000e+00,-1.000000000000000000e+00,-1.000000000000000000e+00,-1.000000000000000000e+00,-1.000000000000000000e+00
-1.000000000000000000e+00,-1.000000000000000000e+00,-1.000000000000000000e+00,-1.000000000000000000e+00,-1.000000000000000000e+00,-1.000000000000000000e+00,-1.000000000000000000e+00,-1.000000000000000000e+00,-1.000000000000000000e+00,-1.000000000000000000e+00,-1.000000000000000000e+00,-1.000000000000000000e+00,-1.000000000000000000e+00,-1.000000000000000000e+00,-1.000000000000000000e+00,-1.000000000000000000e+00,-1.000000000000000000e+00,-1.000000000000000000e+00,-1.000000000000000000e+00,-1.000000000000000000e+00,-1.000000000000000000e+00,-1.000000000000000000e+00,-1.000000000000000000e+00,-1.000000000000000000e+00,-1.000000000000000000e+00,-1.000000000000000000e+00,-1.000000000000000000e+00,-1.000000000000000000e+00,-1.000000000000000000e+00,-1.000000000000000000e+00,-1.000000000000000000e+00,-1.000000000000000000e+00,-1.000000000000000000e+00,-1.000000000000000000e+00,-1.000000000000000000e+00,-1.000000000000000000e+00,-1.000000000000000000e+00,-1.000000000000000000e+00,-1.000000000000000000e+00,-1.000000000000000000e+00,-1.000000000000000000e+00,-1.000000000000000000e+00,-1.000000000000000000e+00,-1.000000000000000000e+00,-1.000000000000000000e+00,-1.000000000000000000e+00,-6.831368133860433733e-01,-6.845154910336577192e-01,-6.885489365960226760e-01,-6.949432851611502260e-01,-7.032522517730981360e-01,-7.129332029806938476e-01,-7.234096305351527256e-01,-7.341287697132943268e-01,-7.446049255973887782e-01,-7.544421126644920150e-01,-7.633323312281510287e-01,-7.710268322184878897e-01,-7.772760525027971878e-01,-7.817289934442015475e-01,-7.837745975623890970e-01,-7.822968746597935841e-01,-7.753048265802475747e-01,-7.593954141085051956e-01,-7.290332887757546843e-01,-6.757345638706400148e-01,-5.875373066516335063e-01,-4.498627066086683390e-01,-2.503894875949800314e-01,7.048142947371438538e-03,2.743895644608529416e-01,4.341641007405809827e-01,4.341641011068291256e-01,2.743895655326515914e-01,7.048144636388586903e-03,-2.503894853644785812e-01,-4.498627039021488860e-01,-5.875373035025226454e-01,-6.757345602706086307e-01,-7.290332846954439283e-01,-7.593954095340602617e-01,-7.753048214949820327e-01,-7.822968690132443559e-01,-7.837745912988495212e-01,-7.817289864837242419e-01,-7.772760448084961027e-01,-7.710268239252291433e-01,-7.633323226769348491e-01,-7.544421041537278105e-01,-7.446049171152633317e-01,-7.341287611586282402e-01,-7.234096220247590026e-01,-7.129331954626785262e-01,-7.032522460070571579e-01,-6.949432765127538936e-01,-6.885489248801168749e-01,-6.845154809992088918e-01,-6.831368049614382487e-01,-1.000000000000000000e+00,-1.000000000000000000e+00,-1.000000000000000000e+00,-1.000000000000000000e+00,-1.000000000000000000e+00,-1.000000000000000000e+00,-1.000000000000000000e+00,-1.000000000000000000e+00,-1.000000000000000000e+00,-1.000000000000000000e+00,-1.000000000000000000e+00,-1.000000000000000000e+00,-1.000000000000000000e+00,-1.000000000000000000e+00,-1.000000000000000000e+00,-1.000000000000000000e+00,-1.000000000000000000e+00,-1.000000000000000000e+00,-1.000000000000000000e+00,-1.000000000000000000e+00,-1.000000000000000000e+00,-1.000000000000000000e+00,-1.000000000000000000e+00,-1.000000000000000000e+00,-1.000000000000000000e+00,-1.000000000000000000e+00,-1.000000000000000000e+00,-1.000000000000000000e+00,-1.000000000000000000e+00,-1.000000000000000000e+00,-1.000000000000000000e+00,-1.000000000000000000e+00,-1.000000000000000000e+00,-1.000000000000000000e+00,-1.000000000000000000e+00,-1.000000000000000000e+00,-1.000000000000000000e+00,-1.000000000000000000e+00,-1.000000000000000000e+00,-1.000000000000000000e+00,-1.000000000000000000e+00,-1.000000000000000000e+00,-1.000000000000000000e+00,-1.000000000000000000e+00,-1.000000000000000000e+00,-1.000000000000000000e+00
-1.000000000000000000e+00,-1.000000000000000000e+00,-1.000000000000000000e+00,-1.000000000000000000e+00,-1.000000000000000000e+00,-1.000000000000000000e+00,-1.000000000000000000e+00,-1.000000000000000000e+00,-1.000000000000000000e+00,-1.000000000000000000e+00,-1.000000000000000000e+00,-1.000000000000000000e+00,-1.000000000000000000e+00,-1.000000000000000000e+00,-1.000000000000000000e+00,-1.000000000000000000e+00,-1.000000000000000000e+00,-1.000000000000000000e+00,-1.000000000000000000e+00,-1.000000000000000000e+00,-1.000000000000000000e+00,-1.000000000000000000e+00,-1.000000000000000000e+00,-1.000000000000000000e+00,-1.000000000000000000e+00,-1.000000000000000000e+00,-1.000000000000000000e+00,-1.000000000000000000e+00,-1.000000000000000000e+00,-1.000000000000000000e+00,-1.000000000000000000e+00,-1.000000000000000000e+00,-1.000000000000000000e+00,-1.000000000000000000e+00,-1.000000000000000000e+00,-1.000000000000000000e+00,-1.000000000000000000e+00,-1.000000000000000000e+00,-1.000000000000000000e+00,-1.000000000000000000e+00,-1.000000000000000000e+00,-1.000000000000000000e+00,-1.000000000000000000e+00,-1.000000000000000000e+00,-1.000000000000000000e+00,-1.000000000000000000e+00,-7.181866372931713371e-01,-7.191153571311104109e-01,-7.218347919431182813e-01,-7.261535772663019195e-01,-7.317803497273487334e-01,-7.383593303678761544e-01,-7.455100170486139710e-01,-7.528637770226898063e-01,-7.600910453937217426e-01,-7.669143781443144015e-01,-7.731037589364959661e-01,-7.784503712274587484e-01,-7.827127176180177504e-01,-7.855239471738489909e-01,-7.862413238799276227e-01,-7.837084608213586989e-01,-7.758907675866492104e-01,-7.593421958244881420e-01,-7.284871684610767506e-01,-6.748053512179708058e-01,-5.863025239611207029e-01,-4.483723455083591380e-01,-2.486728513278101405e-01,8.970255309197705529e-03,2.764830398636879405e-01,4.363533385492535110e-01,4.363533387646520989e-01,2.764830405118900991e-01,8.970256374497331819e-03,-2.486728498539655385e-01,-4.483723436347486491e-01,-5.863025216744698342e-01,-6.748053484758043119e-01,-7.284871652208952941e-01,-7.593421920756247001e-01,-7.758907633148917071e-01,-7.837084559538884942e-01,-7.862413183300501762e-01,-7.855239408349271590e-01,-7.827127104559360449e-01,-7.784503634130168770e-01,-7.731037508130759184e-01,-7.669143699265362768e-01,-7.600910369999598348e-01,-7.528637683462563457e-01,-7.455100082601983091e-01,-7.383593225187483622e-01,-7.317803431444201978e-01,-7.261535672767873706e-01,-7.218347792592434420e-01,-7.191153465188819816e-01,-7.181866280944413372e-01,-1.000000000000000000e+00,-1.000000000000000000e+00,-1.000000000000000000e+00,-1.000000000000000000e+00,-1.000000000000000000e+00,-1.000000000000000000e+00,-1.000000000000000000e+00,-1.000000000000000000e+00,-1.000000000000000000e+00,-1.000000000000000000e+00,-1.000000000000000000e+00,-1.000000000000000000e+00,-1.000000000000000000e+00,-1.000000000000000000e+00,-1.000000000000000000e+00,-1.000000000000000000e+00,-1.000000000000000000e+00,-1.000000000000000000e+00,-1.000000000000000000e+00,-1.000000000000000000e+00,-1.000000000000000000e+00,-1.000000000000000000e+00,-1.000000000000000000e+00,-1.000000000000000000e+00,-1.000000000000000000e+00,-1.000000000000000000e+00,-1.000000000000000000e+00,-1.000000000000000000e+00,-1.000000000000000000e+00,-1.000000000000000000e+00,-1.000000000000000000e+00,-1.000000000000000000e+00,-1.000000000000000000e+00,-1.000000000000000000e+00,-1.000000000000000000e+00,-1.000000000000000000e+00,-1.000000000000000000e+00,-1.000000000000000000e+00,-1.000000000000000000e+00,-1.000000000000000000e+00,-1.000000000000000000e+00,-1.000000000000000000e+00,-1.000000000000000000e+00,-1.000000000000000000e+00,-1.000000000000000000e+00,-1.000000000000000000e+00
-1.000000000000000000e+00,-1.000000000000000000e+00,-1.000000000000000000e+00,-1.000000000000000000e+00,-1.000000000000000000e+00,-1.000000000000000000e+00,-1.000000000000000000e+00,-1.000000000000000000e+00,-1.000000000000000000e+00,-1.000000000000000000e+00,-1.000000000000000000e+00,-1.000000000000000000e+00,-1.000000000000000000e+00,-1.000000000000000000e+00,-1.000000000000000000e+00,-1.000000000000000000e+00,-1.000000000000000000e+00,-1.000000000000000000e+00,-1.000000000000000000e+00,-1.000000000000000000e+00,-1.000000000000000000e+00,-1.000000000000000000e+00,-1.000000000000000000e+00,-1.000000000000000000e+00,-1.000000000000000000e+00,-1.000000000000000000e+00,-1.000000000000000000e+00,-1.000000000000000000e+00,-1.000000000000000000e+00,-1.000000000000000000e+00,-1.000000000000000000e+00,-1.000000000000000000e+00,-1.000000000000000000e+00,-1.000000000000000000e+00,-1.000000000000000000e+00,-1.000000000000000000e+00,-1.000000000000000000e+00,-1.000000000000000000e+00,-1.000000000000000000e+00,-1.000000000000000000e+00,-1.000000000000000000e+00,-1.000000000000000000e+00,-1.000000000000000000e+00,-1.000000000000000000e+00,-1.000000000000000000e+00,-1.000000000000000000e+00,-7.427020633567376073e-01,-7.433233268373475866e-01,-7.451442842970489311e-01,-7.480419132058930831e-01,-7.518283328708735835e-01,-7.562729657603362021e-01,-7.611272686708203672e-01,-7.661474305764096604e-01,-7.711107790203608481e-01,-7.758222378049820511e-01,-7.801073362415102963e-01,-7.837872980198310469e-01,-7.866289651065305755e-01,-7.882571931960019596e-01,-7.880095896646298614e-01,-7.847034572177956635e-01,-7.762749599003110346e-01,-7.592484544968741700e-01,-7.280199538143399263e-01,-6.740426361078313278e-01,-5.852980951188897496e-01,-4.471588328401510104e-01,-2.472669846202976141e-01,1.055701697402344763e-02,2.782244189435607584e-01,4.381819498901098342e-01,4.381819499482937363e-01,2.782244191528802091e-01,1.055701739685921403e-02,-2.472669839138011971e-01,-4.471588317943786528e-01,-5.852980936711271731e-01,-6.740426341806338151e-01,-7.280199513481799833e-01,-7.592484514755354352e-01,-7.762749563104822670e-01,-7.847034529839195249e-01,-7.880095846969096263e-01,-7.882571873964816511e-01,-7.866289584653027855e-01,-7.837872907375019738e-01,-7.801073286393754858e-01,-7.758222300120221071e-01,-7.711107708873663480e-01,-7.661474219681463360e-01,-7.611272597905067716e-01,-7.562729577067803799e-01,-7.518283254382843728e-01,-7.480419018566040190e-01,-7.451442705866624383e-01,-7.433233155203025078e-01,-7.427020532661190444e-01,-1.000000000000000000e+00,-1.000000000000000000e+00,-1.000000000000000000e+00,-1.000000000000000000e+00,-1.000000000000000000e+00,-1.000000000000000000e+00,-1.000000000000000000e+00,-1.000000000000000000e+00,-1.000000000000000000e+00,-1.000000000000000000e+00,-1.000000000000000000e+00,-1.000000000000000000e+00,-1.000000000000000000e+00,-1.000000000000000000e+00,-1.000000000000000000e+00,-1.000000000000000000e+00,-1.000000000000000000e+00,-1.000000000000000000e+00,-1.000000000000000000e+00,-1.000000000000000000e+00,-1.000000000000000000e+00,-1.000000000000000000e+00,-1.000000000000000000e+00,-1.000000000000000000e+00,-1.000000000000000000e+00,-1.000000000000000000e+00,-1.000000000000000000e+00,-1.000000000000000000e+00,-1.000000000000000000e+00,-1.000000000000000000e+00,-1.000000000000000000e+00,-1.000000000000000000e+00,-1.000000000000000000e+00,-1.000000000000000000e+00,-1.000000000000000000e+00,-1.000000000000000000e+00,-1.000000000000000000e+00,-1.000000000000000000e+00,-1.000000000000000000e+00,-1.000000000000000000e+00,-1.000000000000000000e+00,-1.000000000000000000e+00,-1.000000000000000000e+00,-1.000000000000000000e+00,-1.000000000000000000e+00,-1.000000000000000000e+00
-1.000000000000000000e+00,-1.000000000000000000e+00,-1.000000000000000000e+00,-1.000000000000000000e+00,-1.000000000000000000e+00,-1.000000000000000000e+00,-1.000000000000000000e+00,-1.000000000000000000e+00,-1.000000000000000000e+00,-1.000000000000000000e+00,-1.000000000000000000e+00,-1.000000000000000000e+00,-1.000000000000000000e+00,-1.000000000000000000e+00,-1.000000000000000000e+00,-1.000000000000000000e+00,-1.000000000000000000e+00,-1.000000000000000000e+00,-1.000000000000000000e+00,-1.000000000000000000e+00,-1.000000000000000000e+00,-1.000000000000000000e+00,-1.000000000000000000e+00,-1.000000000000000000e+00,-1.000000000000000000e+00,-1.000000000000000000e+00,-1.000000000000000000e+00,-1.000000000000000000e+00,-1.000000000000000000e+00,-1.000000000000000000e+00,-1.000000000000000000e+00,-1.000000000000000000e+00,-1.000000000000000000e+00,-1.000000000000000000e+00,-1.000000000000000000e+00,-1.000000000000000000e+00,-1.000000000000000000e+00,-1.000000000000000000e+00,-1.000000000000000000e+00,-1.000000000000000000e+00,-1.000000000000000000e+00,-1.000000000000000000e+00,-1.000000000000000000e+00,-1.000000000000000000e+00,-1.000000000000000000e+00,-1.000000000000000000e+00,-7.595529646107489485e-01,-7.599671997643852039e-01,-7.611826811775318502e-01,-7.631210875854191888e-01,-7.656623914704817624e-01,-7.686584348655789434e-01,-7.719480448163288377e-01,-7.753707226752529769e-01,-7.787759450864867317e-01,-7.820251401634620292e-01,-7.849829459488280037e-01,-7.874928892822403714e-01,-7.893295570473823908e-01,-7.901141310442207910e-01,-7.891724746046530070e-01,-7.853051264722352709e-01,-7.764289129436247050e-01,-7.590480004634739819e-01,-7.275383887390758364e-01,-6.733339320996134525e-01,-5.843979287311587001e-01,-4.460864000993854939e-01,-2.460291178043624294e-01,1.195634993121541534e-02,2.797652660011455961e-01,4.398034007738600426e-01,4.398034006776665450e-01,2.797652657813982646e-01,1.195634972912107408e-02,-2.460291178341462714e-01,-4.460863998322842638e-01,-5.843979280538864618e-01,-6.733339309004495732e-01,-7.275383869370100065e-01,-7.590479980281401584e-01,-7.764289098617533913e-01,-7.853051226879873559e-01,-7.891724700547122495e-01,-7.901141256710680905e-01,-7.893295508801677629e-01,-7.874928825399047927e-01,-7.849829389073247343e-01,-7.820251328714759032e-01,-7.787759373305327415e-01,-7.753707142694601373e-01,-7.719480359846189188e-01,-7.686584266923740527e-01,-7.656623831656119705e-01,-7.631210749118458869e-01,-7.611826664535853437e-01,-7.599671876892449829e-01,-7.595529535895846340e-01,-1.000000000000000000e+00,-1.000000000000000000e+00,-1.000000000000000000e+00,-1.000000000000000000e+00,-1.000000000000000000e+00,-1.000000000000000000e+00,-1.000000000000000000e+00,-1.000000000000000000e+00,-1.000000000000000000e+00,-1.000000000000000000e+00,-1.000000000000000000e+00,-1.000000000000000000e+00,-1.000000000000000000e+00,-1.000000000000000000e+00,-1.000000000000000000e+00,-1.000000000000000000e+00,-1.000000000000000000e+00,-1.000000000000000000e+00,-1.000000000000000000e+00,-1.000000000000000000e+00,-1.000000000000000000e+00,-1.000000000000000000e+00,-1.000000000000000000e+00,-1.000000000000000000e+00,-1.000000000000000000e+00,-1.000000000000000000e+00,-1.000000000000000000e+00,-1.000000000000000000e+00,-1.000000000000000000e+00,-1.000000000000000000e+00,-1.000000000000000000e+00,-1.000000000000000000e+00,-1.000000000000000000e+00,-1.000000000000000000e+00,-1.000000000000000000e+00,-1.000000000000000000e+00,-1.000000000000000000e+00,-1.000000000000000000e+00,-1.000000000000000000e+00,-1.000000000000000000e+00,-1.000000000000000000e+00,-1.000000000000000000e+00,-1.000000000000000000e+00,-1.000000000000000000e+00,-1.000000000000000000e+00,-1.000000000000000000e+00
-1.000000000000000000e+00,-1.000000000000000000e+00,-1.000000000000000000e+00,-1.000000000000000000e+00,-1.000000000000000000e+00,-1.000000000000000000e+00,-1.000000000000000000e+00,-1.000000000000000000e+00,-1.000000000000000000e+00,-1.000000000000000000e+00,-1.000000000000000000e+00,-1.000000000000000000e+00,-1.000000000000000000e+00,-1.000000000000000000e+00,-1.000000000000000000e+00,-1.000000000000000000e+00,-1.000000000000000000e+00,-1.000000000000000000e+00,-1.000000000000000000e+00,-1.000000000000000000e+00,-1.000000000000000000e+00,-1.000000000000000000e+00,-1.000000000000000000e+00,-1.000000000000000000e+00,-1.000000000000000000e+00,-1.000000000000000000e+00,-1.000000000000000000e+00,-1.000000000000000000e+00,-1.000000000000000000e+00,-1.000000000000000000e+00,-1.000000000000000000e+00,-1.000000000000000000e+00,-1.000000000000000000e+00,-1.000000000000000000e+00,-1.000000000000000000e+00,-1.000000000000000000e+00,-1.000000000000000000e+00,-1.000000000000000000e+00,-1.000000000000000000e+00,-1.000000000000000000e+00,-1.000000000000000000e+00,-1.000000000000000000e+00,-1.000000000000000000e+00,-1.000000000000000000e+00,-1.000000000000000000e+00,-1.000000000000000000e+00,-7.709268618446052379e-01,-7.712032743582678540e-01,-7.720153331865645674e-01,-7.733135250368472491e-01,-7.750216763392381303e-01,-7.770451379931877511e-01,-7.792798256578076233e-01,-7.816201583232313954e-01,-7.839637450160107379e-01,-7.862103520732609541e-01,-7.882518554553195056e-01,-7.899481044407002939e-01,-7.910803651359413768e-01,-7.912687464191343611e-01,-7.898323643609013178e-01,-7.855612658987624064e-01,-7.763596077850101196e-01,-7.587178143799376828e-01,-7.269977233047992815e-01,-6.726189300543412575e-01,-5.835306572276879322e-01,-4.450758318270341407e-01,-2.448744391906734208e-01,1.325706201544729623e-02,2.811971045429177973e-01,4.413105996489132821e-01,4.413105994141366395e-01,2.811971039380443127e-01,1.325706125483150366e-02,-2.448744398718250004e-01,-4.450758322364247732e-01,-5.835306572029584915e-01,-6.726189294523554629e-01,-7.269977220211949476e-01,-7.587178123642662753e-01,-7.763596050249297331e-01,-7.855612623781754733e-01,-7.898323600677424894e-01,-7.912687413560980376e-01,-7.910803593762882890e-01,-7.899480982058482148e-01,-7.882518489559197095e-01,-7.862103452881291643e-01,-7.839637376760320020e-01,-7.816201501790375206e-01,-7.792798169581158785e-01,-7.770451297460374551e-01,-7.750216671681730007e-01,-7.733135111482801749e-01,-7.720153175554999025e-01,-7.712032615684510928e-01,-7.709268499576992228e-01,-1.000000000000000000e+00,-1.000000000000000000e+00,-1.000000000000000000e+00,-1.000000000000000000e+00,-1.000000000000000000e+00,-1.000000000000000000e+00,-1.000000000000000000e+00,-1.000000000000000000e+00,-1.000000000000000000e+00,-1.000000000000000000e+00,-1.000000000000000000e+00,-1.000000000000000000e+00,-1.000000000000000000e+00,-1.000000000000000000e+00,-1.000000000000000000e+00,-1.000000000000000000e+00,-1.000000000000000000e+00,-1.000000000000000000e+00,-1.000000000000000000e+00,-1.000000000000000000e+00,-1.000000000000000000e+00,-1.000000000000000000e+00,-1.000000000000000000e+00,-1.000000000000000000e+00,-1.000000000000000000e+00,-1.000000000000000000e+00,-1.000000000000000000e+00,-1.000000000000000000e+00,-1.000000000000000000e+00,-1.000000000000000000e+00,-1.000000000000000000e+00,-1.000000000000000000e+00,-1.000000000000000000e+00,-1.000000000000000000e+00,-1.000000000000000000e+00,-1.000000000000000000e+00,-1.000000000000000000e+00,-1.000000000000000000e+00,-1.000000000000000000e+00,-1.000000000000000000e+00,-1.000000000000000000e+00,-1.000000000000000000e+00,-1.000000000000000000e+00,-1.000000000000000000e+00,-1.000000000000000000e+00,-1.000000000000000000e+00
-1.000000000000000000e+00,-1.000000000000000000e+00,-1.000000000000000000e+00,-1.000000000000000000e+00,-1.000000000000000000e+00,-1.000000000000000000e+00,-1.000000000000000000e+00,-1.000000000000000000e+00,-1.000000000000000000e+00,-1.000000000000000000e+00,-1.000000000000000000e+00,-1.000000000000000000e+00,-1.000000000000000000e+00,-1.000000000000000000e+00,-1.000000000000000000e+00,-1.000000000000000000e+00,-1.000000000000000000e+00,-1.000000000000000000e+00,-1.000000000000000000e+00,-1.000000000000000000e+00,-1.000000000000000000e+00,-1.000000000000000000e+00,-1.000000000000000000e+00,-1.000000000000000000e+00,-1.000000000000000000e+00,-1.000000000000000000e+00,-1.000000000000000000e+00,-1.000000000000000000e+00,-1.000000000000000000e+00,-1.000000000000000000e+00,-1.000000000000000000e+00,-1.000000000000000000e+00,-1.000000000000000000e+00,-1.000000000000000000e+00,-1.000000000000000000e+00,-1.000000000000000000e+00,-1.000000000000000000e+00,-1.000000000000000000e+00,-1.000000000000000000e+00,-1.000000000000000000e+00,-1.000000000000000000e+00,-1.000000000000000000e+00,-1.000000000000000000e+00,-1.000000000000000000e+00,-1.000000000000000000e+00,-1.000000000000000000e+00,-7.784434008081223544e-01,-7.786288591937361447e-01,-7.791744473868031928e-01,-7.800490102941380899e-01,-7.812044080382782862e-01,-7.825803632366887808e-01,-7.841097138383149590e-01,-7.857227255616527906e-01,-7.873488157679146004e-01,-7.889135224587160433e-01,-7.903275033670134064e-01,-7.914623823806236080e-01,-7.921048789735738449e-01,-7.918753410730038356e-01,-7.900891671963589102e-01,-7.855299194928908602e-01,-7.760934733386691819e-01,-7.582608490994524608e-01,-7.263837331807285747e-01,-6.718709936231330726e-01,-5.826607645476353792e-01,-4.440853046098416357e-01,-2.437566701983669981e-01,1.450853720609712738e-02,2.825713554211430889e-01,4.427559831176743899e-01,4.427559827743152709e-01,2.825713545128911708e-01,1.450853600702384227e-02,-2.437566713874590452e-01,-4.440853055378313208e-01,-5.826607650092806567e-01,-6.718709934492265168e-01,-7.263837322465145352e-01,-7.582608473331600152e-01,-7.760934707318496439e-01,-7.855299160809413594e-01,-7.900891630318412906e-01,-7.918753362218780012e-01,-7.921048735475643143e-01,-7.914623765858589399e-01,-7.903274973344415200e-01,-7.889135161096182403e-01,-7.873488087954139125e-01,-7.857227176583361228e-01,-7.841097052983792004e-01,-7.825803549341281418e-01,-7.812043980499087104e-01,-7.800489953768300344e-01,-7.791744310487345171e-01,-7.786288458337778939e-01,-7.784433882294192752e-01,-1.000000000000000000e+00,-1.000000000000000000e+00,-1.000000000000000000e+00,-1.000000000000000000e+00,-1.000000000000000000e+00,-1.000000000000000000e+00,-1.000000000000000000e+00,-1.000000000000000000e+00,-1.000000000000000000e+00,-1.000000000000000000e+00,-1.000000000000000000e+00,-1.000000000000000000e+00,-1.000000000000000000e+00,-1.000000000000000000e+00,-1.000000000000000000e+00,-1.000000000000000000e+00,-1.000000000000000000e+00,-1.000000000000000000e+00,-1.000000000000000000e+00,-1.000000000000000000e+00,-1.000000000000000000e+00,-1.000000000000000000e+00,-1.000000000000000000e+00,-1.000000000000000000e+00,-1.000000000000000000e+00,-1.000000000000000000e+00,-1.000000000000000000e+00,-1.000000000000000000e+00,-1.000000000000000000e+00,-1.000000000000000000e+00,-1.000000000000000000e+00,-1.000000000000000000e+00,-1.000000000000000000e+00,-1.000000000000000000e+00,-1.000000000000000000e+00,-1.000000000000000000e+00,-1.000000000000000000e+00,-1.000000000000000000e+00,-1.000000000000000000e+00,-1.000000000000000000e+00,-1.000000000000000000e+00,-1.000000000000000000e+00,-1.000000000000000000e+00,-1.000000000000000000e+00,-1.000000000000000000e+00,-1.000000000000000000e+00
-1.000000000000000000e+00,-1.000000000000000000e+00,-1.000000000000000000e+00,-1.000000000000000000e+00,-1.000000000000000000e+00,-1.000000000000000000e+00,-1.000000000000000000e+00,-1.000000000000000000e+00,-1.000000000000000000e+00,-1.000000000000000000e+00,-1.000000000000000000e+00,-1.000000000000000000e+00,-1.000000000000000000e+00,-1.000000000000000000e+00,-1.000000000000000000e+00,-1.000000000000000000e+00,-1.000000000000000000e+00,-1.000000000000000000e+00,-1.000000000000000000e+00,-1.000000000000000000e+00,-1.000000000000000000e+00,-1.000000000000000000e+00,-1.000000000000000000e+00,-1.000000000000000000e+00,-1.000000000000000000e+00,-1.000000000000000000e+00,-1.000000000000000000e+00,-1.000000000000000000e+00,-1.000000000000000000e+00,-1.000000000000000000e+00,-1.000000000000000000e+00,-1.000000000000000000e+00,-1.000000000000000000e+00,-1.000000000000000000e+00,-1.000000000000000000e+00,-1.000000000000000000e+00,-1.000000000000000000e+00,-1.000000000000000000e+00,-1.000000000000000000e+00,-1.000000000000000000e+00,-1.000000000000000000e+00,-1.000000000000000000e+00,-1.000000000000000000e+00,-1.000000000000000000e+00,-1.000000000000000000e+00,-1.000000000000000000e+00,-7.832750497985454530e-01,-7.834008765588980072e-01,-7.837716032532189292e-01,-7.843676780002424298e-01,-7.851587372421252597e-01,-7.861064086359870196e-01,-7.871672263008610004e-01,-7.882946783122085632e-01,-7.894390452088306809e-01,-7.905430544422340500e-01,-7.915301978609952105e-01,-7.922804766438379387e-01,-7.925848776620195713e-01,-7.920645338228614607e-01,-7.900328862947124664e-01,-7.852695069832255070e-01,-7.756648216672736851e-01,-7.576933190168941845e-01,-7.256992474356167566e-01,-6.710831827761791768e-01,-5.817742664120406637e-01,-4.430958138277829583e-01,-2.426532783249509828e-01,1.573572336940842753e-02,2.839145045838895598e-01,4.441667891610661112e-01,4.441667887517561919e-01,2.839145034896799480e-01,1.573572190220806633e-02,-2.426532798233346222e-01,-4.430958150651271854e-01,-5.817742671528163267e-01,-6.710831828335961369e-01,-7.256992466718727997e-01,-7.576933173432405244e-01,-7.756648190824372291e-01,-7.852695035737355944e-01,-7.900328821751417818e-01,-7.920645291093201257e-01,-7.925848724892177177e-01,-7.922804711853287385e-01,-7.915301921636872517e-01,-7.905430483821324072e-01,-7.894390384685709972e-01,-7.882946705556277411e-01,-7.871672178984285839e-01,-7.861064002759365898e-01,-7.851587265265178583e-01,-7.843676623034671058e-01,-7.837715864854083447e-01,-7.834008628668885921e-01,-7.832750368055191315e-01,-1.000000000000000000e+00,-1.000000000000000000e+00,-1.000000000000000000e+00,-1.000000000000000000e+00,-1.000000000000000000e+00,-1.000000000000000000e+00,-1.000000000000000000e+00,-1.000000000000000000e+00,-1.000000000000000000e+00,-1.000000000000000000e+00,-1.000000000000000000e+00,-1.000000000000000000e+00,-1.000000000000000000e+00,-1.000000000000000000e+00,-1.000000000000000000e+00,-1.000000000000000000e+00,-1.000000000000000000e+00,-1.000000000000000000e+00,-1.000000000000000000e+00,-1.000000000000000000e+00,-1.000000000000000000e+00,-1.000000000000000000e+00,-1.000000000000000000e+00,-1.000000000000000000e+00,-1.000000000000000000e+00,-1.000000000000000000e+00,-1.000000000000000000e+00,-1.000000000000000000e+00,-1.000000000000000000e+00,-1.000000000000000000e+00,-1.000000000000000000e+00,-1.000000000000000000e+00,-1.000000000000000000e+00,-1.000000000000000000e+00,-1.000000000000000000e+00,-1.000000000000000000e+00,-1.000000000000000000e+00,-1.000000000000000000e+00,-1.000000000000000000e+00,-1.000000000000000000e+00,-1.000000000000000000e+00,-1.000000000000000000e+00,-1.000000000000000000e+00,-1.000000000000000000e+00,-1.000000000000000000e+00,-1.000000000000000000e+00
-1.000000000000000000e+00,-1.000000000000000000e+00,-1.000000000000000000e+00,-1.000000000000000000e+00,-1.000000000000000000e+00,-1.000000000000000000e+00,-1.000000000000000000e+00,-1.000000000000000000e+00,-1.000000000000000000e+00,-1.000000000000000000e+00,-1.000000000000000000e+00,-1.000000000000000000e+00,-1.000000000000000000e+00,-1.000000000000000000e+00,-1.000000000000000000e+00,-1.000000000000000000e+00,-1.000000000000000000e+00,-1.000000000000000000e+00,-1.000000000000000000e+00,-1.000000000000000000e+00,-1.000000000000000000e+00,-1.000000000000000000e+00,-1.000000000000000000e+00,-1.000000000000000000e+00,-1.000000000000000000e+00,-1.000000000000000000e+00,-1.000000000000000000e+00,-1.000000000000000000e+00,-1.000000000000000000e+00,-1.000000000000000000e+00,-1.000000000000000000e+00,-1.000000000000000000e+00,-1.000000000000000000e+00,-1.000000000000000000e+00,-1.000000000000000000e+00,-1.000000000000000000e+00,-1.000000000000000000e+00,-1.000000000000000000e+00,-1.000000000000000000e+00,-1.000000000000000000e+00,-1.000000000000000000e+00,-1.000000000000000000e+00,-1.000000000000000000e+00,-1.000000000000000000e+00,-1.000000000000000000e+00,-1.000000000000000000e+00,-7.862558449806348326e-01,-7.863427666959619255e-01,-7.865993087707682241e-01,-7.870132111635532723e-01,-7.875653184663662376e-01,-7.882311398944026326e-01,-7.889823321845493842e-01,-7.897873421796192117e-01,-7.906100538783873422e-01,-7.914045849901366614e-01,-7.921031256558244138e-01,-7.925915601365710605e-01,-7.926641019650904063e-01,-7.919427958289206870e-01,-7.897400995665906365e-01,-7.848331103628874983e-01,-7.751086012253088908e-01,-7.570364065282078059e-01,-7.249551537607599183e-01,-6.702587934141532866e-01,-5.808689367680699434e-01,-4.421011779711941925e-01,-2.415553071713756328e-01,1.694945347126286528e-02,2.852385525288663182e-01,4.455555799837651598e-01,4.455555795595997903e-01,2.852385513916984028e-01,1.694945194265251587e-02,-2.415553087398771837e-01,-4.421011792717569611e-01,-5.808689375536750799e-01,-6.702587934929771230e-01,-7.249551529916353765e-01,-7.570364048144357927e-01,-7.751085985729346817e-01,-7.848331068969874869e-01,-7.897400954446021082e-01,-7.919427911931875563e-01,-7.926640969522622537e-01,-7.925915548720273707e-01,-7.921031201099076879e-01,-7.914045790082537835e-01,-7.906100471654415873e-01,-7.897873344217098968e-01,-7.889823238590960575e-01,-7.882311314574422800e-01,-7.875653071421662155e-01,-7.870131949783419900e-01,-7.865992919068953704e-01,-7.863427529896603874e-01,-7.862558319392586315e-01,-1.000000000000000000e+00,-1.000000000000000000e+00,-1.000000000000000000e+00,-1.000000000000000000e+00,-1.000000000000000000e+00,-1.000000000000000000e+00,-1.000000000000000000e+00,-1.000000000000000000e+00,-1.000000000000000000e+00,-1.000000000000000000e+00,-1.000000000000000000e+00,-1.000000000000000000e+00,-1.000000000000000000e+00,-1.000000000000000000e+00,-1.000000000000000000e+00,-1.000000000000000000e+00,-1.000000000000000000e+00,-1.000000000000000000e+00,-1.000000000000000000e+00,-1.000000000000000000e+00,-1.000000000000000000e+00,-1.000000000000000000e+00,-1.000000000000000000e+00,-1.000000000000000000e+00,-1.000000000000000000e+00,-1.000000000000000000e+00,-1.000000000000000000e+00,-1.000000000000000000e+00,-1.000000000000000000e+00,-1.000000000000000000e+00,-1.000000000000000000e+00,-1.000000000000000000e+00,-1.000000000000000000e+00,-1.000000000000000000e+00,-1.000000000000000000e+00,-1.000000000000000000e+00,-1.000000000000000000e+00,-1.000000000000000000e+00,-1.000000000000000000e+00,-1.000000000000000000e+00,-1.000000000000000000e+00,-1.000000000000000000e+00,-1.000000000000000000e+00,-1.000000000000000000e+00,-1.000000000000000000e+00,-1.000000000000000000e+00
-1.000000000000000000e+00,-1.000000000000000000e+00,-1.000000000000000000e+00,-1.000000000000000000e+00,-1.000000000000000000e+00,-1.000000000000000000e+00,-1.000000000000000000e+00,-1.000000000000000000e+00,-1.000000000000000000e+00,-1.000000000000000000e+00,-1.000000000000000000e+00,-1.000000000000000000e+00,-1.000000000000000000e+00,-1.000000000000000000e+00,-1.000000000000000000e+00,-1.000000000000000000e+00,-1.000000000000000000e+00,-1.000000000000000000e+00,-1.000000000000000000e+00,-1.000000000000000000e+00,-1.000000000000000000e+00,-1.000000000000000000e+00,-1.000000000000000000e+00,-1.000000000000000000e+00,-1.000000000000000000e+00,-1.000000000000000000e+00,-1.000000000000000000e+00,-1.000000000000000000e+00,-1.000000000000000000e+00,-1.000000000000000000e+00,-1.000000000000000000e+00,-1.000000000000000000e+00,-1.000000000000000000e+00,-1.000000000000000000e+00,-1.000000000000000000e+00,-1.000000000000000000e+00,-1.000000000000000000e+00,-1.000000000000000000e+00,-1.000000000000000000e+00,-1.000000000000000000e+00,-1.000000000000000000e+00,-1.000000000000000000e+00,-1.000000000000000000e+00,-1.000000000000000000e+00,-1.000000000000000000e+00,-1.000000000000000000e+00,-7.879711413249318452e-01,-7.880327749840079221e-01,-7.882150345820903015e-01,-7.885102254269273914e-01,-7.889062324056963504e-01,-7.893873280866079423e-01,-7.899347821673358139e-01,-7.905266368075092309e-01,-7.911356045430959494e-01,-7.917233085655931424e-01,-7.922277901606666894e-01,-7.925390146828388271e-01,-7.924535658080965606e-01,-7.915943224317063542e-01,-7.892732657696309717e-01,-7.842659176188341297e-01,-7.744565223347753546e-01,-7.563114753911391874e-01,-7.241649926298753259e-01,-6.694055361863817666e-01,-5.799482072939514676e-01,-4.411017445783748103e-01,-2.404609388730607478e-01,1.815299828189353981e-02,2.865476582426844665e-01,4.469269365703130159e-01,4.469269361845522592e-01,2.865476572132925615e-01,1.815299691057004061e-02,-2.404609402575608179e-01,-4.411017456833784545e-01,-5.799482078836950549e-01,-6.694055360806941968e-01,-7.241649916944268295e-01,-7.563114735324278914e-01,-7.744565195608406061e-01,-7.842659140701350173e-01,-7.892732616153552705e-01,-7.915943178128093116e-01,-7.924535608441898304e-01,-7.925390094399996643e-01,-7.922277845473023605e-01,-7.917233024145597930e-01,-7.911355976160249215e-01,-7.905266288758538984e-01,-7.899347738368502903e-01,-7.893873195438527723e-01,-7.889062206116854714e-01,-7.885102090678615117e-01,-7.882150179919159561e-01,-7.880327616418120185e-01,-7.879711286644928148e-01,-1.000000000000000000e+00,-1.000000000000000000e+00,-1.000000000000000000e+00,-1.000000000000000000e+00,-1.000000000000000000e+00,-1.000000000000000000e+00,-1.000000000000000000e+00,-1.000000000000000000e+00,-1.000000000000000000e+00,-1.000000000000000000e+00,-1.000000000000000000e+00,-1.000000000000000000e+00,-1.000000000000000000e+00,-1.000000000000000000e+00,-1.000000000000000000e+00,-1.000000000000000000e+00,-1.000000000000000000e+00,-1.000000000000000000e+00,-1.000000000000000000e+00,-1.000000000000000000e+00,-1.000000000000000000e+00,-1.000000000000000000e+00,-1.000000000000000000e+00,-1.000000000000000000e+00,-1.000000000000000000e+00,-1.000000000000000000e+00,-1.000000000000000000e+00,-1.000000000000000000e+00,-1.000000000000000000e+00,-1.000000000000000000e+00,-1.000000000000000000e+00,-1.000000000000000000e+00,-1.000000000000000000e+00,-1.000000000000000000e+00,-1.000000000000000000e+00,-1.000000000000000000e+00,-1.000000000000000000e+00,-1.000000000000000000e+00,-1.000000000000000000e+00,-1.000000000000000000e+00,-1.000000000000000000e+00,-1.000000000000000000e+00,-1.000000000000000000e+00,-1.000000000000000000e+00,-1.000000000000000000e+00,-1.000000000000000000e+00
-1.000000000000000000e+00,-1.000000000000000000e+00,-1.000000000000000000e+00,-1.000000000000000000e+00,-1.000000000000000000e+00,-1.000000000000000000e+00,-1.000000000000000000e+00,-1.000000000000000000e+00,-1.000000000000000000e+00,-1.000000000000000000e+00,-1.000000000000000000e+00,-1.000000000000000000e+00,-1.000000000000000000e+00,-1.000000000000000000e+00,-1.000000000000000000e+00,-1.000000000000000000e+00,-1.000000000000000000e+00,-1.000000000000000000e+00,-1.000000000000000000e+00,-1.000000000000000000e+00,-1.000000000000000000e+00,-1.000000000000000000e+00,-1.000000000000000000e+00,-1.000000000000000000e+00,-1.000000000000000000e+00,-1.000000000000000000e+00,-1.000000000000000000e+00,-1.000000000000000000e+00,-1.000000000000000000e+00,-1.000000000000000000e+00,-1.000000000000000000e+00,-1.000000000000000000e+00,-1.000000000000000000e+00,-1.000000000000000000e+00,-1.000000000000000000e+00,-1.000000000000000000e+00,-1.000000000000000000e+00,-1.000000000000000000e+00,-1.000000000000000000e+00,-1.000000000000000000e+00,-1.000000000000000000e+00,-1.000000000000000000e+00,-1.000000000000000000e+00,-1.000000000000000000e+00,-1.000000000000000000e+00,-1.000000000000000000e+00,-7.888275875563612871e-01,-7.888728345386840646e-01,-7.890069205727974211e-01,-7.892250029628107288e-01,-7.895193786949733505e-01,-7.898798389749559501e-01,-7.902937475298961179e-01,-7.907452822180112140e-01,-7.912128635477246874e-01,-7.916630360520569010e-01,-7.920377492433750000e-01,-7.922297663732920103e-01,-7.920373680016771223e-01,-7.910841092144038633e-01,-7.886817355360289383e-01,-7.836047149290625846e-01,-7.737354586957396752e-01,-7.555377058200783980e-01,-7.233420638433283312e-01,-6.685322835293683319e-01,-5.790176709858755322e-01,-4.401007267975746151e-01,-2.393717116009549395e-01,1.934593812178198036e-02,2.878420768143403752e-01,4.482814315426206786e-01,4.482814312444387550e-01,2.878420760312334625e-01,1.934593710984477966e-02,-2.393717125644045929e-01,-4.401007274665087454e-01,-5.790176711589352099e-01,-6.685322830547810735e-01,-7.233420626032041056e-01,-7.555377037347845715e-01,-7.737354557664561927e-01,-7.836047112820668792e-01,-7.886817313166833987e-01,-7.910841045364411794e-01,-7.920373629547035055e-01,-7.922297609635082782e-01,-7.920377433349590213e-01,-7.916630294830340198e-01,-7.912128561687701289e-01,-7.907452739504259309e-01,-7.902937391132998091e-01,-7.898798303047142033e-01,-7.895193665951055761e-01,-7.892249867619377524e-01,-7.890069046438751288e-01,-7.888728219735122726e-01,-7.888275757364258123e-01,-1.000000000000000000e+00,-1.000000000000000000e+00,-1.000000000000000000e+00,-1.000000000000000000e+00,-1.000000000000000000e+00,-1.000000000000000000e+00,-1.000000000000000000e+00,-1.000000000000000000e+00,-1.000000000000000000e+00,-1.000000000000000000e+00,-1.000000000000000000e+00,-1.000000000000000000e+00,-1.000000000000000000e+00,-1.000000000000000000e+00,-1.000000000000000000e+00,-1.000000000000000000e+00,-1.000000000000000000e+00,-1.000000000000000000e+00,-1.000000000000000000e+00,-1.000000000000000000e+00,-1.000000000000000000e+00,-1.000000000000000000e+00,-1.000000000000000000e+00,-1.000000000000000000e+00,-1.000000000000000000e+00,-1.000000000000000000e+00,-1.000000000000000000e+00,-1.000000000000000000e+00,-1.000000000000000000e+00,-1.000000000000000000e+00,-1.000000000000000000e+00,-1.000000000000000000e+00,-1.000000000000000000e+00,-1.000000000000000000e+00,-1.000000000000000000e+00,-1.000000000000000000e+00,-1.000000000000000000e+00,-1.000000000000000000e+00,-1.000000000000000000e+00,-1.000000000000000000e+00,-1.000000000000000000e+00,-1.000000000000000000e+00,-1.000000000000000000e+00,-1.000000000000000000e+00,-1.000000000000000000e+00,-1.000000000000000000e+00
-1.000000000000000000e+00,-1.000000000000000000e+00,-1.000000000000000000e+00,-1.000000000000000000e+00,-1.000000000000000000e+00,-1.000000000000000000e+00,-1.000000000000000000e+00,-1.000000000000000000e+00,-1.000000000000000000e+00,-1.000000000000000000e+00,-1.000000000000000000e+00,-1.000000000000000000e+00,-1.000000000000000000e+00,-1.000000000000000000e+00,-1.000000000000000000e+00,-1.000000000000000000e+00,-1.000000000000000000e+00,-1.000000000000000000e+00,-1.000000000000000000e+00,-1.000000000000000000e+00,-1.000000000000000000e+00,-1.000000000000000000e+00,-1.000000000000000000e+00,-1.000000000000000000e+00,-1.000000000000000000e+00,-1.000000000000000000e+00,-1.000000000000000000e+00,-1.000000000000000000e+00,-1.000000000000000000e+00,-1.000000000000000000e+00,-1.000000000000000000e+00,-1.000000000000000000e+00,-1.000000000000000000e+00,-1.000000000000000000e+00,-1.000000000000000000e+00,-1.000000000000000000e+00,-1.000000000000000000e+00,-1.000000000000000000e+00,-1.000000000000000000e+00,-1.000000000000000000e+00,-1.000000000000000000e+00,-1.000000000000000000e+00,-1.000000000000000000e+00,-1.000000000000000000e+00,-1.000000000000000000e+00,-1.000000000000000000e+00,-7.891055516655787194e-01,-7.891402111985462708e-01,-7.892431494433899131e-01,-7.894113032867835500e-01,-7.896397311287128851e-01,-7.899216941115283497e-01,-7.902484118052823803e-01,-7.906079758953382663e-01,-7.909824852014479823e-01,-7.913416963261180603e-01,-7.916301511734900043e-01,-7.917425087768401593e-01,-7.914782354225193828e-01,-7.904613897116339327e-01,-7.880035790006221230e-01,-7.828785132250414280e-01,-7.729671981887542564e-01,-7.547312198403268724e-01,-7.224981133187406979e-01,-6.676474534817044004e-01,-5.780832585443409499e-01,-4.391022375884985340e-01,-2.382904547527333605e-01,2.052629816094864168e-02,2.891203434976450382e-01,4.496178383731832540e-01,4.496178382013631403e-01,2.891203430679070152e-01,2.052629766462055194e-02,-2.382904551105384794e-01,-4.391022376330083743e-01,-5.780832581273189774e-01,-6.676474524909705721e-01,-7.224981116607863685e-01,-7.547312174567059051e-01,-7.729671950678107528e-01,-7.828785094495637198e-01,-7.880035746617626291e-01,-7.904613848765821293e-01,-7.914782301428860967e-01,-7.917425030096425509e-01,-7.916301447616214126e-01,-7.913416891276476850e-01,-7.909824771795772591e-01,-7.906079671791225172e-01,-7.902484032570300521e-01,-7.899216853280630612e-01,-7.896397189246269210e-01,-7.894112875911006855e-01,-7.892431345610690929e-01,-7.891401998228686487e-01,-7.891055411329557234e-01,-1.000000000000000000e+00,-1.000000000000000000e+00,-1.000000000000000000e+00,-1.000000000000000000e+00,-1.000000000000000000e+00,-1.000000000000000000e+00,-1.000000000000000000e+00,-1.000000000000000000e+00,-1.000000000000000000e+00,-1.000000000000000000e+00,-1.000000000000000000e+00,-1.000000000000000000e+00,-1.000000000000000000e+00,-1.000000000000000000e+00,-1.000000000000000000e+00,-1.000000000000000000e+00,-1.000000000000000000e+00,-1.000000000000000000e+00,-1.000000000000000000e+00,-1.000000000000000000e+00,-1.000000000000000000e+00,-1.000000000000000000e+00,-1.000000000000000000e+00,-1.000000000000000000e+00,-1.000000000000000000e+00,-1.000000000000000000e+00,-1.000000000000000000e+00,-1.000000000000000000e+00,-1.000000000000000000e+00,-1.000000000000000000e+00,-1.000000000000000000e+00,-1.000000000000000000e+00,-1.000000000000000000e+00,-1.000000000000000000e+00,-1.000000000000000000e+00,-1.000000000000000000e+00,-1.000000000000000000e+00,-1.000000000000000000e+00,-1.000000000000000000e+00,-1.000000000000000000e+00,-1.000000000000000000e+00,-1.000000000000000000e+00,-1.000000000000000000e+00,-1.000000000000000000e+00,-1.000000000000000000e+00,-1.000000000000000000e+00
-1.000000000000000000e+00,-1.000000000000000000e+00,-1.000000000000000000e+00,-1.000000000000000000e+00,-1.000000000000000000e+00,-1.000000000000000000e+00,-1.000000000000000000e+00,-1.000000000000000000e+00,-1.000000000000000000e+00,-1.000000000000000000e+00,-1.000000000000000000e+00,-1.000000000000000000e+00,-1.000000000000000000e+00,-1.000000000000000000e+00,-1.000000000000000000e+00,-1.000000000000000000e+00,-1.000000000000000000e+00,-1.000000000000000000e+00,-1.000000000000000000e+00,-1.000000000000000000e+00,-1.000000000000000000e+00,-1.000000000000000000e+00,-1.000000000000000000e+00,-1.000000000000000000e+00,-1.000000000000000000e+00,-1.000000000000000000e+00,-1.000000000000000000e+00,-1.000000000000000000e+00,-1.000000000000000000e+00,-1.000000000000000000e+00,-1.000000000000000000e+00,-1.000000000000000000e+00,-1.000000000000000000e+00,-1.000000000000000000e+00,-1.000000000000000000e+00,-1.000000000000000000e+00,-1.000000000000000000e+00,-1.000000000000000000e+00,-1.000000000000000000e+00,-1.000000000000000000e+00,-1.000000000000000000e+00,-1.000000000000000000e+00,-1.000000000000000000e+00,-1.000000000000000000e+00,-1.000000000000000000e+00,-1.000000000000000000e+00,-7.889972792637015564e-01,-7.890251211858332336e-01,-7.891079892842907118e-01,-7.892439302218108299e-01,-7.894297293852584607e-01,-7.896608273645714382e-01,-7.899308796657770193e-01,-7.902304690383142871e-01,-7.905440571468942412e-01,-7.908434872398406590e-01,-7.910750083412459999e-01,-7.911345482232585713e-01,-7.908223812692403154e-01,-7.897629131871781727e-01,-7.872676386437466034e-01,-7.821096739851195467e-01,-7.721688822153047749e-01,-7.539050223650169968e-01,-7.216429189372055575e-01,-6.667583461733823658e-01,-5.771504019216514569e-01,-4.381103341312196919e-01,-2.372202513071575147e-01,2.169164252163890971e-02,2.903804049202509674e-01,4.509342811271805918e-01,4.509342811034802168e-01,2.903804049019487188e-01,2.169164262517764286e-02,-2.372202509584231400e-01,-4.381103334434409691e-01,-5.771504008093051308e-01,-6.667583445668046060e-01,-7.216429167730674665e-01,-7.539050196078947996e-01,-7.721688788424325711e-01,-7.821096700147507352e-01,-7.872676340941020534e-01,-7.897629080713700622e-01,-7.908223755990775317e-01,-7.911345419232054255e-01,-7.910750012613252391e-01,-7.908434792720929751e-01,-7.905440483777114169e-01,-7.902304598455515139e-01,-7.899308710095565011e-01,-7.896608185468781960e-01,-7.894297173233457698e-01,-7.892439153798672669e-01,-7.891079758032680802e-01,-7.890251113726942656e-01,-7.889972704093595190e-01,-1.000000000000000000e+00,-1.000000000000000000e+00,-1.000000000000000000e+00,-1.000000000000000000e+00,-1.000000000000000000e+00,-1.000000000000000000e+00,-1.000000000000000000e+00,-1.000000000000000000e+00,-1.000000000000000000e+00,-1.000000000000000000e+00,-1.000000000000000000e+00,-1.000000000000000000e+00,-1.000000000000000000e+00,-1.000000000000000000e+00,-1.000000000000000000e+00,-1.000000000000000000e+00,-1.000000000000000000e+00,-1.000000000000000000e+00,-1.000000000000000000e+00,-1.000000000000000000e+00,-1.000000000000000000e+00,-1.000000000000000000e+00,-1.000000000000000000e+00,-1.000000000000000000e+00,-1.000000000000000000e+00,-1.000000000000000000e+00,-1.000000000000000000e+00,-1.000000000000000000e+00,-1.000000000000000000e+00,-1.000000000000000000e+00,-1.000000000000000000e+00,-1.000000000000000000e+00,-1.000000000000000000e+00,-1.000000000000000000e+00,-1.000000000000000000e+00,-1.000000000000000000e+00,-1.000000000000000000e+00,-1.000000000000000000e+00,-1.000000000000000000e+00,-1.000000000000000000e+00,-1.000000000000000000e+00,-1.000000000000000000e+00,-1.000000000000000000e+00,-1.000000000000000000e+00,-1.000000000000000000e+00,-1.000000000000000000e+00
-1.000000000000000000e+00,-1.000000000000000000e+00,-1.000000000000000000e+00,-1.000000000000000000e+00,-1.000000000000000000e+00,-1.000000000000000000e+00,-1.000000000000000000e+00,-1.000000000000000000e+00,-1.000000000000000000e+00,-1.000000000000000000e+00,-1.000000000000000000e+00,-1.000000000000000000e+00,-1.000000000000000000e+00,-1.000000000000000000e+00,-1.000000000000000000e+00,-1.000000000000000000e+00,-1.000000000000000000e+00,-1.000000000000000000e+00,-1.000000000000000000e+00,-1.000000000000000000e+00,-1.000000000000000000e+00,-1.000000000000000000e+00,-1.000000000000000000e+00,-1.000000000000000000e+00,-1.000000000000000000e+00,-1.000000000000000000e+00,-1.000000000000000000e+00,-1.000000000000000000e+00,-1.000000000000000000e+00,-1.000000000000000000e+00,-1.000000000000000000e+00,-1.000000000000000000e+00,-1.000000000000000000e+00,-1.000000000000000000e+00,-1.000000000000000000e+00,-1.000000000000000000e+00,-1.000000000000000000e+00,-1.000000000000000000e+00,-1.000000000000000000e+00,-1.000000000000000000e+00,-1.000000000000000000e+00,-1.000000000000000000e+00,-1.000000000000000000e+00,-1.000000000000000000e+00,-1.000000000000000000e+00,-1.000000000000000000e+00,-7.886340839564178751e-01,-7.886575552057289995e-01,-7.887275495202270559e-01,-7.888428053143806684e-01,-7.890011873262475772e-01,-7.891995036208591108e-01,-7.894329461516146340e-01,-7.896936794174628238e-01,-7.899676775896089520e-01,-7.902281323693911563e-01,-7.904224077810690918e-01,-7.904472688916888146e-01,-7.901035253544632653e-01,-7.890158012532386689e-01,-7.864954718082116658e-01,-7.813151499658790300e-01,-7.713537188599313144e-01,-7.530693253300082546e-01,-7.207843328259320170e-01,-6.658709851263451274e-01,-5.762237343101817011e-01,-4.371286196411644509e-01,-2.361639721874677633e-01,2.283958542843222972e-02,2.916201591078786404e-01,4.522287885656071094e-01,4.522287886893709974e-01,2.916201594976450817e-01,2.283958612798953070e-02,-2.361639711331815494e-01,-4.371286182103628626e-01,-5.762237324760254298e-01,-6.658709828566509170e-01,-7.207843300891605409e-01,-7.530693221119786340e-01,-7.713537151361741229e-01,-7.813151456851863408e-01,-7.864954669118787711e-01,-7.890157957035395242e-01,-7.901035191324289331e-01,-7.904472619112649090e-01,-7.904223999289945457e-01,-7.902281235859422992e-01,-7.899676680844078813e-01,-7.896936698315358827e-01,-7.894329375008430905e-01,-7.891994949239981016e-01,-7.890011756919489416e-01,-7.888427916574993759e-01,-7.887275377360095652e-01,-7.886575472523633668e-01,-7.886340770788755616e-01,-1.000000000000000000e+00,-1.000000000000000000e+00,-1.000000000000000000e+00,-1.000000000000000000e+00,-1.000000000000000000e+00,-1.000000000000000000e+00,-1.000000000000000000e+00,-1.000000000000000000e+00,-1.000000000000000000e+00,-1.000000000000000000e+00,-1.000000000000000000e+00,-1.000000000000000000e+00,-1.000000000000000000e+00,-1.000000000000000000e+00,-1.000000000000000000e+00,-1.000000000000000000e+00,-1.000000000000000000e+00,-1.000000000000000000e+00,-1.000000000000000000e+00,-1.000000000000000000e+00,-1.000000000000000000e+00,-1.000000000000000000e+00,-1.000000000000000000e+00,-1.000000000000000000e+00,-1.000000000000000000e+00,-1.000000000000000000e+00,-1.000000000000000000e+00,-1.000000000000000000e+00,-1.000000000000000000e+00,-1.000000000000000000e+00,-1.000000000000000000e+00,-1.000000000000000000e+00,-1.000000000000000000e+00,-1.000000000000000000e+00,-1.000000000000000000e+00,-1.000000000000000000e+00,-1.000000000000000000e+00,-1.000000000000000000e+00,-1.000000000000000000e+00,-1.000000000000000000e+00,-1.000000000000000000e+00,-1.000000000000000000e+00,-1.000000000000000000e+00,-1.000000000000000000e+00,-1.000000000000000000e+00,-1.000000000000000000e+00
-1.000000000000000000e+00,-1.000000000000000000e+00,-1.000000000000000000e+00,-1.000000000000000000e+00,-1.000000000000000000e+00,-1.000000000000000000e+00,-1.000000000000000000e+00,-1.000000000000000000e+00,-1.000000000000000000e+00,-1.000000000000000000e+00,-1.000000000000000000e+00,-1.000000000000000000e+00,-1.000000000000000000e+00,-1.000000000000000000e+00,-1.000000000000000000e+00,-1.000000000000000000e+00,-1.000000000000000000e+00,-1.000000000000000000e+00,-1.000000000000000000e+00,-1.000000000000000000e+00,-1.000000000000000000e+00,-1.000000000000000000e+00,-1.000000000000000000e+00,-1.000000000000000000e+00,-1.000000000000000000e+00,-1.000000000000000000e+00,-1.000000000000000000e+00,-1.000000000000000000e+00,-1.000000000000000000e+00,-1.000000000000000000e+00,-1.000000000000000000e+00,-1.000000000000000000e+00,-1.000000000000000000e+00,-1.000000000000000000e+00,-1.000000000000000000e+00,-1.000000000000000000e+00,-1.000000000000000000e+00,-1.000000000000000000e+00,-1.000000000000000000e+00,-1.000000000000000000e+00,-1.000000000000000000e+00,-1.000000000000000000e+00,-1.000000000000000000e+00,-1.000000000000000000e+00,-1.000000000000000000e+00,-1.000000000000000000e+00,-7.881054233719914093e-01,-7.881261102870706914e-01,-7.881878998310568596e-01,-7.882899612418576840e-01,-7.884308331563067984e-01,-7.886081803748689056e-01,-7.888181618860821143e-01,-7.890539435075580865e-01,-7.893024633807103063e-01,-7.895377790613955504e-01,-7.897079756442709764e-01,-7.897103613711986547e-01,-7.893460877653445396e-01,-7.882398976096482990e-01,-7.857030287095295717e-01,-7.805076402688196913e-01,-7.705317390577858250e-01,-7.522320052414209757e-01,-7.199285192076936291e-01,-6.649901960626825037e-01,-5.753070555816645060e-01,-4.361601292415717701e-01,-2.351241073012855232e-01,2.396799683907513412e-02,2.928376838854789277e-01,4.534995334780471676e-01,4.534995337241747304e-01,2.928376846158533553e-01,2.396799804070304241e-02,-2.351241056441546462e-01,-4.361601271536743596e-01,-5.753070530764170520e-01,-6.649901931343525918e-01,-7.199285158516359751e-01,-7.522320014622091433e-01,-7.705317348406766076e-01,-7.805076355086839612e-01,-7.857030232849665508e-01,-7.882398914458113026e-01,-7.893460808318710775e-01,-7.897103536013478919e-01,-7.897079669912161481e-01,-7.895377695237677518e-01,-7.893024532806739435e-01,-7.890539337345997550e-01,-7.888181534497173963e-01,-7.886081720229008996e-01,-7.884308222526484888e-01,-7.882899490608795690e-01,-7.881878899590177845e-01,-7.881261043878931005e-01,-7.881054186483749113e-01,-1.000000000000000000e+00,-1.000000000000000000e+00,-1.000000000000000000e+00,-1.000000000000000000e+00,-1.000000000000000000e+00,-1.000000000000000000e+00,-1.000000000000000000e+00,-1.000000000000000000e+00,-1.000000000000000000e+00,-1.000000000000000000e+00,-1.000000000000000000e+00,-1.000000000000000000e+00,-1.000000000000000000e+00,-1.000000000000000000e+00,-1.000000000000000000e+00,-1.000000000000000000e+00,-1.000000000000000000e+00,-1.000000000000000000e+00,-1.000000000000000000e+00,-1.000000000000000000e+00,-1.000000000000000000e+00,-1.000000000000000000e+00,-1.000000000000000000e+00,-1.000000000000000000e+00,-1.000000000000000000e+00,-1.000000000000000000e+00,-1.000000000000000000e+00,-1.000000000000000000e+00,-1.000000000000000000e+00,-1.000000000000000000e+00,-1.000000000000000000e+00,-1.000000000000000000e+00,-1.000000000000000000e+00,-1.000000000000000000e+00,-1.000000000000000000e+00,-1.000000000000000000e+00,-1.000000000000000000e+00,-1.000000000000000000e+00,-1.000000000000000000e+00,-1.000000000000000000e+00,-1.000000000000000000e+00,-1.000000000000000000e+00,-1.000000000000000000e+00,-1.000000000000000000e+00,-1.000000000000000000e+00,-1.000000000000000000e+00
-1.000000000000000000e+00,-1.000000000000000000e+00,-1.000000000000000000e+00,-1.000000000000000000e+00,-1.000000000000000000e+00,-1.000000000000000000e+00,-1.000000000000000000e+00,-1.000000000000000000e+00,-1.000000000000000000e+00,-1.000000000000000000e+00,-1.000000000000000000e+00,-1.000000000000000000e+00,-1.000000000000000000e+00,-1.000000000000000000e+00,-1.000000000000000000e+00,-1.000000000000000000e+00,-1.000000000000000000e+00,-1.000000000000000000e+00,-1.000000000000000000e+00,-1.000000000000000000e+00,-1.000000000000000000e+00,-1.000000000000000000e+00,-1.000000000000000000e+00,-1.000000000000000000e+00,-1.000000000000000000e+00,-1.000000000000000000e+00,-1.000000000000000000e+00,-1.000000000000000000e+00,-1.000000000000000000e+00,-1.000000000000000000e+00,-1.000000000000000000e+00,-1.000000000000000000e+00,-1.000000000000000000e+00,-1.000000000000000000e+00,-1.000000000000000000e+00,-1.000000000000000000e+00,-1.000000000000000000e+00,-1.000000000000000000e+00,-1.000000000000000000e+00,-1.000000000000000000e+00,-1.000000000000000000e+00,-1.000000000000000000e+00,-1.000000000000000000e+00,-1.000000000000000000e+00,-1.000000000000000000e+00,-1.000000000000000000e+00,-7.874721330373886108e-01,-7.874910626658285784e-01,-7.875476724694550068e-01,-7.876413995320111772e-01,-7.877712024429084359e-01,-7.879352814252922332e-01,-7.881304021561226225e-01,-7.883503616179335927e-01,-7.885827087163550519e-01,-7.888020523392128558e-01,-7.889569379200277455e-01,-7.889450181272938956e-01,-7.885676515801098851e-01,-7.874496259890753080e-01,-7.849020228339744776e-01,-7.796965760742894380e-01,-7.697104848003998301e-01,-7.513990654423781113e-01,-7.190802480150091380e-01,-6.641197766773625499e-01,-5.744034125998979112e-01,-4.352073468037112036e-01,-2.341027383733940148e-01,2.507505898248951759e-02,2.940313114489443436e-01,4.547449158364513799e-01,4.547449161597052480e-01,2.940313123993734123e-01,2.507506051735064467e-02,-2.341027362982597282e-01,-4.352073442227629707e-01,-5.744034095373635740e-01,-6.641197731389010261e-01,-7.190802440128098993e-01,-7.513990609982784674e-01,-7.697104799149008247e-01,-7.796965706204463942e-01,-7.849020166606078819e-01,-7.874496190143700503e-01,-7.885676437910034142e-01,-7.889450095094757698e-01,-7.889569285202102655e-01,-7.888020422196917458e-01,-7.885826982855255185e-01,-7.883503519695955752e-01,-7.881303942185977629e-01,-7.879352736900283594e-01,-7.877711925675748850e-01,-7.876413890592158795e-01,-7.875476646337996600e-01,-7.874910589002845906e-01,-7.874721305132070803e-01,-1.000000000000000000e+00,-1.000000000000000000e+00,-1.000000000000000000e+00,-1.000000000000000000e+00,-1.000000000000000000e+00,-1.000000000000000000e+00,-1.000000000000000000e+00,-1.000000000000000000e+00,-1.000000000000000000e+00,-1.000000000000000000e+00,-1.000000000000000000e+00,-1.000000000000000000e+00,-1.000000000000000000e+00,-1.000000000000000000e+00,-1.000000000000000000e+00,-1.000000000000000000e+00,-1.000000000000000000e+00,-1.000000000000000000e+00,-1.000000000000000000e+00,-1.000000000000000000e+00,-1.000000000000000000e+00,-1.000000000000000000e+00,-1.000000000000000000e+00,-1.000000000000000000e+00,-1.000000000000000000e+00,-1.000000000000000000e+00,-1.000000000000000000e+00,-1.000000000000000000e+00,-1.000000000000000000e+00,-1.000000000000000000e+00,-1.000000000000000000e+00,-1.000000000000000000e+00,-1.000000000000000000e+00,-1.000000000000000000e+00,-1.000000000000000000e+00,-1.000000000000000000e+00,-1.000000000000000000e+00,-1.000000000000000000e+00,-1.000000000000000000e+00,-1.000000000000000000e+00,-1.000000000000000000e+00,-1.000000000000000000e+00,-1.000000000000000000e+00,-1.000000000000000000e+00,-1.000000000000000000e+00,-1.000000000000000000e+00
-1.000000000000000000e+00,-1.000000000000000000e+00,-1.000000000000000000e+00,-1.000000000000000000e+00,-1.000000000000000000e+00,-1.000000000000000000e+00,-1.000000000000000000e+00,-1.000000000000000000e+00,-1.000000000000000000e+00,-1.000000000000000000e+00,-1.000000000000000000e+00,-1.000000000000000000e+00,-1.000000000000000000e+00,-1.000000000000000000e+00,-1.000000000000000000e+00,-1.000000000000000000e+00,-1.000000000000000000e+00,-1.000000000000000000e+00,-1.000000000000000000e+00,-1.000000000000000000e+00,-1.000000000000000000e+00,-1.000000000000000000e+00,-1.000000000000000000e+00,-1.000000000000000000e+00,-1.000000000000000000e+00,-1.000000000000000000e+00,-1.000000000000000000e+00,-1.000000000000000000e+00,-1.000000000000000000e+00,-1.000000000000000000e+00,-1.000000000000000000e+00,-1.000000000000000000e+00,-1.000000000000000000e+00,-1.000000000000000000e+00,-1.000000000000000000e+00,-1.000000000000000000e+00,-1.000000000000000000e+00,-1.000000000000000000e+00,-1.000000000000000000e+00,-1.000000000000000000e+00,-1.000000000000000000e+00,-1.000000000000000000e+00,-1.000000000000000000e+00,-1.000000000000000000e+00,-1.000000000000000000e+00,-1.000000000000000000e+00,-7.867755349711600399e-01,-7.867933710194414676e-01,-7.868467571908279723e-01,-7.869352965422162782e-01,-7.870582084702295589e-01,-7.872140264233418172e-01,-7.873998947859812692e-01,-7.876100058690410632e-01,-7.878322923377725218e-01,-7.880417100884065107e-01,-7.881870932290463427e-01,-7.881663057353675006e-01,-7.877808209355692259e-01,-7.866554189194036040e-01,-7.841010093700234718e-01,-7.788889191383481236e-01,-7.688955882464290070e-01,-7.505750463717217880e-01,-7.182431773807056441e-01,-6.632626840466435691e-01,-5.735152170697805918e-01,-4.342722729020283001e-01,-2.331015720488971432e-01,2.615925655877537892e-02,2.951996328058721364e-01,4.559635739839289492e-01,4.559635743288541487e-01,2.951996338267925957e-01,2.615925821539244467e-02,-2.331015697865608249e-01,-4.342722700390085899e-01,-5.735152136059684658e-01,-6.632626799783973848e-01,-7.182431727254923182e-01,-7.505750411672010847e-01,-7.688955825076722039e-01,-7.788889127577619531e-01,-7.841010022114531797e-01,-7.866554109390100358e-01,-7.877808121768301586e-01,-7.881662962692457253e-01,-7.881870832120679848e-01,-7.880416996492655146e-01,-7.878322819349320438e-01,-7.876099967297263138e-01,-7.873998876760515131e-01,-7.872140195988193145e-01,-7.870581999005391571e-01,-7.869352879490824071e-01,-7.868467514269750218e-01,-7.867933693471043100e-01,-7.867755345560107916e-01,-1.000000000000000000e+00,-1.000000000000000000e+00,-1.000000000000000000e+00,-1.000000000000000000e+00,-1.000000000000000000e+00,-1.000000000000000000e+00,-1.000000000000000000e+00,-1.000000000000000000e+00,-1.000000000000000000e+00,-1.000000000000000000e+00,-1.000000000000000000e+00,-1.000000000000000000e+00,-1.000000000000000000e+00,-1.000000000000000000e+00,-1.000000000000000000e+00,-1.000000000000000000e+00,-1.000000000000000000e+00,-1.000000000000000000e+00,-1.000000000000000000e+00,-1.000000000000000000e+00,-1.000000000000000000e+00,-1.000000000000000000e+00,-1.000000000000000000e+00,-1.000000000000000000e+00,-1.000000000000000000e+00,-1.000000000000000000e+00,-1.000000000000000000e+00,-1.000000000000000000e+00,-1.000000000000000000e+00,-1.000000000000000000e+00,-1.000000000000000000e+00,-1.000000000000000000e+00,-1.000000000000000000e+00,-1.000000000000000000e+00,-1.000000000000000000e+00,-1.000000000000000000e+00,-1.000000000000000000e+00,-1.000000000000000000e+00,-1.000000000000000000e+00,-1.000000000000000000e+00,-1.000000000000000000e+00,-1.000000000000000000e+00,-1.000000000000000000e+00,-1.000000000000000000e+00,-1.000000000000000000e+00,-1.000000000000000000e+00
-1.000000000000000000e+00,-1.000000000000000000e+00,-1.000000000000000000e+00,-1.000000000000000000e+00,-1.000000000000000000e+00,-1.000000000000000000e+00,-1.000000000000000000e+00,-1.000000000000000000e+00,-1.000000000000000000e+00,-1.000000000000000000e+00,-1.000000000000000000e+00,-1.000000000000000000e+00,-1.000000000000000000e+00,-1.000000000000000000e+00,-1.000000000000000000e+00,-1.000000000000000000e+00,-1.000000000000000000e+00,-1.000000000000000000e+00,-1.000000000000000000e+00,-1.000000000000000000e+00,-1.000000000000000000e+00,-1.000000000000000000e+00,-1.000000000000000000e+00,-1.000000000000000000e+00,-1.000000000000000000e+00,-1.000000000000000000e+00,-1.000000000000000000e+00,-1.000000000000000000e+00,-1.000000000000000000e+00,-1.000000000000000000e+00,-1.000000000000000000e+00,-1.000000000000000000e+00,-1.000000000000000000e+00,-1.000000000000000000e+00,-1.000000000000000000e+00,-1.000000000000000000e+00,-1.000000000000000000e+00,-1.000000000000000000e+00,-1.000000000000000000e+00,-1.000000000000000000e+00,-1.000000000000000000e+00,-1.000000000000000000e+00,-1.000000000000000000e+00,-1.000000000000000000e+00,-1.000000000000000000e+00,-1.000000000000000000e+00,-7.860436731827515899e-01,-7.860608433325957378e-01,-7.861122670572380233e-01,-7.861976496831186711e-01,-7.863163716429398820e-01,-7.864671723657055136e-01,-7.866474307859941950e-01,-7.868515844700627593e-01,-7.870678042775680616e-01,-7.872712608658852806e-01,-7.874109646473428370e-01,-7.873849025894494869e-01,-7.869946004806803730e-01,-7.858647947360839492e-01,-7.833062125490575234e-01,-7.780897872258812908e-01,-7.680912369547557850e-01,-7.497633659372060499e-01,-7.174200983244026775e-01,-6.624212072116577588e-01,-5.726443647445126350e-01,-4.333565053279626600e-01,-2.321219931648355050e-01,2.721934175027773684e-02,2.963414739483303251e-01,4.571543660867523062e-01,4.571543663986221695e-01,2.963414748888391070e-01,2.721934331621311820e-02,-2.321219909456672115e-01,-4.333565023990300080e-01,-5.726443610487730318e-01,-6.624212027113084433e-01,-7.174200930303282764e-01,-7.497633598971760183e-01,-7.680912301965935329e-01,-7.780897797032302332e-01,-7.833062041937277620e-01,-7.858647855897659129e-01,-7.869945906851230077e-01,-7.873848923337807282e-01,-7.874109542016236585e-01,-7.872712504243842835e-01,-7.870677943121358044e-01,-7.868515762559989968e-01,-7.866474248484504050e-01,-7.864671667483011941e-01,-7.863163646225518333e-01,-7.861976430760900802e-01,-7.861122633146261363e-01,-7.860608435949026918e-01,-7.860436746543839615e-01,-1.000000000000000000e+00,-1.000000000000000000e+00,-1.000000000000000000e+00,-1.000000000000000000e+00,-1.000000000000000000e+00,-1.000000000000000000e+00,-1.000000000000000000e+00,-1.000000000000000000e+00,-1.000000000000000000e+00,-1.000000000000000000e+00,-1.000000000000000000e+00,-1.000000000000000000e+00,-1.000000000000000000e+00,-1.000000000000000000e+00,-1.000000000000000000e+00,-1.000000000000000000e+00,-1.000000000000000000e+00,-1.000000000000000000e+00,-1.000000000000000000e+00,-1.000000000000000000e+00,-1.000000000000000000e+00,-1.000000000000000000e+00,-1.000000000000000000e+00,-1.000000000000000000e+00,-1.000000000000000000e+00,-1.000000000000000000e+00,-1.000000000000000000e+00,-1.000000000000000000e+00,-1.000000000000000000e+00,-1.000000000000000000e+00,-1.000000000000000000e+00,-1.000000000000000000e+00,-1.000000000000000000e+00,-1.000000000000000000e+00,-1.000000000000000000e+00,-1.000000000000000000e+00,-1.000000000000000000e+00,-1.000000000000000000e+00,-1.000000000000000000e+00,-1.000000000000000000e+00,-1.000000000000000000e+00,-1.000000000000000000e+00,-1.000000000000000000e+00,-1.000000000000000000e+00,-1.000000000000000000e+00,-1.000000000000000000e+00
-1.000000000000000000e+00,-1.000000000000000000e+00,-1.000000000000000000e+00,-1.000000000000000000e+00,-1.000000000000000000e+00,-1.000000000000000000e+00,-1.000000000000000000e+00,-1.000000000000000000e+00,-1.000000000000000000e+00,-1.000000000000000000e+00,-1.000000000000000000e+00,-1.000000000000000000e+00,-1.000000000000000000e+00,-1.000000000000000000e+00,-1.000000000000000000e+00,-1.000000000000000000e+00,-1.000000000000000000e+00,-1.000000000000000000e+00,-1.000000000000000000e+00,-1.000000000000000000e+00,-1.000000000000000000e+00,-1.000000000000000000e+00,-1.000000000000000000e+00,-1.000000000000000000e+00,-1.000000000000000000e+00,-1.000000000000000000e+00,-1.000000000000000000e+00,-1.000000000000000000e+00,-1.000000000000000000e+00,-1.000000000000000000e+00,-1.000000000000000000e+00,-1.000000000000000000e+00,-1.000000000000000000e+00,-1.000000000000000000e+00,-1.000000000000000000e+00,-1.000000000000000000e+00,-1.000000000000000000e+00,-1.000000000000000000e+00,-1.000000000000000000e+00,-1.000000000000000000e+00,-1.000000000000000000e+00,-1.000000000000000000e+00,-1.000000000000000000e+00,-1.000000000000000000e+00,-1.000000000000000000e+00,-1.000000000000000000e+00,-7.852955672633827877e-01,-7.853123458910807875e-01,-7.853626166435374589e-01,-7.854461472949713086e-01,-7.855624167776289468e-01,-7.857102904698223256e-01,-7.858872908115022149e-01,-7.860880053093149966e-01,-7.863007499571339487e-01,-7.865008249675667917e-01,-7.866373439989277072e-01,-7.866083590700267969e-01,-7.862154073065640292e-01,-7.850831577545971385e-01,-7.825221490925104995e-01,-7.773029330212172239e-01,-7.673005367836530644e-01,-7.489665909235847518e-01,-7.166131352177138591e-01,-6.615971135588082364e-01,-5.717923413271168709e-01,-4.324613153567224977e-01,-2.311651199901487708e-01,2.825429315411076558e-02,2.974558634414159464e-01,4.583163418198554773e-01,4.583163420539977384e-01,2.974558641766247291e-01,2.825429445724858546e-02,-2.311651179996128125e-01,-4.324613125387455348e-01,-5.717923375456039903e-01,-6.615971087217434876e-01,-7.166131293165155514e-01,-7.489665840054914314e-01,-7.673005288919213518e-01,-7.773029241997961858e-01,-7.825221393965744454e-01,-7.850831473539396921e-01,-7.862153964733338274e-01,-7.866083481368701946e-01,-7.866373333474239171e-01,-7.865008148580199254e-01,-7.863007408449823599e-01,-7.860879984247896024e-01,-7.858872863728725289e-01,-7.857102863344844756e-01,-7.855624115034637311e-01,-7.854461427105374760e-01,-7.853626147854955164e-01,-7.853123478144559133e-01,-7.852955702781471148e-01,-1.000000000000000000e+00,-1.000000000000000000e+00,-1.000000000000000000e+00,-1.000000000000000000e+00,-1.000000000000000000e+00,-1.000000000000000000e+00,-1.000000000000000000e+00,-1.000000000000000000e+00,-1.000000000000000000e+00,-1.000000000000000000e+00,-1.000000000000000000e+00,-1.000000000000000000e+00,-1.000000000000000000e+00,-1.000000000000000000e+00,-1.000000000000000000e+00,-1.000000000000000000e+00,-1.000000000000000000e+00,-1.000000000000000000e+00,-1.000000000000000000e+00,-1.000000000000000000e+00,-1.000000000000000000e+00,-1.000000000000000000e+00,-1.000000000000000000e+00,-1.000000000000000000e+00,-1.000000000000000000e+00,-1.000000000000000000e+00,-1.000000000000000000e+00,-1.000000000000000000e+00,-1.000000000000000000e+00,-1.000000000000000000e+00,-1.000000000000000000e+00,-1.000000000000000000e+00,-1.000000000000000000e+00,-1.000000000000000000e+00,-1.000000000000000000e+00,-1.000000000000000000e+00,-1.000000000000000000e+00,-1.000000000000000000e+00,-1.000000000000000000e+00,-1.000000000000000000e+00,-1.000000000000000000e+00,-1.000000000000000000e+00,-1.000000000000000000e+00,-1.000000000000000000e+00,-1.000000000000000000e+00,-1.000000000000000000e+00
-1.000000000000000000e+00,-1.000000000000000000e+00,-1.000000000000000000e+00,-1.000000000000000000e+00,-1.000000000000000000e+00,-1.000000000000000000e+00,-1.000000000000000000e+00,-1.000000000000000000e+00,-1.000000000000000000e+00,-1.000000000000000000e+00,-1.000000000000000000e+00,-1.000000000000000000e+00,-1.000000000000000000e+00,-1.000000000000000000e+00,-1.000000000000000000e+00,-1.000000000000000000e+00,-1.000000000000000000e+00,-1.000000000000000000e+00,-1.000000000000000000e+00,-1.000000000000000000e+00,-1.000000000000000000e+00,-1.000000000000000000e+00,-1.000000000000000000e+00,-1.000000000000000000e+00,-1.000000000000000000e+00,-1.000000000000000000e+00,-1.000000000000000000e+00,-1.000000000000000000e+00,-1.000000000000000000e+00,-1.000000000000000000e+00,-1.000000000000000000e+00,-1.000000000000000000e+00,-1.000000000000000000e+00,-1.000000000000000000e+00,-1.000000000000000000e+00,-1.000000000000000000e+00,-1.000000000000000000e+00,-1.000000000000000000e+00,-1.000000000000000000e+00,-1.000000000000000000e+00,-1.000000000000000000e+00,-1.000000000000000000e+00,-1.000000000000000000e+00,-1.000000000000000000e+00,-1.000000000000000000e+00,-1.000000000000000000e+00,-7.845441076419316095e-01,-7.845606695874742798e-01,-7.846103033576887764e-01,-7.846928143202045458e-01,-7.848077407498904590e-01,-7.849540237184643443e-01,-7.851292718000904003e-01,-7.853281620898543425e-01,-7.855390964787470898e-01,-7.857374501671064992e-01,-7.858723929662216889e-01,-7.858420044657672410e-01,-7.854478066260781599e-01,-7.843143864361773465e-01,-7.817520920015762487e-01,-7.765311051139328624e-01,-7.665257894674636363e-01,-7.481866480610898096e-01,-7.158239047199794758e-01,-6.607917675783230305e-01,-5.709603108499770041e-01,-4.315877136859369578e-01,-2.302318541270711449e-01,2.926327673567841181e-02,2.985420000066909552e-01,4.594487130911750761e-01,4.594487132231603876e-01,2.985420004674055328e-01,2.926327768225345238e-02,-2.302318524694028090e-01,-4.315877110806826122e-01,-5.709603070723516804e-01,-6.607917624747572383e-01,-7.158238982486773150e-01,-7.481866402593515541e-01,-7.665257804065357394e-01,-7.765310949371705407e-01,-7.817520809270184223e-01,-7.843143747913334796e-01,-7.854477948357221351e-01,-7.858419930183946356e-01,-7.858723823483487747e-01,-7.857374407088000279e-01,-7.855390886069683054e-01,-7.853281568942434010e-01,-7.851292691355138409e-01,-7.849540212818705287e-01,-7.848077373400085266e-01,-7.846928117056153340e-01,-7.846103031572243536e-01,-7.845606727925733548e-01,-7.845441117518675567e-01,-1.000000000000000000e+00,-1.000000000000000000e+00,-1.000000000000000000e+00,-1.000000000000000000e+00,-1.000000000000000000e+00,-1.000000000000000000e+00,-1.000000000000000000e+00,-1.000000000000000000e+00,-1.000000000000000000e+00,-1.000000000000000000e+00,-1.000000000000000000e+00,-1.000000000000000000e+00,-1.000000000000000000e+00,-1.000000000000000000e+00,-1.000000000000000000e+00,-1.000000000000000000e+00,-1.000000000000000000e+00,-1.000000000000000000e+00,-1.000000000000000000e+00,-1.000000000000000000e+00,-1.000000000000000000e+00,-1.000000000000000000e+00,-1.000000000000000000e+00,-1.000000000000000000e+00,-1.000000000000000000e+00,-1.000000000000000000e+00,-1.000000000000000000e+00,-1.000000000000000000e+00,-1.000000000000000000e+00,-1.000000000000000000e+00,-1.000000000000000000e+00,-1.000000000000000000e+00,-1.000000000000000000e+00,-1.000000000000000000e+00,-1.000000000000000000e+00,-1.000000000000000000e+00,-1.000000000000000000e+00,-1.000000000000000000e+00,-1.000000000000000000e+00,-1.000000000000000000e+00,-1.000000000000000000e+00,-1.000000000000000000e+00,-1.000000000000000000e+00,-1.000000000000000000e+00,-1.000000000000000000e+00,-1.000000000000000000e+00
-1.000000000000000000e+00,-1.000000000000000000e+00,-1.000000000000000000e+00,-1.000000000000000000e+00,-1.000000000000000000e+00,-1.000000000000000000e+00,-1.000000000000000000e+00,-1.000000000000000000e+00,-1.000000000000000000e+00,-1.000000000000000000e+00,-1.000000000000000000e+00,-1.000000000000000000e+00,-1.000000000000000000e+00,-1.000000000000000000e+00,-1.000000000000000000e+00,-1.000000000000000000e+00,-1.000000000000000000e+00,-1.000000000000000000e+00,-1.000000000000000000e+00,-1.000000000000000000e+00,-1.000000000000000000e+00,-1.000000000000000000e+00,-1.000000000000000000e+00,-1.000000000000000000e+00,-1.000000000000000000e+00,-1.000000000000000000e+00,-1.000000000000000000e+00,-1.000000000000000000e+00,-1.000000000000000000e+00,-1.000000000000000000e+00,-1.000000000000000000e+00,-1.000000000000000000e+00,-1.000000000000000000e+00,-1.000000000000000000e+00,-1.000000000000000000e+00,-1.000000000000000000e+00,-1.000000000000000000e+00,-1.000000000000000000e+00,-1.000000000000000000e+00,-1.000000000000000000e+00,-1.000000000000000000e+00,-1.000000000000000000e+00,-1.000000000000000000e+00,-1.000000000000000000e+00,-1.000000000000000000e+00,-1.000000000000000000e+00,-7.837980237784620829e-01,-7.838144793202395100e-01,-7.838638016177023049e-01,-7.839458181697284145e-01,-7.840601021307620488e-01,-7.842056388060186789e-01,-7.843800868894544864e-01,-7.845781750344799077e-01,-7.847883535598098037e-01,-7.849860379964757051e-01,-7.851204243052044562e-01,-7.850895958613242076e-01,-7.846950429581580622e-01,-7.835612622466079369e-01,-7.809984123139294132e-01,-7.757763170432772082e-01,-7.657687020671447575e-01,-7.474249854673906679e-01,-7.150536392092596838e-01,-6.600062247132667537e-01,-5.701491869409676116e-01,-4.307365048845704925e-01,-2.293229228660145225e-01,3.024561169193407117e-02,2.995992234009643429e-01,4.605508272925149527e-01,4.605508273265037644e-01,2.995992235977422702e-01,3.024561229549127539e-02,-2.293229215331726856e-01,-4.307365024900414729e-01,-5.701491831749807560e-01,-6.600062193656777154e-01,-7.150536321976055376e-01,-7.474249768169045627e-01,-7.657686918914007324e-01,-7.757763055812103570e-01,-7.809983999570374591e-01,-7.835612494888783974e-01,-7.846950303871567112e-01,-7.850895841226596117e-01,-7.851204139781370328e-01,-7.849860294787635029e-01,-7.847883472524577186e-01,-7.845781717994663174e-01,-7.843800861772831645e-01,-7.842056381802227083e-01,-7.840601005855435401e-01,-7.839458173582047884e-01,-7.838638027544063691e-01,-7.838144833440177095e-01,-7.837980284658973007e-01,-1.000000000000000000e+00,-1.000000000000000000e+00,-1.000000000000000000e+00,-1.000000000000000000e+00,-1.000000000000000000e+00,-1.000000000000000000e+00,-1.000000000000000000e+00,-1.000000000000000000e+00,-1.000000000000000000e+00,-1.000000000000000000e+00,-1.000000000000000000e+00,-1.000000000000000000e+00,-1.000000000000000000e+00,-1.000000000000000000e+00,-1.000000000000000000e+00,-1.000000000000000000e+00,-1.000000000000000000e+00,-1.000000000000000000e+00,-1.000000000000000000e+00,-1.000000000000000000e+00,-1.000000000000000000e+00,-1.000000000000000000e+00,-1.000000000000000000e+00,-1.000000000000000000e+00,-1.000000000000000000e+00,-1.000000000000000000e+00,-1.000000000000000000e+00,-1.000000000000000000e+00,-1.000000000000000000e+00,-1.000000000000000000e+00,-1.000000000000000000e+00,-1.000000000000000000e+00,-1.000000000000000000e+00,-1.000000000000000000e+00,-1.000000000000000000e+00,-1.000000000000000000e+00,-1.000000000000000000e+00,-1.000000000000000000e+00,-1.000000000000000000e+00,-1.000000000000000000e+00,-1.000000000000000000e+00,-1.000000000000000000e+00,-1.000000000000000000e+00,-1.000000000000000000e+00,-1.000000000000000000e+00,-1.000000000000000000e+00
-1.000000000000000000e+00,-1.000000000000000000e+00,-1.000000000000000000e+00,-1.000000000000000000e+00,-1.000000000000000000e+00,-1.000000000000000000e+00,-1.000000000000000000e+00,-1.000000000000000000e+00,-1.000000000000000000e+00,-1.000000000000000000e+00,-1.000000000000000000e+00,-1.000000000000000000e+00,-1.000000000000000000e+00,-1.000000000000000000e+00,-1.000000000000000000e+00,-1.000000000000000000e+00,-1.000000000000000000e+00,-1.000000000000000000e+00,-1.000000000000000000e+00,-1.000000000000000000e+00,-1.000000000000000000e+00,-1.000000000000000000e+00,-1.000000000000000000e+00,-1.000000000000000000e+00,-1.000000000000000000e+00,-1.000000000000000000e+00,-1.000000000000000000e+00,-1.000000000000000000e+00,-1.000000000000000000e+00,-1.000000000000000000e+00,-1.000000000000000000e+00,-1.000000000000000000e+00,-1.000000000000000000e+00,-1.000000000000000000e+00,-1.000000000000000000e+00,-1.000000000000000000e+00,-1.000000000000000000e+00,-1.000000000000000000e+00,-1.000000000000000000e+00,-1.000000000000000000e+00,-1.000000000000000000e+00,-1.000000000000000000e+00,-1.000000000000000000e+00,-1.000000000000000000e+00,-1.000000000000000000e+00,-1.000000000000000000e+00,-7.830632212636795542e-01,-7.830796388831617882e-01,-7.831288518328315407e-01,-7.832107001792361078e-01,-7.833247767318010091e-01,-7.834700914417644935e-01,-7.836443306501464923e-01,-7.838422507831035446e-01,-7.840523271068180478e-01,-7.842499937293687662e-01,-7.843844539667587101e-01,-7.843537802999122066e-01,-7.839594216218791489e-01,-7.828257804223537342e-01,-7.802628291302218244e-01,-7.750400461533404339e-01,-7.650305434831834450e-01,-7.466826947244238344e-01,-7.143032813339276199e-01,-6.592413043009869300e-01,-5.693596891281400563e-01,-4.299083312177993665e-01,-2.284389139901610299e-01,3.120074179163934147e-02,3.006269895072892773e-01,4.616221441576811024e-01,4.616221441294490191e-01,3.006269895391209257e-01,3.120074218720225723e-02,-2.284389128392302348e-01,-4.299083289055670720e-01,-5.693596852816746878e-01,-6.592412986674360820e-01,-7.143032737976955371e-01,-7.466826853084600479e-01,-7.650305323440570460e-01,-7.750400336113519861e-01,-7.802628157311621848e-01,-7.828257668206689557e-01,-7.839594085596890416e-01,-7.843537685628964029e-01,-7.843844442046031817e-01,-7.842499863992531406e-01,-7.840523225947054753e-01,-7.838422496520184302e-01,-7.836443319236522376e-01,-7.834700925855974107e-01,-7.833247769006290717e-01,-7.832107008780726520e-01,-7.831288539028949947e-01,-7.830796432094706550e-01,-7.830632259789470639e-01,-1.000000000000000000e+00,-1.000000000000000000e+00,-1.000000000000000000e+00,-1.000000000000000000e+00,-1.000000000000000000e+00,-1.000000000000000000e+00,-1.000000000000000000e+00,-1.000000000000000000e+00,-1.000000000000000000e+00,-1.000000000000000000e+00,-1.000000000000000000e+00,-1.000000000000000000e+00,-1.000000000000000000e+00,-1.000000000000000000e+00,-1.000000000000000000e+00,-1.000000000000000000e+00,-1.000000000000000000e+00,-1.000000000000000000e+00,-1.000000000000000000e+00,-1.000000000000000000e+00,-1.000000000000000000e+00,-1.000000000000000000e+00,-1.000000000000000000e+00,-1.000000000000000000e+00,-1.000000000000000000e+00,-1.000000000000000000e+00,-1.000000000000000000e+00,-1.000000000000000000e+00,-1.000000000000000000e+00,-1.000000000000000000e+00,-1.000000000000000000e+00,-1.000000000000000000e+00,-1.000000000000000000e+00,-1.000000000000000000e+00,-1.000000000000000000e+00,-1.000000000000000000e+00,-1.000000000000000000e+00,-1.000000000000000000e+00,-1.000000000000000000e+00,-1.000000000000000000e+00,-1.000000000000000000e+00,-1.000000000000000000e+00,-1.000000000000000000e+00,-1.000000000000000000e+00,-1.000000000000000000e+00,-1.000000000000000000e+00
-1.000000000000000000e+00,-1.000000000000000000e+00,-1.000000000000000000e+00,-1.000000000000000000e+00,-1.000000000000000000e+00,-1.000000000000000000e+00,-1.000000000000000000e+00,-1.000000000000000000e+00,-1.000000000000000000e+00,-1.000000000000000000e+00,-1.000000000000000000e+00,-1.000000000000000000e+00,-1.000000000000000000e+00,-1.000000000000000000e+00,-1.000000000000000000e+00,-1.000000000000000000e+00,-1.000000000000000000e+00,-1.000000000000000000e+00,-1.000000000000000000e+00,-1.000000000000000000e+00,-1.000000000000000000e+00,-1.000000000000000000e+00,-1.000000000000000000e+00,-1.000000000000000000e+00,-1.000000000000000000e+00,-1.000000000000000000e+00,-1.000000000000000000e+00,-1.000000000000000000e+00,-1.000000000000000000e+00,-1.000000000000000000e+00,-1.000000000000000000e+00,-1.000000000000000000e+00,-1.000000000000000000e+00,-1.000000000000000000e+00,-1.000000000000000000e+00,-1.000000000000000000e+00,-1.000000000000000000e+00,-1.000000000000000000e+00,-1.000000000000000000e+00,-1.000000000000000000e+00,-1.000000000000000000e+00,-1.000000000000000000e+00,-1.000000000000000000e+00,-1.000000000000000000e+00,-1.000000000000000000e+00,-1.000000000000000000e+00,-7.823436899253054522e-01,-7.823601111304896438e-01,-7.824093371957111520e-01,-7.824912148939503487e-01,-7.826053472737209971e-01,-7.827507568440497110e-01,-7.829251436993422963e-01,-7.831232773313437923e-01,-7.833336434429466477e-01,-7.835316812995128943e-01,-7.836665901027590753e-01,-7.836364227621094303e-01,-7.832425815691882454e-01,-7.821093740644420311e-01,-7.795465915063729545e-01,-7.743233796323928386e-01,-7.643122605632085564e-01,-7.459606024325592388e-01,-7.135735557602442825e-01,-6.584976456418105695e-01,-5.685923867532387543e-01,-4.291037073852950190e-01,-2.275803038570141101e-01,3.212821182791958385e-02,3.016248495512547922e-01,4.626622162788891490e-01,4.626622162538855942e-01,3.016248496007447599e-01,3.212821227118456413e-02,-2.275803026062672707e-01,-4.291037048943117105e-01,-5.685923826309953188e-01,-6.584976396183501723e-01,-7.135735477064815147e-01,-7.459605923830374685e-01,-7.643122487067510740e-01,-7.743233663507878006e-01,-7.795465774503868017e-01,-7.821093600285458081e-01,-7.832425684236496988e-01,-7.836364113945466503e-01,-7.836665811903518186e-01,-7.835316753428935854e-01,-7.833336408277572493e-01,-7.831232782808807968e-01,-7.829251468128048952e-01,-7.827507595350094993e-01,-7.826053488392598068e-01,-7.824912166848441153e-01,-7.824093397317847254e-01,-7.823601152309740403e-01,-7.823436941341153084e-01,-1.000000000000000000e+00,-1.000000000000000000e+00,-1.000000000000000000e+00,-1.000000000000000000e+00,-1.000000000000000000e+00,-1.000000000000000000e+00,-1.000000000000000000e+00,-1.000000000000000000e+00,-1.000000000000000000e+00,-1.000000000000000000e+00,-1.000000000000000000e+00,-1.000000000000000000e+00,-1.000000000000000000e+00,-1.000000000000000000e+00,-1.000000000000000000e+00,-1.000000000000000000e+00,-1.000000000000000000e+00,-1.000000000000000000e+00,-1.000000000000000000e+00,-1.000000000000000000e+00,-1.000000000000000000e+00,-1.000000000000000000e+00,-1.000000000000000000e+00,-1.000000000000000000e+00,-1.000000000000000000e+00,-1.000000000000000000e+00,-1.000000000000000000e+00,-1.000000000000000000e+00,-1.000000000000000000e+00,-1.000000000000000000e+00,-1.000000000000000000e+00,-1.000000000000000000e+00,-1.000000000000000000e+00,-1.000000000000000000e+00,-1.000000000000000000e+00,-1.000000000000000000e+00,-1.000000000000000000e+00,-1.000000000000000000e+00,-1.000000000000000000e+00,-1.000000000000000000e+00,-1.000000000000000000e+00,-1.000000000000000000e+00,-1.000000000000000000e+00,-1.000000000000000000e+00,-1.000000000000000000e+00,-1.000000000000000000e+00
-1.000000000000000000e+00,-1.000000000000000000e+00,-1.000000000000000000e+00,-1.000000000000000000e+00,-1.000000000000000000e+00,-1.000000000000000000e+00,-1.000000000000000000e+00,-1.000000000000000000e+00,-1.000000000000000000e+00,-1.000000000000000000e+00,-1.000000000000000000e+00,-1.000000000000000000e+00,-1.000000000000000000e+00,-1.000000000000000000e+00,-1.000000000000000000e+00,-1.000000000000000000e+00,-1.000000000000000000e+00,-1.000000000000000000e+00,-1.000000000000000000e+00,-1.000000000000000000e+00,-1.000000000000000000e+00,-1.000000000000000000e+00,-1.000000000000000000e+00,-1.000000000000000000e+00,-1.000000000000000000e+00,-1.000000000000000000e+00,-1.000000000000000000e+00,-1.000000000000000000e+00,-1.000000000000000000e+00,-1.000000000000000000e+00,-1.000000000000000000e+00,-1.000000000000000000e+00,-1.000000000000000000e+00,-1.000000000000000000e+00,-1.000000000000000000e+00,-1.000000000000000000e+00,-1.000000000000000000e+00,-1.000000000000000000e+00,-1.000000000000000000e+00,-1.000000000000000000e+00,-1.000000000000000000e+00,-1.000000000000000000e+00,-1.000000000000000000e+00,-1.000000000000000000e+00,-1.000000000000000000e+00,-1.000000000000000000e+00,-7.816421205207935152e-01,-7.816585695000883849e-01,-7.817078799751522311e-01,-7.817899018815834822e-01,-7.819042427411817542e-01,-7.820499302667159869e-01,-7.822246698390400432e-01,-7.824232350803289604e-01,-7.826341133497430880e-01,-7.828327410101475481e-01,-7.829683064400293491e-01,-7.829388382212898456e-01,-7.825456898308469356e-01,-7.814130750968190098e-01,-7.788506101881671473e-01,-7.736271212248094775e-01,-7.636145637553235499e-01,-7.452593384547033795e-01,-7.128650232549018639e-01,-6.577757507782832080e-01,-5.678477329336982793e-01,-4.283230477964613536e-01,-2.267474798104714973e-01,3.302764850957906617e-02,3.025924329916134248e-01,4.636706729372279678e-01,4.636706730039441560e-01,3.025924333074128114e-01,3.302764935539648228e-02,-2.267474780647841248e-01,-4.283230447576071853e-01,-5.678477282560787653e-01,-6.577757442187619485e-01,-7.128650146986053038e-01,-7.452593279495098866e-01,-7.636145515060939193e-01,-7.736271076594809504e-01,-7.788505959983965665e-01,-7.814130611705100149e-01,-7.825456771144755352e-01,-7.829388276466001662e-01,-7.829682986563990532e-01,-7.828327365380289837e-01,-7.826341125827738221e-01,-7.824232378961482048e-01,-7.822246744491168080e-01,-7.820499340963821266e-01,-7.819042452329358905e-01,-7.817899042468812176e-01,-7.817078824782306423e-01,-7.816585728728444593e-01,-7.816421237428137214e-01,-1.000000000000000000e+00,-1.000000000000000000e+00,-1.000000000000000000e+00,-1.000000000000000000e+00,-1.000000000000000000e+00,-1.000000000000000000e+00,-1.000000000000000000e+00,-1.000000000000000000e+00,-1.000000000000000000e+00,-1.000000000000000000e+00,-1.000000000000000000e+00,-1.000000000000000000e+00,-1.000000000000000000e+00,-1.000000000000000000e+00,-1.000000000000000000e+00,-1.000000000000000000e+00,-1.000000000000000000e+00,-1.000000000000000000e+00,-1.000000000000000000e+00,-1.000000000000000000e+00,-1.000000000000000000e+00,-1.000000000000000000e+00,-1.000000000000000000e+00,-1.000000000000000000e+00,-1.000000000000000000e+00,-1.000000000000000000e+00,-1.000000000000000000e+00,-1.000000000000000000e+00,-1.000000000000000000e+00,-1.000000000000000000e+00,-1.000000000000000000e+00,-1.000000000000000000e+00,-1.000000000000000000e+00,-1.000000000000000000e+00,-1.000000000000000000e+00,-1.000000000000000000e+00,-1.000000000000000000e+00,-1.000000000000000000e+00,-1.000000000000000000e+00,-1.000000000000000000e+00,-1.000000000000000000e+00,-1.000000000000000000e+00,-1.000000000000000000e+00,-1.000000000000000000e+00,-1.000000000000000000e+00,-1.000000000000000000e+00
-1.000000000000000000e+00,-1.000000000000000000e+00,-1.000000000000000000e+00,-1.000000000000000000e+00,-1.000000000000000000e+00,-1.000000000000000000e+00,-1.000000000000000000e+00,-1.000000000000000000e+00,-1.000000000000000000e+00,-1.000000000000000000e+00,-1.000000000000000000e+00,-1.000000000000000000e+00,-1.000000000000000000e+00,-1.000000000000000000e+00,-1.000000000000000000e+00,-1.000000000000000000e+00,-1.000000000000000000e+00,-1.000000000000000000e+00,-1.000000000000000000e+00,-1.000000000000000000e+00,-1.000000000000000000e+00,-1.000000000000000000e+00,-1.000000000000000000e+00,-1.000000000000000000e+00,-1.000000000000000000e+00,-1.000000000000000000e+00,-1.000000000000000000e+00,-1.000000000000000000e+00,-1.000000000000000000e+00,-1.000000000000000000e+00,-1.000000000000000000e+00,-1.000000000000000000e+00,-1.000000000000000000e+00,-1.000000000000000000e+00,-1.000000000000000000e+00,-1.000000000000000000e+00,-1.000000000000000000e+00,-1.000000000000000000e+00,-1.000000000000000000e+00,-1.000000000000000000e+00,-1.000000000000000000e+00,-1.000000000000000000e+00,-1.000000000000000000e+00,-1.000000000000000000e+00,-1.000000000000000000e+00,-1.000000000000000000e+00,-7.809603235175801572e-01,-7.809768134233796566e-01,-7.810262469908800798e-01,-7.811084752145445176e-01,-7.812231066156782866e-01,-7.813691697392313174e-01,-7.815443702105620005e-01,-7.817434805030619716e-01,-7.819549844942788042e-01,-7.821543110138277077e-01,-7.822906339757745853e-01,-7.822619554126325481e-01,-7.818695796969982181e-01,-7.807376295029436752e-01,-7.781755526773268539e-01,-7.729518688941808824e-01,-7.629379900194195319e-01,-7.445793865452425830e-01,-7.121781212548434770e-01,-6.570760169757731139e-01,-5.671260906927464429e-01,-4.275666878656347869e-01,-2.259407579596081073e-01,3.389874506116941077e-02,3.035294335402392019e-01,4.646472067849389820e-01,4.646472070480864858e-01,3.035294344109027431e-01,3.389874671850723331e-02,-2.259407552646286454e-01,-4.275666838583463969e-01,-5.671260851415386162e-01,-6.570760097166883362e-01,-7.121781122246211293e-01,-7.445793758034262577e-01,-7.629379777687359532e-01,-7.729518555840741989e-01,-7.781755389802039735e-01,-7.807376163286597892e-01,-7.818695679923273190e-01,-7.822619460733635233e-01,-7.822906275679092358e-01,-7.821543080476937027e-01,-7.819549853756017077e-01,-7.817434847909127127e-01,-7.815443757955256032e-01,-7.813691741365842436e-01,-7.812231094374472162e-01,-7.811084775682648473e-01,-7.810262489626107474e-01,-7.809768156309033760e-01,-7.809603253629807673e-01,-1.000000000000000000e+00,-1.000000000000000000e+00,-1.000000000000000000e+00,-1.000000000000000000e+00,-1.000000000000000000e+00,-1.000000000000000000e+00,-1.000000000000000000e+00,-1.000000000000000000e+00,-1.000000000000000000e+00,-1.000000000000000000e+00,-1.000000000000000000e+00,-1.000000000000000000e+00,-1.000000000000000000e+00,-1.000000000000000000e+00,-1.000000000000000000e+00,-1.000000000000000000e+00,-1.000000000000000000e+00,-1.000000000000000000e+00,-1.000000000000000000e+00,-1.000000000000000000e+00,-1.000000000000000000e+00,-1.000000000000000000e+00,-1.000000000000000000e+00,-1.000000000000000000e+00,-1.000000000000000000e+00,-1.000000000000000000e+00,-1.000000000000000000e+00,-1.000000000000000000e+00,-1.000000000000000000e+00,-1.000000000000000000e+00,-1.000000000000000000e+00,-1.000000000000000000e+00,-1.000000000000000000e+00,-1.000000000000000000e+00,-1.000000000000000000e+00,-1.000000000000000000e+00,-1.000000000000000000e+00,-1.000000000000000000e+00,-1.000000000000000000e+00,-1.000000000000000000e+00,-1.000000000000000000e+00,-1.000000000000000000e+00,-1.000000000000000000e+00,-1.000000000000000000e+00,-1.000000000000000000e+00,-1.000000000000000000e+00
-1.000000000000000000e+00,-1.000000000000000000e+00,-1.000000000000000000e+00,-1.000000000000000000e+00,-1.000000000000000000e+00,-1.000000000000000000e+00,-1.000000000000000000e+00,-1.000000000000000000e+00,-1.000000000000000000e+00,-1.000000000000000000e+00,-1.000000000000000000e+00,-1.000000000000000000e+00,-1.000000000000000000e+00,-1.000000000000000000e+00,-1.000000000000000000e+00,-1.000000000000000000e+00,-1.000000000000000000e+00,-1.000000000000000000e+00,-1.000000000000000000e+00,-1.000000000000000000e+00,-1.000000000000000000e+00,-1.000000000000000000e+00,-1.000000000000000000e+00,-1.000000000000000000e+00,-1.000000000000000000e+00,-1.000000000000000000e+00,-1.000000000000000000e+00,-1.000000000000000000e+00,-1.000000000000000000e+00,-1.000000000000000000e+00,-1.000000000000000000e+00,-1.000000000000000000e+00,-1.000000000000000000e+00,-1.000000000000000000e+00,-1.000000000000000000e+00,-1.000000000000000000e+00,-1.000000000000000000e+00,-1.000000000000000000e+00,-1.000000000000000000e+00,-1.000000000000000000e+00,-1.000000000000000000e+00,-1.000000000000000000e+00,-1.000000000000000000e+00,-1.000000000000000000e+00,-1.000000000000000000e+00,-1.000000000000000000e+00,-7.802995134535652966e-01,-7.803160504862456381e-01,-7.803656252862681830e-01,-7.804480886872039447e-01,-7.805630481740646331e-01,-7.807095306226392584e-01,-7.808852390151246325e-01,-7.810849416994021244e-01,-7.812971162322481788e-01,-7.814971814602444944e-01,-7.816342951407239115e-01,-7.816064321502401713e-01,-7.812148486671876002e-01,-7.800835796007121736e-01,-7.775219116325929880e-01,-7.722980711637820184e-01,-7.622829488775662021e-01,-7.439211217702479395e-01,-7.115131941829226925e-01,-6.563987612962399742e-01,-5.664277530000552119e-01,-4.268349005892508874e-01,-2.251603972390177066e-01,3.474124885535734286e-02,3.044355977885822018e-01,4.655915629209039786e-01,4.655915634913720957e-01,3.044355995056442499e-01,3.474125172290087882e-02,-2.251603931551263704e-01,-4.268348952118748985e-01,-5.664277462775266780e-01,-6.563987531938945130e-01,-7.115131847232913920e-01,-7.439211110324348564e-01,-7.622829370582397956e-01,-7.722980586905602296e-01,-7.775218991039951622e-01,-7.800835678545247065e-01,-7.812148385634792858e-01,-7.816064244600272604e-01,-7.816342903038152601e-01,-7.814971799326436708e-01,-7.812971184290934401e-01,-7.810849469148853919e-01,-7.808852449175485155e-01,-7.807095349067767476e-01,-7.805630506598393303e-01,-7.804480904264019525e-01,-7.803656262671097021e-01,-7.803160511853752812e-01,-7.802995136455431746e-01,-1.000000000000000000e+00,-1.000000000000000000e+00,-1.000000000000000000e+00,-1.000000000000000000e+00,-1.000000000000000000e+00,-1.000000000000000000e+00,-1.000000000000000000e+00,-1.000000000000000000e+00,-1.000000000000000000e+00,-1.000000000000000000e+00,-1.000000000000000000e+00,-1.000000000000000000e+00,-1.000000000000000000e+00,-1.000000000000000000e+00,-1.000000000000000000e+00,-1.000000000000000000e+00,-1.000000000000000000e+00,-1.000000000000000000e+00,-1.000000000000000000e+00,-1.000000000000000000e+00,-1.000000000000000000e+00,-1.000000000000000000e+00,-1.000000000000000000e+00,-1.000000000000000000e+00,-1.000000000000000000e+00,-1.000000000000000000e+00,-1.000000000000000000e+00,-1.000000000000000000e+00,-1.000000000000000000e+00,-1.000000000000000000e+00,-1.000000000000000000e+00,-1.000000000000000000e+00,-1.000000000000000000e+00,-1.000000000000000000e+00,-1.000000000000000000e+00,-1.000000000000000000e+00,-1.000000000000000000e+00,-1.000000000000000000e+00,-1.000000000000000000e+00,-1.000000000000000000e+00,-1.000000000000000000e+00,-1.000000000000000000e+00,-1.000000000000000000e+00,-1.000000000000000000e+00,-1.000000000000000000e+00,-1.000000000000000000e+00
-1.000000000000000000e+00,-1.000000000000000000e+00,-1.000000000000000000e+00,-1.000000000000000000e+00,-1.000000000000000000e+00,-1.000000000000000000e+00,-1.000000000000000000e+00,-1.000000000000000000e+00,-1.000000000000000000e+00,-1.000000000000000000e+00,-1.000000000000000000e+00,-1.000000000000000000e+00,-1.000000000000000000e+00,-1.000000000000000000e+00,-1.000000000000000000e+00,-1.000000000000000000e+00,-1.000000000000000000e+00,-1.000000000000000000e+00,-1.000000000000000000e+00,-1.000000000000000000e+00,-1.000000000000000000e+00,-1.000000000000000000e+00,-1.000000000000000000e+00,-1.000000000000000000e+00,-1.000000000000000000e+00,-1.000000000000000000e+00,-1.000000000000000000e+00,-1.000000000000000000e+00,-1.000000000000000000e+00,-1.000000000000000000e+00,-1.000000000000000000e+00,-1.000000000000000000e+00,-1.000000000000000000e+00,-1.000000000000000000e+00,-1.000000000000000000e+00,-1.000000000000000000e+00,-1.000000000000000000e+00,-1.000000000000000000e+00,-1.000000000000000000e+00,-1.000000000000000000e+00,-1.000000000000000000e+00,-1.000000000000000000e+00,-1.000000000000000000e+00,-1.000000000000000000e+00,-1.000000000000000000e+00,-1.000000000000000000e+00,-7.796605019880138432e-01,-7.796770880429255701e-01,-7.797268095012114264e-01,-7.798095163496150395e-01,-7.799248139022669779e-01,-7.800717260280649601e-01,-7.802479515235311025e-01,-7.804482530745147084e-01,-7.806611005128596403e-01,-7.808619016262949852e-01,-7.809997975395779335e-01,-7.809727363649224818e-01,-7.805819277274798074e-01,-7.794513226415067386e-01,-7.768900539602774380e-01,-7.716660678857587552e-01,-7.616497560423054480e-01,-7.432848380975198843e-01,-7.108705160428123726e-01,-6.557442391410226445e-01,-5.657529581075437797e-01,-4.261279094310409521e-01,-2.244066105163163849e-01,3.555495148617038303e-02,3.053107159705268359e-01,4.665035299586965944e-01,4.665035309260745500e-01,3.053107187695145441e-01,3.555495588214796499e-02,-2.244066047026608279e-01,-4.261279023764256157e-01,-5.657529499894826674e-01,-6.557442301083977743e-01,-7.108705062317681733e-01,-7.432848276158567913e-01,-7.616497450839556649e-01,-7.716660568066141535e-01,-7.768900432458722971e-01,-7.794513129552778086e-01,-7.805819197512138263e-01,-7.809727306588386542e-01,-7.809997943938021825e-01,-7.808619013950792720e-01,-7.806611036089278199e-01,-7.804482585907637215e-01,-7.802479570240955509e-01,-7.800717294786951861e-01,-7.799248153795215188e-01,-7.798095169062986276e-01,-7.797268091056852590e-01,-7.796770870097800010e-01,-7.796605003807109968e-01,-1.000000000000000000e+00,-1.000000000000000000e+00,-1.000000000000000000e+00,-1.000000000000000000e+00,-1.000000000000000000e+00,-1.000000000000000000e+00,-1.000000000000000000e+00,-1.000000000000000000e+00,-1.000000000000000000e+00,-1.000000000000000000e+00,-1.000000000000000000e+00,-1.000000000000000000e+00,-1.000000000000000000e+00,-1.000000000000000000e+00,-1.000000000000000000e+00,-1.000000000000000000e+00,-1.000000000000000000e+00,-1.000000000000000000e+00,-1.000000000000000000e+00,-1.000000000000000000e+00,-1.000000000000000000e+00,-1.000000000000000000e+00,-1.000000000000000000e+00,-1.000000000000000000e+00,-1.000000000000000000e+00,-1.000000000000000000e+00,-1.000000000000000000e+00,-1.000000000000000000e+00,-1.000000000000000000e+00,-1.000000000000000000e+00,-1.000000000000000000e+00,-1.000000000000000000e+00,-1.000000000000000000e+00,-1.000000000000000000e+00,-1.000000000000000000e+00,-1.000000000000000000e+00,-1.000000000000000000e+00,-1.000000000000000000e+00,-1.000000000000000000e+00,-1.000000000000000000e+00,-1.000000000000000000e+00,-1.000000000000000000e+00,-1.000000000000000000e+00,-1.000000000000000000e+00,-1.000000000000000000e+00,-1.000000000000000000e+00
-1.000000000000000000e+00,-1.000000000000000000e+00,-1.000000000000000000e+00,-1.000000000000000000e+00,-1.000000000000000000e+00,-1.000000000000000000e+00,-1.000000000000000000e+00,-1.000000000000000000e+00,-1.000000000000000000e+00,-1.000000000000000000e+00,-1.000000000000000000e+00,-1.000000000000000000e+00,-1.000000000000000000e+00,-1.000000000000000000e+00,-1.000000000000000000e+00,-1.000000000000000000e+00,-1.000000000000000000e+00,-1.000000000000000000e+00,-1.000000000000000000e+00,-1.000000000000000000e+00,-1.000000000000000000e+00,-1.000000000000000000e+00,-1.000000000000000000e+00,-1.000000000000000000e+00,-1.000000000000000000e+00,-1.000000000000000000e+00,-1.000000000000000000e+00,-1.000000000000000000e+00,-1.000000000000000000e+00,-1.000000000000000000e+00,-1.000000000000000000e+00,-1.000000000000000000e+00,-1.000000000000000000e+00,-1.000000000000000000e+00,-1.000000000000000000e+00,-1.000000000000000000e+00,-1.000000000000000000e+00,-1.000000000000000000e+00,-1.000000000000000000e+00,-1.000000000000000000e+00,-1.000000000000000000e+00,-1.000000000000000000e+00,-1.000000000000000000e+00,-1.000000000000000000e+00,-1.000000000000000000e+00,-1.000000000000000000e+00,-7.790438289184259402e-01,-7.790604632940374419e-01,-7.791103291761473093e-01,-7.791932753357186936e-01,-7.793089043480626588e-01,-7.794562364519250774e-01,-7.796329655430077610e-01,-7.798338480002249273e-01,-7.800473454085797842e-01,-7.802488542723572396e-01,-7.803874993524398951e-01,-7.803612029624316104e-01,-7.799711302586368467e-01,-7.788411524635339145e-01,-7.762802559705105354e-01,-7.710561196801418715e-01,-7.610386579258635598e-01,-7.426707687093307975e-01,-7.102503072423302921e-01,-6.551126582321046277e-01,-5.651019012776730133e-01,-4.254458983360482893e-01,-2.236795733703929034e-01,3.633968079074034740e-02,3.061546144357023547e-01,4.673829327185172744e-01,4.673829341220434586e-01,3.061546184372945234e-01,3.633968689037736510e-02,-2.236795656568494328e-01,-4.254458894680505088e-01,-5.651018916774844802e-01,-6.551126482697847697e-01,-7.102502971936635046e-01,-7.426707587340155570e-01,-7.610386482115663043e-01,-7.710561104626407758e-01,-7.762802475915355771e-01,-7.788411453309244115e-01,-7.799711248014706833e-01,-7.803611994591602707e-01,-7.803874979261230527e-01,-7.802488551400821315e-01,-7.800473489556795093e-01,-7.798338531833683973e-01,-7.796329699478696806e-01,-7.794562383974823483e-01,-7.793089042188364735e-01,-7.791932742398657297e-01,-7.791103271260101382e-01,-7.790604604300217506e-01,-7.790438254887586123e-01,-1.000000000000000000e+00,-1.000000000000000000e+00,-1.000000000000000000e+00,-1.000000000000000000e+00,-1.000000000000000000e+00,-1.000000000000000000e+00,-1.000000000000000000e+00,-1.000000000000000000e+00,-1.000000000000000000e+00,-1.000000000000000000e+00,-1.000000000000000000e+00,-1.000000000000000000e+00,-1.000000000000000000e+00,-1.000000000000000000e+00,-1.000000000000000000e+00,-1.000000000000000000e+00,-1.000000000000000000e+00,-1.000000000000000000e+00,-1.000000000000000000e+00,-1.000000000000000000e+00,-1.000000000000000000e+00,-1.000000000000000000e+00,-1.000000000000000000e+00,-1.000000000000000000e+00,-1.000000000000000000e+00,-1.000000000000000000e+00,-1.000000000000000000e+00,-1.000000000000000000e+00,-1.000000000000000000e+00,-1.000000000000000000e+00,-1.000000000000000000e+00,-1.000000000000000000e+00,-1.000000000000000000e+00,-1.000000000000000000e+00,-1.000000000000000000e+00,-1.000000000000000000e+00,-1.000000000000000000e+00,-1.000000000000000000e+00,-1.000000000000000000e+00,-1.000000000000000000e+00,-1.000000000000000000e+00,-1.000000000000000000e+00,-1.000000000000000000e+00,-1.000000000000000000e+00,-1.000000000000000000e+00,-1.000000000000000000e+00
-1.000000000000000000e+00,-1.000000000000000000e+00,-1.000000000000000000e+00,-1.000000000000000000e+00,-1.000000000000000000e+00,-1.000000000000000000e+00,-1.000000000000000000e+00,-1.000000000000000000e+00,-1.000000000000000000e+00,-1.000000000000000000e+00,-1.000000000000000000e+00,-1.000000000000000000e+00,-1.000000000000000000e+00,-1.000000000000000000e+00,-1.000000000000000000e+00,-1.000000000000000000e+00,-1.000000000000000000e+00,-1.000000000000000000e+00,-1.000000000000000000e+00,-1.000000000000000000e+00,-1.000000000000000000e+00,-1.000000000000000000e+00,-1.000000000000000000e+00,-1.000000000000000000e+00,-1.000000000000000000e+00,-1.000000000000000000e+00,-1.000000000000000000e+00,-1.000000000000000000e+00,-1.000000000000000000e+00,-1.000000000000000000e+00,-1.000000000000000000e+00,-1.000000000000000000e+00,-1.000000000000000000e+00,-1.000000000000000000e+00,-1.000000000000000000e+00,-1.000000000000000000e+00,-1.000000000000000000e+00,-1.000000000000000000e+00,-1.000000000000000000e+00,-1.000000000000000000e+00,-1.000000000000000000e+00,-1.000000000000000000e+00,-1.000000000000000000e+00,-1.000000000000000000e+00,-1.000000000000000000e+00,-1.000000000000000000e+00,-7.784498510431434593e-01,-7.784665315377296002e-01,-7.785165351903494679e-01,-7.785997093745078423e-01,-7.787156537165285108e-01,-7.788633846363552937e-01,-7.790405909095896586e-01,-7.792420225005769474e-01,-7.794561327565552311e-01,-7.796583071839597867e-01,-7.797976548934479890e-01,-7.797720736563701349e-01,-7.793826865057369435e-01,-7.782532890460568398e-01,-7.756927285113378590e-01,-7.704684291615695457e-01,-7.604498494759392990e-01,-7.420791009443061803e-01,-7.096527471138958099e-01,-6.545041891586644844e-01,-5.644747437624102471e-01,-4.247890195241039724e-01,-2.229794310383386158e-01,3.709529444383030672e-02,3.069671495091008673e-01,4.682296262071512505e-01,4.682296280366839980e-01,3.069671546904744197e-01,3.709530221005796768e-02,-2.229794214849196710e-01,-4.247890089211854292e-01,-5.644747327854582331e-01,-6.545041784018246211e-01,-7.096527369938900875e-01,-7.420790917017388022e-01,-7.604498412856255385e-01,-7.704684221228234042e-01,-7.756927227890872967e-01,-7.782532847481107297e-01,-7.793826837608253122e-01,-7.797720724174417306e-01,-7.797976551044411009e-01,-7.796583089197408611e-01,-7.794561363295270384e-01,-7.792420267909812015e-01,-7.790405936426719746e-01,-7.788633845465928740e-01,-7.787156515360207365e-01,-7.785997063047196409e-01,-7.785165313327641057e-01,-7.784665268634394231e-01,-7.784498458777654450e-01,-1.000000000000000000e+00,-1.000000000000000000e+00,-1.000000000000000000e+00,-1.000000000000000000e+00,-1.000000000000000000e+00,-1.000000000000000000e+00,-1.000000000000000000e+00,-1.000000000000000000e+00,-1.000000000000000000e+00,-1.000000000000000000e+00,-1.000000000000000000e+00,-1.000000000000000000e+00,-1.000000000000000000e+00,-1.000000000000000000e+00,-1.000000000000000000e+00,-1.000000000000000000e+00,-1.000000000000000000e+00,-1.000000000000000000e+00,-1.000000000000000000e+00,-1.000000000000000000e+00,-1.000000000000000000e+00,-1.000000000000000000e+00,-1.000000000000000000e+00,-1.000000000000000000e+00,-1.000000000000000000e+00,-1.000000000000000000e+00,-1.000000000000000000e+00,-1.000000000000000000e+00,-1.000000000000000000e+00,-1.000000000000000000e+00,-1.000000000000000000e+00,-1.000000000000000000e+00,-1.000000000000000000e+00,-1.000000000000000000e+00,-1.000000000000000000e+00,-1.000000000000000000e+00,-1.000000000000000000e+00,-1.000000000000000000e+00,-1.000000000000000000e+00,-1.000000000000000000e+00,-1.000000000000000000e+00,-1.000000000000000000e+00,-1.000000000000000000e+00,-1.000000000000000000e+00,-1.000000000000000000e+00,-1.000000000000000000e+00
-1.000000000000000000e+00,-1.000000000000000000e+00,-1.000000000000000000e+00,-1.000000000000000000e+00,-1.000000000000000000e+00,-1.000000000000000000e+00,-1.000000000000000000e+00,-1.000000000000000000e+00,-1.000000000000000000e+00,-1.000000000000000000e+00,-1.000000000000000000e+00,-1.000000000000000000e+00,-1.000000000000000000e+00,-1.000000000000000000e+00,-1.000000000000000000e+00,-1.000000000000000000e+00,-1.000000000000000000e+00,-1.000000000000000000e+00,-1.000000000000000000e+00,-1.000000000000000000e+00,-1.000000000000000000e+00,-1.000000000000000000e+00,-1.000000000000000000e+00,-1.000000000000000000e+00,-1.000000000000000000e+00,-1.000000000000000000e+00,-1.000000000000000000e+00,-1.000000000000000000e+00,-1.000000000000000000e+00,-1.000000000000000000e+00,-1.000000000000000000e+00,-1.000000000000000000e+00,-1.000000000000000000e+00,-1.000000000000000000e+00,-1.000000000000000000e+00,-1.000000000000000000e+00,-1.000000000000000000e+00,-1.000000000000000000e+00,-1.000000000000000000e+00,-1.000000000000000000e+00,-1.000000000000000000e+00,-1.000000000000000000e+00,-1.000000000000000000e+00,-1.000000000000000000e+00,-1.000000000000000000e+00,-1.000000000000000000e+00,-7.778788023770398796e-01,-7.778955259878541639e-01,-7.779456584007881093e-01,-7.780290455195225663e-01,-7.781452840366859247e-01,-7.782933866267088829e-01,-7.784710370190154327e-01,-7.786729789613792141e-01,-7.788876578789984961e-01,-7.790904488529152294e-01,-7.792304463008403737e-01,-7.792055248370716170e-01,-7.788167678406091587e-01,-7.776878994472353757e-01,-7.751276349103077834e-01,-7.699031562322988798e-01,-7.598834871474527963e-01,-7.415099872929200586e-01,-7.090779832386171488e-01,-6.539189733420238682e-01,-5.638716196905670941e-01,-4.241573995709756462e-01,-2.223063039472119584e-01,3.782167478742892719e-02,3.077482025016187173e-01,4.690434906639524559e-01,4.690434928587721153e-01,3.077482086734830702e-01,3.782168392353213449e-02,-2.223062928895358503e-01,-4.241573875638799951e-01,-5.638716076574992186e-01,-6.539189620779535250e-01,-7.090779732919221257e-01,-7.415099789923864648e-01,-7.598834806338511383e-01,-7.699031514901677475e-01,-7.751276319066888743e-01,-7.776878980019965582e-01,-7.788167677622692686e-01,-7.792055257391398149e-01,-7.792304479448814991e-01,-7.790904511980710767e-01,-7.788876611074324607e-01,-7.786729819315189038e-01,-7.784710376962775680e-01,-7.782933841973378453e-01,-7.781452795886902862e-01,-7.780290403504478425e-01,-7.779456527164347879e-01,-7.778955196138588324e-01,-7.778787956283956806e-01,-1.000000000000000000e+00,-1.000000000000000000e+00,-1.000000000000000000e+00,-1.000000000000000000e+00,-1.000000000000000000e+00,-1.000000000000000000e+00,-1.000000000000000000e+00,-1.000000000000000000e+00,-1.000000000000000000e+00,-1.000000000000000000e+00,-1.000000000000000000e+00,-1.000000000000000000e+00,-1.000000000000000000e+00,-1.000000000000000000e+00,-1.000000000000000000e+00,-1.000000000000000000e+00,-1.000000000000000000e+00,-1.000000000000000000e+00,-1.000000000000000000e+00,-1.000000000000000000e+00,-1.000000000000000000e+00,-1.000000000000000000e+00,-1.000000000000000000e+00,-1.000000000000000000e+00,-1.000000000000000000e+00,-1.000000000000000000e+00,-1.000000000000000000e+00,-1.000000000000000000e+00,-1.000000000000000000e+00,-1.000000000000000000e+00,-1.000000000000000000e+00,-1.000000000000000000e+00,-1.000000000000000000e+00,-1.000000000000000000e+00,-1.000000000000000000e+00,-1.000000000000000000e+00,-1.000000000000000000e+00,-1.000000000000000000e+00,-1.000000000000000000e+00,-1.000000000000000000e+00,-1.000000000000000000e+00,-1.000000000000000000e+00,-1.000000000000000000e+00,-1.000000000000000000e+00,-1.000000000000000000e+00,-1.000000000000000000e+00
-1.000000000000000000e+00,-1.000000000000000000e+00,-1.000000000000000000e+00,-1.000000000000000000e+00,-1.000000000000000000e+00,-1.000000000000000000e+00,-1.000000000000000000e+00,-1.000000000000000000e+00,-1.000000000000000000e+00,-1.000000000000000000e+00,-1.000000000000000000e+00,-1.000000000000000000e+00,-1.000000000000000000e+00,-1.000000000000000000e+00,-1.000000000000000000e+00,-1.000000000000000000e+00,-1.000000000000000000e+00,-1.000000000000000000e+00,-1.000000000000000000e+00,-1.000000000000000000e+00,-1.000000000000000000e+00,-1.000000000000000000e+00,-1.000000000000000000e+00,-1.000000000000000000e+00,-1.000000000000000000e+00,-1.000000000000000000e+00,-1.000000000000000000e+00,-1.000000000000000000e+00,-1.000000000000000000e+00,-1.000000000000000000e+00,-1.000000000000000000e+00,-1.000000000000000000e+00,-1.000000000000000000e+00,-1.000000000000000000e+00,-1.000000000000000000e+00,-1.000000000000000000e+00,-1.000000000000000000e+00,-1.000000000000000000e+00,-1.000000000000000000e+00,-1.000000000000000000e+00,-1.000000000000000000e+00,-1.000000000000000000e+00,-1.000000000000000000e+00,-1.000000000000000000e+00,-1.000000000000000000e+00,-1.000000000000000000e+00,-7.773308349004839357e-01,-7.773475982648713201e-01,-7.773978493691686698e-01,-7.774814326388621577e-01,-7.775979419843014329e-01,-7.777463865569614887e-01,-7.779244452922275954e-01,-7.781268560785157273e-01,-7.783420569006538337e-01,-7.785454131307814052e-01,-7.786860055444410067e-01,-7.786616870421231296e-01,-7.782735038313196574e-01,-7.771451126394527398e-01,-7.745851037808315631e-01,-7.693604291003418583e-01,-7.593396983420932500e-01,-7.409635535014813534e-01,-7.085261384130110418e-01,-6.533571290755912919e-01,-5.632926413775543040e-01,-4.235511441615532613e-01,-2.216602921220560685e-01,3.851872460123528796e-02,3.084976756025308298e-01,4.698244275103833356e-01,4.698244299272753555e-01,3.084976823758105446e-01,3.851873456995891232e-02,-2.216602801655846999e-01,-4.235511313761323171e-01,-5.632926288632865708e-01,-6.533571177583965550e-01,-7.085261289599524837e-01,-7.409635463148618317e-01,-7.593396935238274637e-01,-7.693604265619450322e-01,-7.745851032906573286e-01,-7.771451137801390630e-01,-7.782735060978976938e-01,-7.786616897464081477e-01,-7.786860082863372723e-01,-7.785454157995500557e-01,-7.783420595013310628e-01,-7.781268574878600353e-01,-7.779244437805250545e-01,-7.777463817594753026e-01,-7.775979353064976785e-01,-7.774814254476893893e-01,-7.773978419690887876e-01,-7.773475903805038278e-01,-7.773308267742959909e-01,-1.000000000000000000e+00,-1.000000000000000000e+00,-1.000000000000000000e+00,-1.000000000000000000e+00,-1.000000000000000000e+00,-1.000000000000000000e+00,-1.000000000000000000e+00,-1.000000000000000000e+00,-1.000000000000000000e+00,-1.000000000000000000e+00,-1.000000000000000000e+00,-1.000000000000000000e+00,-1.000000000000000000e+00,-1.000000000000000000e+00,-1.000000000000000000e+00,-1.000000000000000000e+00,-1.000000000000000000e+00,-1.000000000000000000e+00,-1.000000000000000000e+00,-1.000000000000000000e+00,-1.000000000000000000e+00,-1.000000000000000000e+00,-1.000000000000000000e+00,-1.000000000000000000e+00,-1.000000000000000000e+00,-1.000000000000000000e+00,-1.000000000000000000e+00,-1.000000000000000000e+00,-1.000000000000000000e+00,-1.000000000000000000e+00,-1.000000000000000000e+00,-1.000000000000000000e+00,-1.000000000000000000e+00,-1.000000000000000000e+00,-1.000000000000000000e+00,-1.000000000000000000e+00,-1.000000000000000000e+00,-1.000000000000000000e+00,-1.000000000000000000e+00,-1.000000000000000000e+00,-1.000000000000000000e+00,-1.000000000000000000e+00,-1.000000000000000000e+00,-1.000000000000000000e+00,-1.000000000000000000e+00,-1.000000000000000000e+00
-1.000000000000000000e+00,-1.000000000000000000e+00,-1.000000000000000000e+00,-1.000000000000000000e+00,-1.000000000000000000e+00,-1.000000000000000000e+00,-1.000000000000000000e+00,-1.000000000000000000e+00,-1.000000000000000000e+00,-1.000000000000000000e+00,-1.000000000000000000e+00,-1.000000000000000000e+00,-1.000000000000000000e+00,-1.000000000000000000e+00,-1.000000000000000000e+00,-1.000000000000000000e+00,-1.000000000000000000e+00,-1.000000000000000000e+00,-1.000000000000000000e+00,-1.000000000000000000e+00,-1.000000000000000000e+00,-1.000000000000000000e+00,-1.000000000000000000e+00,-1.000000000000000000e+00,-1.000000000000000000e+00,-1.000000000000000000e+00,-1.000000000000000000e+00,-1.000000000000000000e+00,-1.000000000000000000e+00,-1.000000000000000000e+00,-1.000000000000000000e+00,-1.000000000000000000e+00,-1.000000000000000000e+00,-1.000000000000000000e+00,-1.000000000000000000e+00,-1.000000000000000000e+00,-1.000000000000000000e+00,-1.000000000000000000e+00,-1.000000000000000000e+00,-1.000000000000000000e+00,-1.000000000000000000e+00,-1.000000000000000000e+00,-1.000000000000000000e+00,-1.000000000000000000e+00,-1.000000000000000000e+00,-1.000000000000000000e+00,-7.768060460834175229e-01,-7.768228457501691331e-01,-7.768732052215323591e-01,-7.769569674758998179e-01,-7.770737238687026593e-01,-7.772224803164884399e-01,-7.774009113225287537e-01,-7.776037493481058327e-01,-7.778194254995285384e-01,-7.780232962150823717e-01,-7.781644296661130999e-01,-7.781406585129377884e-01,-7.777529942150539499e-01,-7.766250300155389530e-01,-7.740652381771900847e-01,-7.688403522331412887e-01,-7.588185883043739866e-01,-7.404399045643310640e-01,-7.079973158838324121e-01,-6.528187561295609731e-01,-5.627379034602378871e-01,-4.229703418540212700e-01,-2.210414786797947340e-01,3.918636369132943997e-02,3.092154884509550339e-01,4.705723559651224797e-01,4.705723583970233825e-01,3.092154952720904681e-01,3.918637372294364596e-02,-2.210414667120841337e-01,-4.229703291922715103e-01,-5.627378912645401021e-01,-6.528187453889011671e-01,-7.079973073372594072e-01,-7.404398986281259809e-01,-7.588185850635549290e-01,-7.688403515726974780e-01,-7.740652397198398704e-01,-7.766250331839555932e-01,-7.777529982350928073e-01,-7.781406624882117873e-01,-7.781644330699091228e-01,-7.780232989069494343e-01,-7.778194272921390429e-01,-7.776037491572712623e-01,-7.774009077503322152e-01,-7.772224734048115424e-01,-7.770737152520663660e-01,-7.769569585387313682e-01,-7.768731963374870819e-01,-7.768228366020646369e-01,-7.768060368146825212e-01,-1.000000000000000000e+00,-1.000000000000000000e+00,-1.000000000000000000e+00,-1.000000000000000000e+00,-1.000000000000000000e+00,-1.000000000000000000e+00,-1.000000000000000000e+00,-1.000000000000000000e+00,-1.000000000000000000e+00,-1.000000000000000000e+00,-1.000000000000000000e+00,-1.000000000000000000e+00,-1.000000000000000000e+00,-1.000000000000000000e+00,-1.000000000000000000e+00,-1.000000000000000000e+00,-1.000000000000000000e+00,-1.000000000000000000e+00,-1.000000000000000000e+00,-1.000000000000000000e+00,-1.000000000000000000e+00,-1.000000000000000000e+00,-1.000000000000000000e+00,-1.000000000000000000e+00,-1.000000000000000000e+00,-1.000000000000000000e+00,-1.000000000000000000e+00,-1.000000000000000000e+00,-1.000000000000000000e+00,-1.000000000000000000e+00,-1.000000000000000000e+00,-1.000000000000000000e+00,-1.000000000000000000e+00,-1.000000000000000000e+00,-1.000000000000000000e+00,-1.000000000000000000e+00,-1.000000000000000000e+00,-1.000000000000000000e+00,-1.000000000000000000e+00,-1.000000000000000000e+00,-1.000000000000000000e+00,-1.000000000000000000e+00,-1.000000000000000000e+00,-1.000000000000000000e+00,-1.000000000000000000e+00,-1.000000000000000000e+00
-1.000000000000000000e+00,-1.000000000000000000e+00,-1.000000000000000000e+00,-1.000000000000000000e+00,-1.000000000000000000e+00,-1.000000000000000000e+00,-1.000000000000000000e+00,-1.000000000000000000e+00,-1.000000000000000000e+00,-1.000000000000000000e+00,-1.000000000000000000e+00,-1.000000000000000000e+00,-1.000000000000000000e+00,-1.000000000000000000e+00,-1.000000000000000000e+00,-1.000000000000000000e+00,-1.000000000000000000e+00,-1.000000000000000000e+00,-1.000000000000000000e+00,-1.000000000000000000e+00,-1.000000000000000000e+00,-1.000000000000000000e+00,-1.000000000000000000e+00,-1.000000000000000000e+00,-1.000000000000000000e+00,-1.000000000000000000e+00,-1.000000000000000000e+00,-1.000000000000000000e+00,-1.000000000000000000e+00,-1.000000000000000000e+00,-1.000000000000000000e+00,-1.000000000000000000e+00,-1.000000000000000000e+00,-1.000000000000000000e+00,-1.000000000000000000e+00,-1.000000000000000000e+00,-1.000000000000000000e+00,-1.000000000000000000e+00,-1.000000000000000000e+00,-1.000000000000000000e+00,-1.000000000000000000e+00,-1.000000000000000000e+00,-1.000000000000000000e+00,-1.000000000000000000e+00,-1.000000000000000000e+00,-1.000000000000000000e+00,-7.763044974413202404e-01,-7.763213300295344066e-01,-7.763717877661105993e-01,-7.764557122460685745e-01,-7.765726925356556398e-01,-7.767217316074990219e-01,-7.769004999521077481e-01,-7.771037250652456096e-01,-7.773198317671651258e-01,-7.775241683405912374e-01,-7.776657913267861488e-01,-7.776425146208310046e-01,-7.772553172661037513e-01,-7.761277328024931421e-01,-7.735681221331706103e-01,-7.683430121015353276e-01,-7.583202451831985158e-01,-7.399391291811283633e-01,-7.074916033192573117e-01,-6.523039392894796062e-01,-5.622074861179807703e-01,-4.224150671238371402e-01,-2.204499327099842532e-01,3.982452614475739949e-02,3.099015753721963140e-01,4.712872102049512346e-01,4.712872124256572981e-01,3.099015815918224614e-01,3.982453526557327983e-02,-2.204499218662938631e-01,-4.224150557011032703e-01,-5.622074752176696721e-01,-6.523039298852879586e-01,-7.074915961226551087e-01,-7.399391245753978996e-01,-7.583202432839634133e-01,-7.683430127986093927e-01,-7.735681249942863991e-01,-7.761277371770236577e-01,-7.772553222162951192e-01,-7.776425191841890294e-01,-7.776657948997515168e-01,-7.775241707787603485e-01,-7.773198327018410181e-01,-7.771037234379302161e-01,-7.769004946760202923e-01,-7.767217230561203056e-01,-7.765726824627436908e-01,-7.764557020029149159e-01,-7.763717777466605519e-01,-7.763213199254783703e-01,-7.763044872960458420e-01,-1.000000000000000000e+00,-1.000000000000000000e+00,-1.000000000000000000e+00,-1.000000000000000000e+00,-1.000000000000000000e+00,-1.000000000000000000e+00,-1.000000000000000000e+00,-1.000000000000000000e+00,-1.000000000000000000e+00,-1.000000000000000000e+00,-1.000000000000000000e+00,-1.000000000000000000e+00,-1.000000000000000000e+00,-1.000000000000000000e+00,-1.000000000000000000e+00,-1.000000000000000000e+00,-1.000000000000000000e+00,-1.000000000000000000e+00,-1.000000000000000000e+00,-1.000000000000000000e+00,-1.000000000000000000e+00,-1.000000000000000000e+00,-1.000000000000000000e+00,-1.000000000000000000e+00,-1.000000000000000000e+00,-1.000000000000000000e+00,-1.000000000000000000e+00,-1.000000000000000000e+00,-1.000000000000000000e+00,-1.000000000000000000e+00,-1.000000000000000000e+00,-1.000000000000000000e+00,-1.000000000000000000e+00,-1.000000000000000000e+00,-1.000000000000000000e+00,-1.000000000000000000e+00,-1.000000000000000000e+00,-1.000000000000000000e+00,-1.000000000000000000e+00,-1.000000000000000000e+00,-1.000000000000000000e+00,-1.000000000000000000e+00,-1.000000000000000000e+00,-1.000000000000000000e+00,-1.000000000000000000e+00,-1.000000000000000000e+00
-1.000000000000000000e+00,-1.000000000000000000e+00,-1.000000000000000000e+00,-1.000000000000000000e+00,-1.000000000000000000e+00,-1.000000000000000000e+00,-1.000000000000000000e+00,-1.000000000000000000e+00,-1.000000000000000000e+00,-1.000000000000000000e+00,-1.000000000000000000e+00,-1.000000000000000000e+00,-1.000000000000000000e+00,-1.000000000000000000e+00,-1.000000000000000000e+00,-1.000000000000000000e+00,-1.000000000000000000e+00,-1.000000000000000000e+00,-1.000000000000000000e+00,-1.000000000000000000e+00,-1.000000000000000000e+00,-1.000000000000000000e+00,-1.000000000000000000e+00,-1.000000000000000000e+00,-1.000000000000000000e+00,-1.000000000000000000e+00,-1.000000000000000000e+00,-1.000000000000000000e+00,-1.000000000000000000e+00,-1.000000000000000000e+00,-1.000000000000000000e+00,-1.000000000000000000e+00,-1.000000000000000000e+00,-1.000000000000000000e+00,-1.000000000000000000e+00,-1.000000000000000000e+00,-1.000000000000000000e+00,-1.000000000000000000e+00,-1.000000000000000000e+00,-1.000000000000000000e+00,-1.000000000000000000e+00,-1.000000000000000000e+00,-1.000000000000000000e+00,-1.000000000000000000e+00,-1.000000000000000000e+00,-1.000000000000000000e+00,-7.758262270169593577e-01,-7.758430893026870834e-01,-7.758936356901879883e-01,-7.759777064906026034e-01,-7.760948887630672033e-01,-7.762441827949654316e-01,-7.764232554928184316e-01,-7.766268298546117332e-01,-7.768433250088352393e-01,-7.770480818218981067e-01,-7.771901461105515940e-01,-7.771673144439238401e-01,-7.767805356660371086e-01,-7.756532872947118351e-01,-7.730938253315300379e-01,-7.678684813288908506e-01,-7.578447437465694048e-01,-7.394613030843033563e-01,-7.070090758456428759e-01,-6.518127511482816328e-01,-5.617014575933640952e-01,-4.218853827368536091e-01,-2.198857116598288419e-01,4.043315796476298907e-02,3.105558830974377571e-01,4.719689370943818130e-01,4.719689388401613339e-01,3.105558879858802968e-01,4.043316513758465902e-02,-2.198857031206645773e-01,-4.218853737559423722e-01,-5.617014490895358980e-01,-6.518127439068113205e-01,-7.070090704188385367e-01,-7.394612998221471445e-01,-7.578447428337325986e-01,-7.678684827066865060e-01,-7.730938286332400544e-01,-7.756532918953618072e-01,-7.767805406142966884e-01,-7.771673188436158952e-01,-7.771901493450741327e-01,-7.770480837581555944e-01,-7.768433251322806044e-01,-7.766268271081311347e-01,-7.764232490437422696e-01,-7.762441732474281153e-01,-7.760948778711125318e-01,-7.759776955168734558e-01,-7.758936249754440073e-01,-7.758430785782498562e-01,-7.758262162406487361e-01,-1.000000000000000000e+00,-1.000000000000000000e+00,-1.000000000000000000e+00,-1.000000000000000000e+00,-1.000000000000000000e+00,-1.000000000000000000e+00,-1.000000000000000000e+00,-1.000000000000000000e+00,-1.000000000000000000e+00,-1.000000000000000000e+00,-1.000000000000000000e+00,-1.000000000000000000e+00,-1.000000000000000000e+00,-1.000000000000000000e+00,-1.000000000000000000e+00,-1.000000000000000000e+00,-1.000000000000000000e+00,-1.000000000000000000e+00,-1.000000000000000000e+00,-1.000000000000000000e+00,-1.000000000000000000e+00,-1.000000000000000000e+00,-1.000000000000000000e+00,-1.000000000000000000e+00,-1.000000000000000000e+00,-1.000000000000000000e+00,-1.000000000000000000e+00,-1.000000000000000000e+00,-1.000000000000000000e+00,-1.000000000000000000e+00,-1.000000000000000000e+00,-1.000000000000000000e+00,-1.000000000000000000e+00,-1.000000000000000000e+00,-1.000000000000000000e+00,-1.000000000000000000e+00,-1.000000000000000000e+00,-1.000000000000000000e+00,-1.000000000000000000e+00,-1.000000000000000000e+00,-1.000000000000000000e+00,-1.000000000000000000e+00,-1.000000000000000000e+00,-1.000000000000000000e+00,-1.000000000000000000e+00,-1.000000000000000000e+00
-1.000000000000000000e+00,-1.000000000000000000e+00,-1.000000000000000000e+00,-1.000000000000000000e+00,-1.000000000000000000e+00,-1.000000000000000000e+00,-1.000000000000000000e+00,-1.000000000000000000e+00,-1.000000000000000000e+00,-1.000000000000000000e+00,-1.000000000000000000e+00,-1.000000000000000000e+00,-1.000000000000000000e+00,-1.000000000000000000e+00,-1.000000000000000000e+00,-1.000000000000000000e+00,-1.000000000000000000e+00,-1.000000000000000000e+00,-1.000000000000000000e+00,-1.000000000000000000e+00,-1.000000000000000000e+00,-1.000000000000000000e+00,-1.000000000000000000e+00,-1.000000000000000000e+00,-1.000000000000000000e+00,-1.000000000000000000e+00,-1.000000000000000000e+00,-1.000000000000000000e+00,-1.000000000000000000e+00,-1.000000000000000000e+00,-1.000000000000000000e+00,-1.000000000000000000e+00,-1.000000000000000000e+00,-1.000000000000000000e+00,-1.000000000000000000e+00,-1.000000000000000000e+00,-1.000000000000000000e+00,-1.000000000000000000e+00,-1.000000000000000000e+00,-1.000000000000000000e+00,-1.000000000000000000e+00,-1.000000000000000000e+00,-1.000000000000000000e+00,-1.000000000000000000e+00,-1.000000000000000000e+00,-1.000000000000000000e+00,-7.753712577370281966e-01,-7.753881467000975913e-01,-7.754387727479612469e-01,-7.755229750468090044e-01,-7.756403389272891191e-01,-7.757898622108914122e-01,-7.759692086228338059e-01,-7.761730971220555109e-01,-7.763899417271600267e-01,-7.765950765602723793e-01,-7.767375375629526069e-01,-7.767151053500190860e-01,-7.763287006474021146e-01,-7.752017485728031065e-01,-7.726424064568144789e-01,-7.674168217133625625e-01,-7.573921481150767132e-01,-7.390064915179255234e-01,-7.065497983117974279e-01,-6.513452543018976026e-01,-5.612198763053899420e-01,-4.213813416652485433e-01,-2.193488631507338749e-01,4.101221515379127602e-02,3.111783687556106681e-01,4.726174942329630646e-01,4.726174952647301808e-01,3.111783716556064672e-01,4.101221943110311408e-02,-2.193488580386225850e-01,-4.213813362848806143e-01,-5.612198711992573141e-01,-6.513452499140958141e-01,-7.065497950015241502e-01,-7.390064895997316974e-01,-7.573921478126702800e-01,-7.674168230691245096e-01,-7.726424092773697128e-01,-7.752017523751304484e-01,-7.763287046409694803e-01,-7.767151088122394853e-01,-7.767375399675434666e-01,-7.765950777980137332e-01,-7.763899411734156430e-01,-7.761730936839689177e-01,-7.759692016252357494e-01,-7.757898523753279374e-01,-7.756403279072116019e-01,-7.755229639660757845e-01,-7.754387618072614563e-01,-7.753881356790581769e-01,-7.753712465310713675e-01,-1.000000000000000000e+00,-1.000000000000000000e+00,-1.000000000000000000e+00,-1.000000000000000000e+00,-1.000000000000000000e+00,-1.000000000000000000e+00,-1.000000000000000000e+00,-1.000000000000000000e+00,-1.000000000000000000e+00,-1.000000000000000000e+00,-1.000000000000000000e+00,-1.000000000000000000e+00,-1.000000000000000000e+00,-1.000000000000000000e+00,-1.000000000000000000e+00,-1.000000000000000000e+00,-1.000000000000000000e+00,-1.000000000000000000e+00,-1.000000000000000000e+00,-1.000000000000000000e+00,-1.000000000000000000e+00,-1.000000000000000000e+00,-1.000000000000000000e+00,-1.000000000000000000e+00,-1.000000000000000000e+00,-1.000000000000000000e+00,-1.000000000000000000e+00,-1.000000000000000000e+00,-1.000000000000000000e+00,-1.000000000000000000e+00,-1.000000000000000000e+00,-1.000000000000000000e+00,-1.000000000000000000e+00,-1.000000000000000000e+00,-1.000000000000000000e+00,-1.000000000000000000e+00,-1.000000000000000000e+00,-1.000000000000000000e+00,-1.000000000000000000e+00,-1.000000000000000000e+00,-1.000000000000000000e+00,-1.000000000000000000e+00,-1.000000000000000000e+00,-1.000000000000000000e+00,-1.000000000000000000e+00,-1.000000000000000000e+00
-1.000000000000000000e+00,-1.000000000000000000e+00,-1.000000000000000000e+00,-1.000000000000000000e+00,-1.000000000000000000e+00,-1.000000000000000000e+00,-1.000000000000000000e+00,-1.000000000000000000e+00,-1.000000000000000000e+00,-1.000000000000000000e+00,-1.000000000000000000e+00,-1.000000000000000000e+00,-1.000000000000000000e+00,-1.000000000000000000e+00,-1.000000000000000000e+00,-1.000000000000000000e+00,-1.000000000000000000e+00,-1.000000000000000000e+00,-1.000000000000000000e+00,-1.000000000000000000e+00,-1.000000000000000000e+00,-1.000000000000000000e+00,-1.000000000000000000e+00,-1.000000000000000000e+00,-1.000000000000000000e+00,-1.000000000000000000e+00,-1.000000000000000000e+00,-1.000000000000000000e+00,-1.000000000000000000e+00,-1.000000000000000000e+00,-1.000000000000000000e+00,-1.000000000000000000e+00,-1.000000000000000000e+00,-1.000000000000000000e+00,-1.000000000000000000e+00,-1.000000000000000000e+00,-1.000000000000000000e+00,-1.000000000000000000e+00,-1.000000000000000000e+00,-1.000000000000000000e+00,-1.000000000000000000e+00,-1.000000000000000000e+00,-1.000000000000000000e+00,-1.000000000000000000e+00,-1.000000000000000000e+00,-1.000000000000000000e+00,-7.749396029703231603e-01,-7.749565158201142667e-01,-7.750072132265275471e-01,-7.750915333860273204e-01,-7.752090601498339284e-01,-7.753587890660607052e-01,-7.755383810382927567e-01,-7.757425514194519200e-01,-7.759597096764634383e-01,-7.761651837963725598e-01,-7.763080006470134409e-01,-7.762859261678070055e-01,-7.758998549179740856e-01,-7.747731631625298654e-01,-7.722139156201016652e-01,-7.669880864585989499e-01,-7.569625138212113802e-01,-7.385747511641376217e-01,-7.061138270078897161e-01,-6.509015029139608721e-01,-5.607627924818634479e-01,-4.209029888007744802e-01,-2.188394265877539047e-01,4.156166222017554368e-02,3.117689983164402268e-01,4.732328482687919724e-01,4.732328484194543439e-01,3.117689987499092652e-01,4.156166288077489668e-02,-2.188394257576978807e-01,-4.209029878628358645e-01,-5.607627914827438831e-01,-6.509015019085220288e-01,-7.061138261137573924e-01,-7.385747505738289309e-01,-7.569625137753243083e-01,-7.669880871689094270e-01,-7.722139171366904087e-01,-7.747731652566109961e-01,-7.758998571071493711e-01,-7.762859279828585590e-01,-7.763080017803291044e-01,-7.761651841778863803e-01,-7.759597086018258372e-01,-7.757425477237498423e-01,-7.755383740935406500e-01,-7.753587796065900539e-01,-7.752090496519405960e-01,-7.750915227936716612e-01,-7.750072025153489363e-01,-7.749565047872311041e-01,-7.749395915014826164e-01,-1.000000000000000000e+00,-1.000000000000000000e+00,-1.000000000000000000e+00,-1.000000000000000000e+00,-1.000000000000000000e+00,-1.000000000000000000e+00,-1.000000000000000000e+00,-1.000000000000000000e+00,-1.000000000000000000e+00,-1.000000000000000000e+00,-1.000000000000000000e+00,-1.000000000000000000e+00,-1.000000000000000000e+00,-1.000000000000000000e+00,-1.000000000000000000e+00,-1.000000000000000000e+00,-1.000000000000000000e+00,-1.000000000000000000e+00,-1.000000000000000000e+00,-1.000000000000000000e+00,-1.000000000000000000e+00,-1.000000000000000000e+00,-1.000000000000000000e+00,-1.000000000000000000e+00,-1.000000000000000000e+00,-1.000000000000000000e+00,-1.000000000000000000e+00,-1.000000000000000000e+00,-1.000000000000000000e+00,-1.000000000000000000e+00,-1.000000000000000000e+00,-1.000000000000000000e+00,-1.000000000000000000e+00,-1.000000000000000000e+00,-1.000000000000000000e+00,-1.000000000000000000e+00,-1.000000000000000000e+00,-1.000000000000000000e+00,-1.000000000000000000e+00,-1.000000000000000000e+00,-1.000000000000000000e+00,-1.000000000000000000e+00,-1.000000000000000000e+00,-1.000000000000000000e+00,-1.000000000000000000e+00,-1.000000000000000000e+00
-1.000000000000000000e+00,-1.000000000000000000e+00,-1.000000000000000000e+00,-1.000000000000000000e+00,-1.000000000000000000e+00,-1.000000000000000000e+00,-1.000000000000000000e+00,-1.000000000000000000e+00,-1.000000000000000000e+00,-1.000000000000000000e+00,-1.000000000000000000e+00,-1.000000000000000000e+00,-1.000000000000000000e+00,-1.000000000000000000e+00,-1.000000000000000000e+00,-1.000000000000000000e+00,-1.000000000000000000e+00,-1.000000000000000000e+00,-1.000000000000000000e+00,-1.000000000000000000e+00,-1.000000000000000000e+00,-1.000000000000000000e+00,-1.000000000000000000e+00,-1.000000000000000000e+00,-1.000000000000000000e+00,-1.000000000000000000e+00,-1.000000000000000000e+00,-1.000000000000000000e+00,-1.000000000000000000e+00,-1.000000000000000000e+00,-1.000000000000000000e+00,-1.000000000000000000e+00,-1.000000000000000000e+00,-1.000000000000000000e+00,-1.000000000000000000e+00,-1.000000000000000000e+00,-1.000000000000000000e+00,-1.000000000000000000e+00,-1.000000000000000000e+00,-1.000000000000000000e+00,-1.000000000000000000e+00,-1.000000000000000000e+00,-1.000000000000000000e+00,-1.000000000000000000e+00,-1.000000000000000000e+00,-1.000000000000000000e+00,-7.745312701948819933e-01,-7.745482043827295326e-01,-7.745989655575028499e-01,-7.746833911461556976e-01,-7.748010637173589066e-01,-7.749509767282224404e-01,-7.751307885785511109e-01,-7.753352114016989205e-01,-7.755526506237164774e-01,-7.757584286688782305e-01,-7.759015641048430112e-01,-7.758798093659952100e-01,-7.754940347056765715e-01,-7.743675709363816440e-01,-7.718083961217017119e-01,-7.665823218172225229e-01,-7.565558893412943631e-01,-7.381661316558083552e-01,-7.057012111793796727e-01,-6.504815440358423517e-01,-5.603302492682613600e-01,-4.204503621197169805e-01,-2.183574345336418698e-01,4.208147072552104184e-02,3.123277452084212147e-01,4.738149735682426478e-01,4.738149727483504936e-01,3.123277429373432224e-01,4.208146745124863308e-02,-2.183574383273145791e-01,-4.204503659711199548e-01,-5.603302527301010638e-01,-6.504815467277138552e-01,-7.057012128736281920e-01,-7.381661323647332740e-01,-7.565558893358821368e-01,-7.665823214752509607e-01,-7.718083957495638359e-01,-7.743675706523536206e-01,-7.754940344266780805e-01,-7.758798089663376807e-01,-7.759015636139937611e-01,-7.757584280741997018e-01,-7.755526491440848380e-01,-7.753352077659887431e-01,-7.751307821194803882e-01,-7.749509681265970285e-01,-7.748010542310760362e-01,-7.746833815188598482e-01,-7.745989554840154723e-01,-7.745481936029340320e-01,-7.745312586684736100e-01,-1.000000000000000000e+00,-1.000000000000000000e+00,-1.000000000000000000e+00,-1.000000000000000000e+00,-1.000000000000000000e+00,-1.000000000000000000e+00,-1.000000000000000000e+00,-1.000000000000000000e+00,-1.000000000000000000e+00,-1.000000000000000000e+00,-1.000000000000000000e+00,-1.000000000000000000e+00,-1.000000000000000000e+00,-1.000000000000000000e+00,-1.000000000000000000e+00,-1.000000000000000000e+00,-1.000000000000000000e+00,-1.000000000000000000e+00,-1.000000000000000000e+00,-1.000000000000000000e+00,-1.000000000000000000e+00,-1.000000000000000000e+00,-1.000000000000000000e+00,-1.000000000000000000e+00,-1.000000000000000000e+00,-1.000000000000000000e+00,-1.000000000000000000e+00,-1.000000000000000000e+00,-1.000000000000000000e+00,-1.000000000000000000e+00,-1.000000000000000000e+00,-1.000000000000000000e+00,-1.000000000000000000e+00,-1.000000000000000000e+00,-1.000000000000000000e+00,-1.000000000000000000e+00,-1.000000000000000000e+00,-1.000000000000000000e+00,-1.000000000000000000e+00,-1.000000000000000000e+00,-1.000000000000000000e+00,-1.000000000000000000e+00,-1.000000000000000000e+00,-1.000000000000000000e+00,-1.000000000000000000e+00,-1.000000000000000000e+00
-1.000000000000000000e+00,-1.000000000000000000e+00,-1.000000000000000000e+00,-1.000000000000000000e+00,-1.000000000000000000e+00,-1.000000000000000000e+00,-1.000000000000000000e+00,-1.000000000000000000e+00,-1.000000000000000000e+00,-1.000000000000000000e+00,-1.000000000000000000e+00,-1.000000000000000000e+00,-1.000000000000000000e+00,-1.000000000000000000e+00,-1.000000000000000000e+00,-1.000000000000000000e+00,-1.000000000000000000e+00,-1.000000000000000000e+00,-1.000000000000000000e+00,-1.000000000000000000e+00,-1.000000000000000000e+00,-1.000000000000000000e+00,-1.000000000000000000e+00,-1.000000000000000000e+00,-1.000000000000000000e+00,-1.000000000000000000e+00,-1.000000000000000000e+00,-1.000000000000000000e+00,-1.000000000000000000e+00,-1.000000000000000000e+00,-1.000000000000000000e+00,-1.000000000000000000e+00,-1.000000000000000000e+00,-1.000000000000000000e+00,-1.000000000000000000e+00,-1.000000000000000000e+00,-1.000000000000000000e+00,-1.000000000000000000e+00,-1.000000000000000000e+00,-1.000000000000000000e+00,-1.000000000000000000e+00,-1.000000000000000000e+00,-1.000000000000000000e+00,-1.000000000000000000e+00,-1.000000000000000000e+00,-1.000000000000000000e+00,-7.741462633934103055e-01,-7.741632166144607474e-01,-7.742140346722772293e-01,-7.742985544289132660e-01,-7.744163573089989372e-01,-7.745664348618495065e-01,-7.747464432704481707e-01,-7.749510917831676782e-01,-7.751687822154987861e-01,-7.753748319705843217e-01,-7.755182520820855796e-01,-7.754967825610591392e-01,-7.751112711741772188e-01,-7.739850064761433224e-01,-7.714258857502653832e-01,-7.661995683522702105e-01,-7.561723172588259434e-01,-7.377806765977861225e-01,-7.053119941072742982e-01,-6.500854188534531675e-01,-5.599222839211497327e-01,-4.200234936484537052e-01,-2.179029135841152875e-01,4.257161826050759323e-02,3.128545890852771905e-01,4.743638509038508033e-01,4.743638491704436078e-01,3.128545842582914904e-01,4.257161123950226056e-02,-2.179029218224802777e-01,-4.200235021472826791e-01,-5.599222917380219933e-01,-6.500854251585612698e-01,-7.053119983452009745e-01,-7.377806786178913168e-01,-7.561723172853495045e-01,-7.661995668318362096e-01,-7.714258832521843079e-01,-7.739850035067630252e-01,-7.751112680710791070e-01,-7.754967796323485318e-01,-7.755182497329170532e-01,-7.753748302562400996e-01,-7.751687802761060286e-01,-7.749510882622279162e-01,-7.747464374517242236e-01,-7.745664273494181629e-01,-7.744163491238333918e-01,-7.742985461032505512e-01,-7.742140255855781694e-01,-7.741632063624374060e-01,-7.741462521236436300e-01,-1.000000000000000000e+00,-1.000000000000000000e+00,-1.000000000000000000e+00,-1.000000000000000000e+00,-1.000000000000000000e+00,-1.000000000000000000e+00,-1.000000000000000000e+00,-1.000000000000000000e+00,-1.000000000000000000e+00,-1.000000000000000000e+00,-1.000000000000000000e+00,-1.000000000000000000e+00,-1.000000000000000000e+00,-1.000000000000000000e+00,-1.000000000000000000e+00,-1.000000000000000000e+00,-1.000000000000000000e+00,-1.000000000000000000e+00,-1.000000000000000000e+00,-1.000000000000000000e+00,-1.000000000000000000e+00,-1.000000000000000000e+00,-1.000000000000000000e+00,-1.000000000000000000e+00,-1.000000000000000000e+00,-1.000000000000000000e+00,-1.000000000000000000e+00,-1.000000000000000000e+00,-1.000000000000000000e+00,-1.000000000000000000e+00,-1.000000000000000000e+00,-1.000000000000000000e+00,-1.000000000000000000e+00,-1.000000000000000000e+00,-1.000000000000000000e+00,-1.000000000000000000e+00,-1.000000000000000000e+00,-1.000000000000000000e+00,-1.000000000000000000e+00,-1.000000000000000000e+00,-1.000000000000000000e+00,-1.000000000000000000e+00,-1.000000000000000000e+00,-1.000000000000000000e+00,-1.000000000000000000e+00,-1.000000000000000000e+00
-1.000000000000000000e+00,-1.000000000000000000e+00,-1.000000000000000000e+00,-1.000000000000000000e+00,-1.000000000000000000e+00,-1.000000000000000000e+00,-1.000000000000000000e+00,-1.000000000000000000e+00,-1.000000000000000000e+00,-1.000000000000000000e+00,-1.000000000000000000e+00,-1.000000000000000000e+00,-1.000000000000000000e+00,-1.000000000000000000e+00,-1.000000000000000000e+00,-1.000000000000000000e+00,-1.000000000000000000e+00,-1.000000000000000000e+00,-1.000000000000000000e+00,-1.000000000000000000e+00,-1.000000000000000000e+00,-1.000000000000000000e+00,-1.000000000000000000e+00,-1.000000000000000000e+00,-1.000000000000000000e+00,-1.000000000000000000e+00,-1.000000000000000000e+00,-1.000000000000000000e+00,-1.000000000000000000e+00,-1.000000000000000000e+00,-1.000000000000000000e+00,-1.000000000000000000e+00,-1.000000000000000000e+00,-1.000000000000000000e+00,-1.000000000000000000e+00,-1.000000000000000000e+00,-1.000000000000000000e+00,-1.000000000000000000e+00,-1.000000000000000000e+00,-1.000000000000000000e+00,-1.000000000000000000e+00,-1.000000000000000000e+00,-1.000000000000000000e+00,-1.000000000000000000e+00,-1.000000000000000000e+00,-1.000000000000000000e+00,-7.737845845883500884e-01,-7.738015547745016320e-01,-7.738524235105491700e-01,-7.739370272733072653e-01,-7.740549464294077531e-01,-7.742051708079178418e-01,-7.743853546361884055e-01,-7.745902045759562871e-01,-7.748081191861941885e-01,-7.750144113366951304e-01,-7.751580852645680864e-01,-7.751368695969307332e-01,-7.747515914172148355e-01,-7.736255000543932336e-01,-7.710664177303150346e-01,-7.658398619018089715e-01,-7.558118353295806280e-01,-7.374184245486672395e-01,-7.049462138185196292e-01,-6.497131633258423911e-01,-5.595389286501473158e-01,-4.196224104911323582e-01,-2.174758853909796175e-01,4.303208752572706963e-02,3.133495149503189303e-01,4.748794665089182132e-01,4.748794640190565630e-01,3.133495080084749418e-01,4.303207740799486203e-02,-2.174758973053614319e-01,-4.196224228560160308e-01,-5.595389401494663684e-01,-6.497131727973707305e-01,-7.049462204335026350e-01,-7.374184279215920679e-01,-7.558118355199503480e-01,-7.658398593901837303e-01,-7.710664133071833959e-01,-7.736254945141740613e-01,-7.747515854966002813e-01,-7.751368640925858644e-01,-7.751580809263697303e-01,-7.750144083096910386e-01,-7.748081165603035725e-01,-7.745902009797434040e-01,-7.743853493422236944e-01,-7.742051643445471143e-01,-7.740549395966861423e-01,-7.739370204148804389e-01,-7.738524156983760394e-01,-7.738015453987867609e-01,-7.737845740816021722e-01,-1.000000000000000000e+00,-1.000000000000000000e+00,-1.000000000000000000e+00,-1.000000000000000000e+00,-1.000000000000000000e+00,-1.000000000000000000e+00,-1.000000000000000000e+00,-1.000000000000000000e+00,-1.000000000000000000e+00,-1.000000000000000000e+00,-1.000000000000000000e+00,-1.000000000000000000e+00,-1.000000000000000000e+00,-1.000000000000000000e+00,-1.000000000000000000e+00,-1.000000000000000000e+00,-1.000000000000000000e+00,-1.000000000000000000e+00,-1.000000000000000000e+00,-1.000000000000000000e+00,-1.000000000000000000e+00,-1.000000000000000000e+00,-1.000000000000000000e+00,-1.000000000000000000e+00,-1.000000000000000000e+00,-1.000000000000000000e+00,-1.000000000000000000e+00,-1.000000000000000000e+00,-1.000000000000000000e+00,-1.000000000000000000e+00,-1.000000000000000000e+00,-1.000000000000000000e+00,-1.000000000000000000e+00,-1.000000000000000000e+00,-1.000000000000000000e+00,-1.000000000000000000e+00,-1.000000000000000000e+00,-1.000000000000000000e+00,-1.000000000000000000e+00,-1.000000000000000000e+00,-1.000000000000000000e+00,-1.000000000000000000e+00,-1.000000000000000000e+00,-1.000000000000000000e+00,-1.000000000000000000e+00,-1.000000000000000000e+00
-1.000000000000000000e+00,-1.000000000000000000e+00,-1.000000000000000000e+00,-1.000000000000000000e+00,-1.000000000000000000e+00,-1.000000000000000000e+00,-1.000000000000000000e+00,-1.000000000000000000e+00,-1.000000000000000000e+00,-1.000000000000000000e+00,-1.000000000000000000e+00,-1.000000000000000000e+00,-1.000000000000000000e+00,-1.000000000000000000e+00,-1.000000000000000000e+00,-1.000000000000000000e+00,-1.000000000000000000e+00,-1.000000000000000000e+00,-1.000000000000000000e+00,-1.000000000000000000e+00,-1.000000000000000000e+00,-1.000000000000000000e+00,-1.000000000000000000e+00,-1.000000000000000000e+00,-1.000000000000000000e+00,-1.000000000000000000e+00,-1.000000000000000000e+00,-1.000000000000000000e+00,-1.000000000000000000e+00,-1.000000000000000000e+00,-1.000000000000000000e+00,-1.000000000000000000e+00,-1.000000000000000000e+00,-1.000000000000000000e+00,-1.000000000000000000e+00,-1.000000000000000000e+00,-1.000000000000000000e+00,-1.000000000000000000e+00,-1.000000000000000000e+00,-1.000000000000000000e+00,-1.000000000000000000e+00,-1.000000000000000000e+00,-1.000000000000000000e+00,-1.000000000000000000e+00,-1.000000000000000000e+00,-1.000000000000000000e+00,-7.734462347871778887e-01,-7.734632200902289423e-01,-7.735141339439968178e-01,-7.735988125658497250e-01,-7.737168353033729851e-01,-7.738671904631178045e-01,-7.740475305411087525e-01,-7.742525598797166397e-01,-7.744706741086626600e-01,-7.746771820057772873e-01,-7.748210816667255862e-01,-7.748000913557873126e-01,-7.744150192283330014e-01,-7.732890783969990078e-01,-7.707300214804775340e-01,-7.655032341957641595e-01,-7.554744770835988277e-01,-7.370794098760380386e-01,-7.046039040612339655e-01,-6.493648089448966765e-01,-5.591802111276078513e-01,-4.192471353092711572e-01,-2.170763673019185935e-01,4.346286548252620285e-02,3.138125121666373030e-01,4.753618110714261658e-01,4.753618081088752945e-01,3.138125038948553769e-01,4.346285339090960598e-02,-2.170763816146574765e-01,-4.192471502922904270e-01,-5.591802252574340493e-01,-6.493648208300288882e-01,-7.046039126179988177e-01,-7.370794144767933709e-01,-7.554744776471074008e-01,-7.655032311822572710e-01,-7.707300157012109132e-01,-7.732890707966233457e-01,-7.744150109231884294e-01,-7.748000835528671137e-01,-7.748210753754223301e-01,-7.746771774725317306e-01,-7.744706704494119798e-01,-7.742525558088034776e-01,-7.740475254014200779e-01,-7.738671847596185760e-01,-7.737168296745657869e-01,-7.735988071949960743e-01,-7.735141276546937394e-01,-7.734632120691453672e-01,-7.734462257728247359e-01,-1.000000000000000000e+00,-1.000000000000000000e+00,-1.000000000000000000e+00,-1.000000000000000000e+00,-1.000000000000000000e+00,-1.000000000000000000e+00,-1.000000000000000000e+00,-1.000000000000000000e+00,-1.000000000000000000e+00,-1.000000000000000000e+00,-1.000000000000000000e+00,-1.000000000000000000e+00,-1.000000000000000000e+00,-1.000000000000000000e+00,-1.000000000000000000e+00,-1.000000000000000000e+00,-1.000000000000000000e+00,-1.000000000000000000e+00,-1.000000000000000000e+00,-1.000000000000000000e+00,-1.000000000000000000e+00,-1.000000000000000000e+00,-1.000000000000000000e+00,-1.000000000000000000e+00,-1.000000000000000000e+00,-1.000000000000000000e+00,-1.000000000000000000e+00,-1.000000000000000000e+00,-1.000000000000000000e+00,-1.000000000000000000e+00,-1.000000000000000000e+00,-1.000000000000000000e+00,-1.000000000000000000e+00,-1.000000000000000000e+00,-1.000000000000000000e+00,-1.000000000000000000e+00,-1.000000000000000000e+00,-1.000000000000000000e+00,-1.000000000000000000e+00,-1.000000000000000000e+00,-1.000000000000000000e+00,-1.000000000000000000e+00,-1.000000000000000000e+00,-1.000000000000000000e+00,-1.000000000000000000e+00,-1.000000000000000000e+00
-1.000000000000000000e+00,-1.000000000000000000e+00,-1.000000000000000000e+00,-1.000000000000000000e+00,-1.000000000000000000e+00,-1.000000000000000000e+00,-1.000000000000000000e+00,-1.000000000000000000e+00,-1.000000000000000000e+00,-1.000000000000000000e+00,-1.000000000000000000e+00,-1.000000000000000000e+00,-1.000000000000000000e+00,-1.000000000000000000e+00,-1.000000000000000000e+00,-1.000000000000000000e+00,-1.000000000000000000e+00,-1.000000000000000000e+00,-1.000000000000000000e+00,-1.000000000000000000e+00,-1.000000000000000000e+00,-1.000000000000000000e+00,-1.000000000000000000e+00,-1.000000000000000000e+00,-1.000000000000000000e+00,-1.000000000000000000e+00,-1.000000000000000000e+00,-1.000000000000000000e+00,-1.000000000000000000e+00,-1.000000000000000000e+00,-1.000000000000000000e+00,-1.000000000000000000e+00,-1.000000000000000000e+00,-1.000000000000000000e+00,-1.000000000000000000e+00,-1.000000000000000000e+00,-1.000000000000000000e+00,-1.000000000000000000e+00,-1.000000000000000000e+00,-1.000000000000000000e+00,-1.000000000000000000e+00,-1.000000000000000000e+00,-1.000000000000000000e+00,-1.000000000000000000e+00,-1.000000000000000000e+00,-1.000000000000000000e+00,-7.731312145571402894e-01,-7.731482133212045360e-01,-7.731991673182034841e-01,-7.732839125702770655e-01,-7.734020273957541436e-01,-7.735524987995451296e-01,-7.737329777282530019e-01,-7.739381664220255086e-01,-7.741564578966753096e-01,-7.743631572880954606e-01,-7.745072571292495045e-01,-7.744864663148397499e-01,-7.741015757137494901e-01,-7.729757652746718222e-01,-7.704167233365758483e-01,-7.651897136409689937e-01,-7.551602723082820878e-01,-7.367636629529950021e-01,-7.042850946375854848e-01,-6.490403833883122697e-01,-5.588461552889387729e-01,-4.188976870787799456e-01,-2.167043730178178640e-01,4.386394276223470889e-02,3.142435738598567951e-01,4.758108790566852875e-01,4.758108759444210634e-01,3.142435651583239675e-01,4.386393000718324942e-02,-2.167043881882028122e-01,-4.188977030842396809e-01,-5.588461705688911874e-01,-6.490403964855093744e-01,-7.042851043682017975e-01,-7.367636685592958701e-01,-7.551602735475352324e-01,-7.651897107765821548e-01,-7.704167170356726047e-01,-7.729757565498813765e-01,-7.741015658823749979e-01,-7.744864567736681193e-01,-7.745072490859501446e-01,-7.743631511040129922e-01,-7.741564528213573659e-01,-7.739381613473844679e-01,-7.737329721881411881e-01,-7.735524933878834553e-01,-7.734020226919180452e-01,-7.732839086290588249e-01,-7.731991628380018300e-01,-7.731482073404680744e-01,-7.731312080292636058e-01,-1.000000000000000000e+00,-1.000000000000000000e+00,-1.000000000000000000e+00,-1.000000000000000000e+00,-1.000000000000000000e+00,-1.000000000000000000e+00,-1.000000000000000000e+00,-1.000000000000000000e+00,-1.000000000000000000e+00,-1.000000000000000000e+00,-1.000000000000000000e+00,-1.000000000000000000e+00,-1.000000000000000000e+00,-1.000000000000000000e+00,-1.000000000000000000e+00,-1.000000000000000000e+00,-1.000000000000000000e+00,-1.000000000000000000e+00,-1.000000000000000000e+00,-1.000000000000000000e+00,-1.000000000000000000e+00,-1.000000000000000000e+00,-1.000000000000000000e+00,-1.000000000000000000e+00,-1.000000000000000000e+00,-1.000000000000000000e+00,-1.000000000000000000e+00,-1.000000000000000000e+00,-1.000000000000000000e+00,-1.000000000000000000e+00,-1.000000000000000000e+00,-1.000000000000000000e+00,-1.000000000000000000e+00,-1.000000000000000000e+00,-1.000000000000000000e+00,-1.000000000000000000e+00,-1.000000000000000000e+00,-1.000000000000000000e+00,-1.000000000000000000e+00,-1.000000000000000000e+00,-1.000000000000000000e+00,-1.000000000000000000e+00,-1.000000000000000000e+00,-1.000000000000000000e+00,-1.000000000000000000e+00,-1.000000000000000000e+00
-1.000000000000000000e+00,-1.000000000000000000e+00,-1.000000000000000000e+00,-1.000000000000000000e+00,-1.000000000000000000e+00,-1.000000000000000000e+00,-1.000000000000000000e+00,-1.000000000000000000e+00,-1.000000000000000000e+00,-1.000000000000000000e+00,-1.000000000000000000e+00,-1.000000000000000000e+00,-1.000000000000000000e+00,-1.000000000000000000e+00,-1.000000000000000000e+00,-1.000000000000000000e+00,-1.000000000000000000e+00,-1.000000000000000000e+00,-1.000000000000000000e+00,-1.000000000000000000e+00,-1.000000000000000000e+00,-1.000000000000000000e+00,-1.000000000000000000e+00,-1.000000000000000000e+00,-1.000000000000000000e+00,-1.000000000000000000e+00,-1.000000000000000000e+00,-1.000000000000000000e+00,-1.000000000000000000e+00,-1.000000000000000000e+00,-1.000000000000000000e+00,-1.000000000000000000e+00,-1.000000000000000000e+00,-1.000000000000000000e+00,-1.000000000000000000e+00,-1.000000000000000000e+00,-1.000000000000000000e+00,-1.000000000000000000e+00,-1.000000000000000000e+00,-1.000000000000000000e+00,-1.000000000000000000e+00,-1.000000000000000000e+00,-1.000000000000000000e+00,-1.000000000000000000e+00,-1.000000000000000000e+00,-1.000000000000000000e+00,-7.728395243898770195e-01,-7.728565351187971499e-01,-7.729075247880712318e-01,-7.729923292435292304e-01,-7.731105257176434931e-01,-7.732611001565107278e-01,-7.734417021099182499e-01,-7.736470319123754935e-01,-7.738654802024571566e-01,-7.740723489433443127e-01,-7.742166256788909351e-01,-7.741960109118083411e-01,-7.738112797590475100e-01,-7.726855818976395840e-01,-7.701265467878707360e-01,-7.648993257714908900e-01,-7.548692478602395672e-01,-7.364712109156212883e-01,-7.039898117816170142e-01,-6.487399106615332478e-01,-5.585367815243169609e-01,-4.185740814683344135e-01,-2.163599131714539769e-01,4.423531290915483360e-02,3.146426960369144155e-01,4.762266678075159909e-01,4.762266649176301048e-01,3.146426879381565289e-01,4.423530098221362117e-02,-2.163599274633676295e-01,-4.185740967212292496e-01,-5.585367963362255495e-01,-6.487399236762489974e-01,-7.039898218269257102e-01,-7.364712171488112524e-01,-7.548692498737102907e-01,-7.648993236257445316e-01,-7.701265409683208940e-01,-7.726855732656029430e-01,-7.738112694924365043e-01,-7.741960004180520327e-01,-7.742166162858946654e-01,-7.740723410928457282e-01,-7.738654733771264116e-01,-7.736470252983683737e-01,-7.734416956205886207e-01,-7.732610945931165380e-01,-7.731105216917216749e-01,-7.729923267040926804e-01,-7.729075224847905545e-01,-7.728565319778080145e-01,-7.728395213650858242e-01,-1.000000000000000000e+00,-1.000000000000000000e+00,-1.000000000000000000e+00,-1.000000000000000000e+00,-1.000000000000000000e+00,-1.000000000000000000e+00,-1.000000000000000000e+00,-1.000000000000000000e+00,-1.000000000000000000e+00,-1.000000000000000000e+00,-1.000000000000000000e+00,-1.000000000000000000e+00,-1.000000000000000000e+00,-1.000000000000000000e+00,-1.000000000000000000e+00,-1.000000000000000000e+00,-1.000000000000000000e+00,-1.000000000000000000e+00,-1.000000000000000000e+00,-1.000000000000000000e+00,-1.000000000000000000e+00,-1.000000000000000000e+00,-1.000000000000000000e+00,-1.000000000000000000e+00,-1.000000000000000000e+00,-1.000000000000000000e+00,-1.000000000000000000e+00,-1.000000000000000000e+00,-1.000000000000000000e+00,-1.000000000000000000e+00,-1.000000000000000000e+00,-1.000000000000000000e+00,-1.000000000000000000e+00,-1.000000000000000000e+00,-1.000000000000000000e+00,-1.000000000000000000e+00,-1.000000000000000000e+00,-1.000000000000000000e+00,-1.000000000000000000e+00,-1.000000000000000000e+00,-1.000000000000000000e+00,-1.000000000000000000e+00,-1.000000000000000000e+00,-1.000000000000000000e+00,-1.000000000000000000e+00,-1.000000000000000000e+00
-1.000000000000000000e+00,-1.000000000000000000e+00,-1.000000000000000000e+00,-1.000000000000000000e+00,-1.000000000000000000e+00,-1.000000000000000000e+00,-1.000000000000000000e+00,-1.000000000000000000e+00,-1.000000000000000000e+00,-1.000000000000000000e+00,-1.000000000000000000e+00,-1.000000000000000000e+00,-1.000000000000000000e+00,-1.000000000000000000e+00,-1.000000000000000000e+00,-1.000000000000000000e+00,-1.000000000000000000e+00,-1.000000000000000000e+00,-1.000000000000000000e+00,-1.000000000000000000e+00,-1.000000000000000000e+00,-1.000000000000000000e+00,-1.000000000000000000e+00,-1.000000000000000000e+00,-1.000000000000000000e+00,-1.000000000000000000e+00,-1.000000000000000000e+00,-1.000000000000000000e+00,-1.000000000000000000e+00,-1.000000000000000000e+00,-1.000000000000000000e+00,-1.000000000000000000e+00,-1.000000000000000000e+00,-1.000000000000000000e+00,-1.000000000000000000e+00,-1.000000000000000000e+00,-1.000000000000000000e+00,-1.000000000000000000e+00,-1.000000000000000000e+00,-1.000000000000000000e+00,-1.000000000000000000e+00,-1.000000000000000000e+00,-1.000000000000000000e+00,-1.000000000000000000e+00,-1.000000000000000000e+00,-1.000000000000000000e+00,-7.725711649023739858e-01,-7.725881862345285178e-01,-7.726392075224164380e-01,-7.727240644270959580e-01,-7.728423330247801148e-01,-7.729929984330229376e-01,-7.731737089090054971e-01,-7.733791631677309208e-01,-7.735977496206720705e-01,-7.738047674727702718e-01,-7.739491998674951079e-01,-7.739287398621041980e-01,-7.735441484217190355e-01,-7.724185475373216425e-01,-7.698595129371343937e-01,-7.646320932065615583e-01,-7.546014274666597021e-01,-7.362020778293414391e-01,-7.037180787504599966e-01,-6.484634118335055319e-01,-5.582521073329403949e-01,-4.182763313619752843e-01,-2.160429957547793656e-01,4.457697199911936359e-02,3.150098771895395444e-01,4.766091770641569525e-01,4.766091746984923994e-01,3.150098705414277056e-01,4.457696215871198575e-02,-2.160430076333803573e-01,-4.182763441785859460e-01,-5.582521199874838080e-01,-6.484634232450229296e-01,-7.037180879560505087e-01,-7.362020840828535917e-01,-7.546014302949655139e-01,-7.646320924227548721e-01,-7.698595086374424579e-01,-7.724185401586683986e-01,-7.735441388517463324e-01,-7.739287294071879320e-01,-7.739491897472533521e-01,-7.738047581422745624e-01,-7.735977408668762711e-01,-7.733791546191601807e-01,-7.731737010514527775e-01,-7.729929923348997090e-01,-7.728423294305878377e-01,-7.727240632160824463e-01,-7.726392077160457728e-01,-7.725881866461529190e-01,-7.725711660559858585e-01,-1.000000000000000000e+00,-1.000000000000000000e+00,-1.000000000000000000e+00,-1.000000000000000000e+00,-1.000000000000000000e+00,-1.000000000000000000e+00,-1.000000000000000000e+00,-1.000000000000000000e+00,-1.000000000000000000e+00,-1.000000000000000000e+00,-1.000000000000000000e+00,-1.000000000000000000e+00,-1.000000000000000000e+00,-1.000000000000000000e+00,-1.000000000000000000e+00,-1.000000000000000000e+00,-1.000000000000000000e+00,-1.000000000000000000e+00,-1.000000000000000000e+00,-1.000000000000000000e+00,-1.000000000000000000e+00,-1.000000000000000000e+00,-1.000000000000000000e+00,-1.000000000000000000e+00,-1.000000000000000000e+00,-1.000000000000000000e+00,-1.000000000000000000e+00,-1.000000000000000000e+00,-1.000000000000000000e+00,-1.000000000000000000e+00,-1.000000000000000000e+00,-1.000000000000000000e+00,-1.000000000000000000e+00,-1.000000000000000000e+00,-1.000000000000000000e+00,-1.000000000000000000e+00,-1.000000000000000000e+00,-1.000000000000000000e+00,-1.000000000000000000e+00,-1.000000000000000000e+00,-1.000000000000000000e+00,-1.000000000000000000e+00,-1.000000000000000000e+00,-1.000000000000000000e+00,-1.000000000000000000e+00,-1.000000000000000000e+00
-1.000000000000000000e+00,-1.000000000000000000e+00,-1.000000000000000000e+00,-1.000000000000000000e+00,-1.000000000000000000e+00,-1.000000000000000000e+00,-1.000000000000000000e+00,-1.000000000000000000e+00,-1.000000000000000000e+00,-1.000000000000000000e+00,-1.000000000000000000e+00,-1.000000000000000000e+00,-1.000000000000000000e+00,-1.000000000000000000e+00,-1.000000000000000000e+00,-1.000000000000000000e+00,-1.000000000000000000e+00,-1.000000000000000000e+00,-1.000000000000000000e+00,-1.000000000000000000e+00,-1.000000000000000000e+00,-1.000000000000000000e+00,-1.000000000000000000e+00,-1.000000000000000000e+00,-1.000000000000000000e+00,-1.000000000000000000e+00,-1.000000000000000000e+00,-1.000000000000000000e+00,-1.000000000000000000e+00,-1.000000000000000000e+00,-1.000000000000000000e+00,-1.000000000000000000e+00,-1.000000000000000000e+00,-1.000000000000000000e+00,-1.000000000000000000e+00,-1.000000000000000000e+00,-1.000000000000000000e+00,-1.000000000000000000e+00,-1.000000000000000000e+00,-1.000000000000000000e+00,-1.000000000000000000e+00,-1.000000000000000000e+00,-1.000000000000000000e+00,-1.000000000000000000e+00,-1.000000000000000000e+00,-1.000000000000000000e+00,-7.723261368892425649e-01,-7.723431675807929109e-01,-7.723942167821472582e-01,-7.724791199249416707e-01,-7.725974519121994177e-01,-7.727481972300576096e-01,-7.729290028339470542e-01,-7.731345661987807372e-01,-7.733532737291113346e-01,-7.735604222026432053e-01,-7.737049909659891034e-01,-7.736846663968325322e-01,-7.733001969299231337e-01,-7.721746795528614538e-01,-7.696156410426145955e-01,-7.643880365154065437e-01,-7.543568323271045983e-01,-7.359562847820254605e-01,-7.034699156257315789e-01,-6.482109048948291319e-01,-5.579921474473814591e-01,-4.180044472834246738e-01,-2.157536267822922627e-01,4.488891783272852543e-02,3.153451174624337661e-01,4.769584082312465778e-01,4.769584066781138443e-01,3.153451130730526852e-01,4.488891126362326567e-02,-2.157536348457145259e-01,-4.180044561991531626e-01,-5.579921565618854995e-01,-6.482109135309146453e-01,-7.034699231231793526e-01,-7.359562905353007611e-01,-7.543568357993105655e-01,-7.643880372532392276e-01,-7.696156387485512118e-01,-7.721746742506798711e-01,-7.733001891182492704e-01,-7.736846569670517981e-01,-7.737049807988508610e-01,-7.735604117929681944e-01,-7.733532631784074685e-01,-7.731345556819183562e-01,-7.729289934659632211e-01,-7.727481903583316436e-01,-7.725974485698050565e-01,-7.724791199800912223e-01,-7.723942197207572802e-01,-7.723431720862263816e-01,-7.723261425054656071e-01,-1.000000000000000000e+00,-1.000000000000000000e+00,-1.000000000000000000e+00,-1.000000000000000000e+00,-1.000000000000000000e+00,-1.000000000000000000e+00,-1.000000000000000000e+00,-1.000000000000000000e+00,-1.000000000000000000e+00,-1.000000000000000000e+00,-1.000000000000000000e+00,-1.000000000000000000e+00,-1.000000000000000000e+00,-1.000000000000000000e+00,-1.000000000000000000e+00,-1.000000000000000000e+00,-1.000000000000000000e+00,-1.000000000000000000e+00,-1.000000000000000000e+00,-1.000000000000000000e+00,-1.000000000000000000e+00,-1.000000000000000000e+00,-1.000000000000000000e+00,-1.000000000000000000e+00,-1.000000000000000000e+00,-1.000000000000000000e+00,-1.000000000000000000e+00,-1.000000000000000000e+00,-1.000000000000000000e+00,-1.000000000000000000e+00,-1.000000000000000000e+00,-1.000000000000000000e+00,-1.000000000000000000e+00,-1.000000000000000000e+00,-1.000000000000000000e+00,-1.000000000000000000e+00,-1.000000000000000000e+00,-1.000000000000000000e+00,-1.000000000000000000e+00,-1.000000000000000000e+00,-1.000000000000000000e+00,-1.000000000000000000e+00,-1.000000000000000000e+00,-1.000000000000000000e+00,-1.000000000000000000e+00,-1.000000000000000000e+00
-1.000000000000000000e+00,-1.000000000000000000e+00,-1.000000000000000000e+00,-1.000000000000000000e+00,-1.000000000000000000e+00,-1.000000000000000000e+00,-1.000000000000000000e+00,-1.000000000000000000e+00,-1.000000000000000000e+00,-1.000000000000000000e+00,-1.000000000000000000e+00,-1.000000000000000000e+00,-1.000000000000000000e+00,-1.000000000000000000e+00,-1.000000000000000000e+00,-1.000000000000000000e+00,-1.000000000000000000e+00,-1.000000000000000000e+00,-1.000000000000000000e+00,-1.000000000000000000e+00,-1.000000000000000000e+00,-1.000000000000000000e+00,-1.000000000000000000e+00,-1.000000000000000000e+00,-1.000000000000000000e+00,-1.000000000000000000e+00,-1.000000000000000000e+00,-1.000000000000000000e+00,-1.000000000000000000e+00,-1.000000000000000000e+00,-1.000000000000000000e+00,-1.000000000000000000e+00,-1.000000000000000000e+00,-1.000000000000000000e+00,-1.000000000000000000e+00,-1.000000000000000000e+00,-1.000000000000000000e+00,-1.000000000000000000e+00,-1.000000000000000000e+00,-1.000000000000000000e+00,-1.000000000000000000e+00,-1.000000000000000000e+00,-1.000000000000000000e+00,-1.000000000000000000e+00,-1.000000000000000000e+00,-1.000000000000000000e+00,-7.721044412697181114e-01,-7.721214801786012716e-01,-7.721725538916378584e-01,-7.722574974892888466e-01,-7.723758847772198566e-01,-7.725266998070565716e-01,-7.727075881973788363e-01,-7.729132464183310347e-01,-7.731320592914634471e-01,-7.733393214455104303e-01,-7.734840090902582732e-01,-7.734638026256063226e-01,-7.730794391417020739e-01,-7.719539933123237274e-01,-7.693949479308920258e-01,-7.641671737768216399e-01,-7.541354812451741552e-01,-7.357338505162513975e-01,-7.032453401297720230e-01,-6.479824054740844774e-01,-5.577569143219706094e-01,-4.177584376642839992e-01,-2.154918104189833539e-01,4.517114983160630537e-02,3.156484184483006050e-01,4.772743639873904264e-01,4.772743633815663689e-01,3.156484167013799969e-01,4.517114712083869499e-02,-2.154918139141608346e-01,-4.177584417898601021e-01,-5.577569189149385043e-01,-6.479824103307474381e-01,-7.032453449746387530e-01,-7.357338549630353386e-01,-7.541354847788059867e-01,-7.641671757775209128e-01,-7.693949477766192091e-01,-7.719539905707681893e-01,-7.730794337595927601e-01,-7.734637949730007733e-01,-7.734839997323241789e-01,-7.733393107870414340e-01,-7.731320475686274118e-01,-7.729132343539041328e-01,-7.727075774656033680e-01,-7.725266921449379653e-01,-7.723758816375243530e-01,-7.722574988143171559e-01,-7.721725597509578876e-01,-7.721214890068250902e-01,-7.721044513019350575e-01,-1.000000000000000000e+00,-1.000000000000000000e+00,-1.000000000000000000e+00,-1.000000000000000000e+00,-1.000000000000000000e+00,-1.000000000000000000e+00,-1.000000000000000000e+00,-1.000000000000000000e+00,-1.000000000000000000e+00,-1.000000000000000000e+00,-1.000000000000000000e+00,-1.000000000000000000e+00,-1.000000000000000000e+00,-1.000000000000000000e+00,-1.000000000000000000e+00,-1.000000000000000000e+00,-1.000000000000000000e+00,-1.000000000000000000e+00,-1.000000000000000000e+00,-1.000000000000000000e+00,-1.000000000000000000e+00,-1.000000000000000000e+00,-1.000000000000000000e+00,-1.000000000000000000e+00,-1.000000000000000000e+00,-1.000000000000000000e+00,-1.000000000000000000e+00,-1.000000000000000000e+00,-1.000000000000000000e+00,-1.000000000000000000e+00,-1.000000000000000000e+00,-1.000000000000000000e+00,-1.000000000000000000e+00,-1.000000000000000000e+00,-1.000000000000000000e+00,-1.000000000000000000e+00,-1.000000000000000000e+00,-1.000000000000000000e+00,-1.000000000000000000e+00,-1.000000000000000000e+00,-1.000000000000000000e+00,-1.000000000000000000e+00,-1.000000000000000000e+00,-1.000000000000000000e+00,-1.000000000000000000e+00,-1.000000000000000000e+00
-1.000000000000000000e+00,-1.000000000000000000e+00,-1.000000000000000000e+00,-1.000000000000000000e+00,-1.000000000000000000e+00,-1.000000000000000000e+00,-1.000000000000000000e+00,-1.000000000000000000e+00,-1.000000000000000000e+00,-1.000000000000000000e+00,-1.000000000000000000e+00,-1.000000000000000000e+00,-1.000000000000000000e+00,-1.000000000000000000e+00,-1.000000000000000000e+00,-1.000000000000000000e+00,-1.000000000000000000e+00,-1.000000000000000000e+00,-1.000000000000000000e+00,-1.000000000000000000e+00,-1.000000000000000000e+00,-1.000000000000000000e+00,-1.000000000000000000e+00,-1.000000000000000000e+00,-1.000000000000000000e+00,-1.000000000000000000e+00,-1.000000000000000000e+00,-1.000000000000000000e+00,-1.000000000000000000e+00,-1.000000000000000000e+00,-1.000000000000000000e+00,-1.000000000000000000e+00,-1.000000000000000000e+00,-1.000000000000000000e+00,-1.000000000000000000e+00,-1.000000000000000000e+00,-1.000000000000000000e+00,-1.000000000000000000e+00,-1.000000000000000000e+00,-1.000000000000000000e+00,-1.000000000000000000e+00,-1.000000000000000000e+00,-1.000000000000000000e+00,-1.000000000000000000e+00,-1.000000000000000000e+00,-1.000000000000000000e+00,-7.719060790054605992e-01,-7.719231250621455542e-01,-7.719742201471916365e-01,-7.720591987924430022e-01,-7.721776338298342868e-01,-7.723285089820415283e-01,-7.725094687943681038e-01,-7.727152086827352440e-01,-7.729341124095845394e-01,-7.731414727629368766e-01,-7.732862632618631160e-01,-7.732661592415677188e-01,-7.728818875982690351e-01,-7.717565029258616205e-01,-7.691974488083995753e-01,-7.639695209063643855e-01,-7.539373904782581404e-01,-7.355347911074981981e-01,-7.030443673972748275e-01,-6.477779268177256133e-01,-5.575464183292169196e-01,-4.175383092362409121e-01,-2.152575495460015143e-01,4.542366834655142682e-02,3.159197824529929033e-01,4.775570476084398663e-01,4.775570479343937969e-01,3.159197833261402355e-01,4.542366952108989331e-02,-2.152575483362225706e-01,-4.175383082734510642e-01,-5.575464179092562977e-01,-6.477779272128800780e-01,-7.030443687629830407e-01,-7.355347933543764372e-01,-7.539373931946324880e-01,-7.639695233759469239e-01,-7.691974501526372965e-01,-7.717565023730086349e-01,-7.728818847336278441e-01,-7.732661540475599393e-01,-7.732862558431892186e-01,-7.731414631185398179e-01,-7.729341007752180692e-01,-7.727151961760709842e-01,-7.725094574676342196e-01,-7.723285010824704200e-01,-7.721776311331812748e-01,-7.720592015265181907e-01,-7.719742290672684248e-01,-7.719231380533828624e-01,-7.719060929600936038e-01,-1.000000000000000000e+00,-1.000000000000000000e+00,-1.000000000000000000e+00,-1.000000000000000000e+00,-1.000000000000000000e+00,-1.000000000000000000e+00,-1.000000000000000000e+00,-1.000000000000000000e+00,-1.000000000000000000e+00,-1.000000000000000000e+00,-1.000000000000000000e+00,-1.000000000000000000e+00,-1.000000000000000000e+00,-1.000000000000000000e+00,-1.000000000000000000e+00,-1.000000000000000000e+00,-1.000000000000000000e+00,-1.000000000000000000e+00,-1.000000000000000000e+00,-1.000000000000000000e+00,-1.000000000000000000e+00,-1.000000000000000000e+00,-1.000000000000000000e+00,-1.000000000000000000e+00,-1.000000000000000000e+00,-1.000000000000000000e+00,-1.000000000000000000e+00,-1.000000000000000000e+00,-1.000000000000000000e+00,-1.000000000000000000e+00,-1.000000000000000000e+00,-1.000000000000000000e+00,-1.000000000000000000e+00,-1.000000000000000000e+00,-1.000000000000000000e+00,-1.000000000000000000e+00,-1.000000000000000000e+00,-1.000000000000000000e+00,-1.000000000000000000e+00,-1.000000000000000000e+00,-1.000000000000000000e+00,-1.000000000000000000e+00,-1.000000000000000000e+00,-1.000000000000000000e+00,-1.000000000000000000e+00,-1.000000000000000000e+00
-1.000000000000000000e+00,-1.000000000000000000e+00,-1.000000000000000000e+00,-1.000000000000000000e+00,-1.000000000000000000e+00,-1.000000000000000000e+00,-1.000000000000000000e+00,-1.000000000000000000e+00,-1.000000000000000000e+00,-1.000000000000000000e+00,-1.000000000000000000e+00,-1.000000000000000000e+00,-1.000000000000000000e+00,-1.000000000000000000e+00,-1.000000000000000000e+00,-1.000000000000000000e+00,-1.000000000000000000e+00,-1.000000000000000000e+00,-1.000000000000000000e+00,-1.000000000000000000e+00,-1.000000000000000000e+00,-1.000000000000000000e+00,-1.000000000000000000e+00,-1.000000000000000000e+00,-1.000000000000000000e+00,-1.000000000000000000e+00,-1.000000000000000000e+00,-1.000000000000000000e+00,-1.000000000000000000e+00,-1.000000000000000000e+00,-1.000000000000000000e+00,-1.000000000000000000e+00,-1.000000000000000000e+00,-1.000000000000000000e+00,-1.000000000000000000e+00,-1.000000000000000000e+00,-1.000000000000000000e+00,-1.000000000000000000e+00,-1.000000000000000000e+00,-1.000000000000000000e+00,-1.000000000000000000e+00,-1.000000000000000000e+00,-1.000000000000000000e+00,-1.000000000000000000e+00,-1.000000000000000000e+00,-1.000000000000000000e+00,-7.717310510909305421e-01,-7.717481032341638736e-01,-7.717992166768923301e-01,-7.718842252783012503e-01,-7.720027011051913135e-01,-7.721536272844357063e-01,-7.723346479263537567e-01,-7.725404573866521130e-01,-7.727594386494244239e-01,-7.729668831613570879e-01,-7.731117619525483819e-01,-7.730917458678532306e-01,-7.727075529720457414e-01,-7.715822202347649705e-01,-7.690231566753642500e-01,-7.637950917824234409e-01,-7.537625742946268970e-01,-7.353591205928166064e-01,-7.028670105120624623e-01,-6.475974802559807397e-01,-5.573606682347624908e-01,-4.173440675519686227e-01,-2.150508463016045368e-01,4.564647415667311137e-02,3.161592121087373197e-01,4.778064627585210111e-01,4.778064640351784576e-01,3.161592156593022729e-01,4.564647931399856695e-02,-2.150508402400360675e-01,-4.173440612775679570e-01,-5.573606624540774490e-01,-6.475974756550402223e-01,-7.028670076354035512e-01,-7.353591196758910709e-01,-7.537625751513586936e-01,-7.637950937965996001e-01,-7.690231589202662921e-01,-7.715822217405712280e-01,-7.727075529733532511e-01,-7.730917438502646899e-01,-7.731117574705399509e-01,-7.729668758160581632e-01,-7.727594285633356819e-01,-7.725404457379262402e-01,-7.723346370122550208e-01,-7.721536198401124373e-01,-7.720026990853301463e-01,-7.718842296214772913e-01,-7.717992287153692121e-01,-7.717481200956506360e-01,-7.717310685339584531e-01,-1.000000000000000000e+00,-1.000000000000000000e+00,-1.000000000000000000e+00,-1.000000000000000000e+00,-1.000000000000000000e+00,-1.000000000000000000e+00,-1.000000000000000000e+00,-1.000000000000000000e+00,-1.000000000000000000e+00,-1.000000000000000000e+00,-1.000000000000000000e+00,-1.000000000000000000e+00,-1.000000000000000000e+00,-1.000000000000000000e+00,-1.000000000000000000e+00,-1.000000000000000000e+00,-1.000000000000000000e+00,-1.000000000000000000e+00,-1.000000000000000000e+00,-1.000000000000000000e+00,-1.000000000000000000e+00,-1.000000000000000000e+00,-1.000000000000000000e+00,-1.000000000000000000e+00,-1.000000000000000000e+00,-1.000000000000000000e+00,-1.000000000000000000e+00,-1.000000000000000000e+00,-1.000000000000000000e+00,-1.000000000000000000e+00,-1.000000000000000000e+00,-1.000000000000000000e+00,-1.000000000000000000e+00,-1.000000000000000000e+00,-1.000000000000000000e+00,-1.000000000000000000e+00,-1.000000000000000000e+00,-1.000000000000000000e+00,-1.000000000000000000e+00,-1.000000000000000000e+00,-1.000000000000000000e+00,-1.000000000000000000e+00,-1.000000000000000000e+00,-1.000000000000000000e+00,-1.000000000000000000e+00,-1.000000000000000000e+00
-1.000000000000000000e+00,-1.000000000000000000e+00,-1.000000000000000000e+00,-1.000000000000000000e+00,-1.000000000000000000e+00,-1.000000000000000000e+00,-1.000000000000000000e+00,-1.000000000000000000e+00,-1.000000000000000000e+00,-1.000000000000000000e+00,-1.000000000000000000e+00,-1.000000000000000000e+00,-1.000000000000000000e+00,-1.000000000000000000e+00,-1.000000000000000000e+00,-1.000000000000000000e+00,-1.000000000000000000e+00,-1.000000000000000000e+00,-1.000000000000000000e+00,-1.000000000000000000e+00,-1.000000000000000000e+00,-1.000000000000000000e+00,-1.000000000000000000e+00,-1.000000000000000000e+00,-1.000000000000000000e+00,-1.000000000000000000e+00,-1.000000000000000000e+00,-1.000000000000000000e+00,-1.000000000000000000e+00,-1.000000000000000000e+00,-1.000000000000000000e+00,-1.000000000000000000e+00,-1.000000000000000000e+00,-1.000000000000000000e+00,-1.000000000000000000e+00,-1.000000000000000000e+00,-1.000000000000000000e+00,-1.000000000000000000e+00,-1.000000000000000000e+00,-1.000000000000000000e+00,-1.000000000000000000e+00,-1.000000000000000000e+00,-1.000000000000000000e+00,-1.000000000000000000e+00,-1.000000000000000000e+00,-1.000000000000000000e+00,-7.715793586047418051e-01,-7.715964157579523475e-01,-7.716475444972181741e-01,-7.717325780333493812e-01,-7.718510881693289027e-01,-7.720020569325941606e-01,-7.721831284304900844e-01,-7.723889964438662714e-01,-7.726080431597717180e-01,-7.728155589369165579e-01,-7.729605127184715485e-01,-7.729405713585659754e-01,-7.725564451954946010e-01,-7.714311559545364849e-01,-7.688720828065379598e-01,-7.636438980700354096e-01,-7.536110445396203561e-01,-7.352068506443492080e-01,-7.027132804144785583e-01,-6.474410752548157566e-01,-5.571996712235427474e-01,-4.171757168625777057e-01,-2.148717017940149354e-01,4.583956882523509968e-02,3.163667106206877744e-01,4.780226134403859906e-01,4.780226155122810905e-01,3.163667164235670626e-01,4.583957737810639976e-02,-2.148716914906434461e-01,-4.171757057738040286e-01,-5.571996603672193515e-01,-6.474410656798559316e-01,-7.027132730476088884e-01,-7.352068460615732715e-01,-7.536110427988343963e-01,-7.636438986876943336e-01,-7.688720848902388383e-01,-7.714311584899877783e-01,-7.725564472790564796e-01,-7.729405721998492407e-01,-7.729605114940287791e-01,-7.728155548690054388e-01,-7.726080360799530977e-01,-7.723889873932672234e-01,-7.721831197023549809e-01,-7.720020513283779584e-01,-7.718510878630050476e-01,-7.717325849955839479e-01,-7.716475599236688465e-01,-7.715964361448482967e-01,-7.715793796028352913e-01,-1.000000000000000000e+00,-1.000000000000000000e+00,-1.000000000000000000e+00,-1.000000000000000000e+00,-1.000000000000000000e+00,-1.000000000000000000e+00,-1.000000000000000000e+00,-1.000000000000000000e+00,-1.000000000000000000e+00,-1.000000000000000000e+00,-1.000000000000000000e+00,-1.000000000000000000e+00,-1.000000000000000000e+00,-1.000000000000000000e+00,-1.000000000000000000e+00,-1.000000000000000000e+00,-1.000000000000000000e+00,-1.000000000000000000e+00,-1.000000000000000000e+00,-1.000000000000000000e+00,-1.000000000000000000e+00,-1.000000000000000000e+00,-1.000000000000000000e+00,-1.000000000000000000e+00,-1.000000000000000000e+00,-1.000000000000000000e+00,-1.000000000000000000e+00,-1.000000000000000000e+00,-1.000000000000000000e+00,-1.000000000000000000e+00,-1.000000000000000000e+00,-1.000000000000000000e+00,-1.000000000000000000e+00,-1.000000000000000000e+00,-1.000000000000000000e+00,-1.000000000000000000e+00,-1.000000000000000000e+00,-1.000000000000000000e+00,-1.000000000000000000e+00,-1.000000000000000000e+00,-1.000000000000000000e+00,-1.000000000000000000e+00,-1.000000000000000000e+00,-1.000000000000000000e+00,-1.000000000000000000e+00,-1.000000000000000000e+00
-1.000000000000000000e+00,-1.000000000000000000e+00,-1.000000000000000000e+00,-1.000000000000000000e+00,-1.000000000000000000e+00,-1.000000000000000000e+00,-1.000000000000000000e+00,-1.000000000000000000e+00,-1.000000000000000000e+00,-1.000000000000000000e+00,-1.000000000000000000e+00,-1.000000000000000000e+00,-1.000000000000000000e+00,-1.000000000000000000e+00,-1.000000000000000000e+00,-1.000000000000000000e+00,-1.000000000000000000e+00,-1.000000000000000000e+00,-1.000000000000000000e+00,-1.000000000000000000e+00,-1.000000000000000000e+00,-1.000000000000000000e+00,-1.000000000000000000e+00,-1.000000000000000000e+00,-1.000000000000000000e+00,-1.000000000000000000e+00,-1.000000000000000000e+00,-1.000000000000000000e+00,-1.000000000000000000e+00,-1.000000000000000000e+00,-1.000000000000000000e+00,-1.000000000000000000e+00,-1.000000000000000000e+00,-1.000000000000000000e+00,-1.000000000000000000e+00,-1.000000000000000000e+00,-1.000000000000000000e+00,-1.000000000000000000e+00,-1.000000000000000000e+00,-1.000000000000000000e+00,-1.000000000000000000e+00,-1.000000000000000000e+00,-1.000000000000000000e+00,-1.000000000000000000e+00,-1.000000000000000000e+00,-1.000000000000000000e+00,-7.714510025300541640e-01,-7.714680637139039732e-01,-7.715192047840534473e-01,-7.716042582523713333e-01,-7.717227962851227474e-01,-7.718737999412175199e-01,-7.720549130815235195e-01,-7.722608293996174877e-01,-7.724799305498148971e-01,-7.726875057879133424e-01,-7.728325221215892604e-01,-7.728126429754569315e-01,-7.724285722056895009e-01,-7.713033187314454198e-01,-7.687442365373389208e-01,-7.635159496470880214e-01,-7.534828113550745554e-01,-7.350779912766010060e-01,-7.025831864926744830e-01,-6.473087199711431428e-01,-5.570634335580636476e-01,-4.170332609584500583e-01,-2.147201170909134316e-01,4.600295370468887590e-02,3.165422809758227096e-01,4.782055036137917714e-01,4.782055064718413462e-01,3.165422890100575426e-01,4.600296562523786825e-02,-2.147201026000116197e-01,-4.170332451568310450e-01,-5.570634177620552574e-01,-6.473087055275843493e-01,-7.025831746028026181e-01,-7.350779827626128249e-01,-7.534828064869628639e-01,-7.635159481158481087e-01,-7.687442375948707607e-01,-7.713033214577655894e-01,-7.724285756979715201e-01,-7.728126463203514041e-01,-7.728325243121925148e-01,-7.726875058717447287e-01,-7.724799281568104359e-01,-7.722608252776816951e-01,-7.720549090907977696e-01,-7.718737986203414447e-01,-7.717228000295160983e-01,-7.716042697085279123e-01,-7.715192242682366031e-01,-7.714680874735013738e-01,-7.714510281980704320e-01,-1.000000000000000000e+00,-1.000000000000000000e+00,-1.000000000000000000e+00,-1.000000000000000000e+00,-1.000000000000000000e+00,-1.000000000000000000e+00,-1.000000000000000000e+00,-1.000000000000000000e+00,-1.000000000000000000e+00,-1.000000000000000000e+00,-1.000000000000000000e+00,-1.000000000000000000e+00,-1.000000000000000000e+00,-1.000000000000000000e+00,-1.000000000000000000e+00,-1.000000000000000000e+00,-1.000000000000000000e+00,-1.000000000000000000e+00,-1.000000000000000000e+00,-1.000000000000000000e+00,-1.000000000000000000e+00,-1.000000000000000000e+00,-1.000000000000000000e+00,-1.000000000000000000e+00,-1.000000000000000000e+00,-1.000000000000000000e+00,-1.000000000000000000e+00,-1.000000000000000000e+00,-1.000000000000000000e+00,-1.000000000000000000e+00,-1.000000000000000000e+00,-1.000000000000000000e+00,-1.000000000000000000e+00,-1.000000000000000000e+00,-1.000000000000000000e+00,-1.000000000000000000e+00,-1.000000000000000000e+00,-1.000000000000000000e+00,-1.000000000000000000e+00,-1.000000000000000000e+00,-1.000000000000000000e+00,-1.000000000000000000e+00,-1.000000000000000000e+00,-1.000000000000000000e+00,-1.000000000000000000e+00,-1.000000000000000000e+00
-1.000000000000000000e+00,-1.000000000000000000e+00,-1.000000000000000000e+00,-1.000000000000000000e+00,-1.000000000000000000e+00,-1.000000000000000000e+00,-1.000000000000000000e+00,-1.000000000000000000e+00,-1.000000000000000000e+00,-1.000000000000000000e+00,-1.000000000000000000e+00,-1.000000000000000000e+00,-1.000000000000000000e+00,-1.000000000000000000e+00,-1.000000000000000000e+00,-1.000000000000000000e+00,-1.000000000000000000e+00,-1.000000000000000000e+00,-1.000000000000000000e+00,-1.000000000000000000e+00,-1.000000000000000000e+00,-1.000000000000000000e+00,-1.000000000000000000e+00,-1.000000000000000000e+00,-1.000000000000000000e+00,-1.000000000000000000e+00,-1.000000000000000000e+00,-1.000000000000000000e+00,-1.000000000000000000e+00,-1.000000000000000000e+00,-1.000000000000000000e+00,-1.000000000000000000e+00,-1.000000000000000000e+00,-1.000000000000000000e+00,-1.000000000000000000e+00,-1.000000000000000000e+00,-1.000000000000000000e+00,-1.000000000000000000e+00,-1.000000000000000000e+00,-1.000000000000000000e+00,-1.000000000000000000e+00,-1.000000000000000000e+00,-1.000000000000000000e+00,-1.000000000000000000e+00,-1.000000000000000000e+00,-1.000000000000000000e+00,-7.713459833241523844e-01,-7.713630476730171104e-01,-7.714141983847551121e-01,-7.714992672370807325e-01,-7.716178268132778406e-01,-7.717688581298611794e-01,-7.719500047883574023e-01,-7.721559601669210071e-01,-7.723751053837748515e-01,-7.725827288169320184e-01,-7.727277959105737226e-01,-7.727079672175725111e-01,-7.723239412092878231e-01,-7.711987163162142833e-01,-7.686396259672138020e-01,-7.634112547665941051e-01,-7.533778829207548045e-01,-7.349725502861879090e-01,-7.024767357347694308e-01,-6.472004200670800067e-01,-5.569519590549940613e-01,-4.169167014375203539e-01,-2.145960915353988252e-01,4.613663125025624367e-02,3.166859265761572395e-01,4.783551369265823805e-01,4.783551400655836616e-01,3.166859354294879747e-01,4.613664447626009135e-02,-2.145960753020045297e-01,-4.169166835011314243e-01,-5.569519407735071814e-01,-6.472004028195750269e-01,-7.024767207558548776e-01,-7.349725384946328433e-01,-7.533778748015986793e-01,-7.634112503371557334e-01,-7.686396248791292907e-01,-7.711987180429517030e-01,-7.723239451443223436e-01,-7.727079725896200957e-01,-7.727278016974558073e-01,-7.725827338895816521e-01,-7.723751090232153782e-01,-7.721559626473064597e-01,-7.719500074234862952e-01,-7.717688631624900486e-01,-7.716178363965466858e-01,-7.714992839143541836e-01,-7.714142216329133994e-01,-7.713630731706561106e-01,-7.713460112706014282e-01,-1.000000000000000000e+00,-1.000000000000000000e+00,-1.000000000000000000e+00,-1.000000000000000000e+00,-1.000000000000000000e+00,-1.000000000000000000e+00,-1.000000000000000000e+00,-1.000000000000000000e+00,-1.000000000000000000e+00,-1.000000000000000000e+00,-1.000000000000000000e+00,-1.000000000000000000e+00,-1.000000000000000000e+00,-1.000000000000000000e+00,-1.000000000000000000e+00,-1.000000000000000000e+00,-1.000000000000000000e+00,-1.000000000000000000e+00,-1.000000000000000000e+00,-1.000000000000000000e+00,-1.000000000000000000e+00,-1.000000000000000000e+00,-1.000000000000000000e+00,-1.000000000000000000e+00,-1.000000000000000000e+00,-1.000000000000000000e+00,-1.000000000000000000e+00,-1.000000000000000000e+00,-1.000000000000000000e+00,-1.000000000000000000e+00,-1.000000000000000000e+00,-1.000000000000000000e+00,-1.000000000000000000e+00,-1.000000000000000000e+00,-1.000000000000000000e+00,-1.000000000000000000e+00,-1.000000000000000000e+00,-1.000000000000000000e+00,-1.000000000000000000e+00,-1.000000000000000000e+00,-1.000000000000000000e+00,-1.000000000000000000e+00,-1.000000000000000000e+00,-1.000000000000000000e+00,-1.000000000000000000e+00,-1.000000000000000000e+00
-1.000000000000000000e+00,-1.000000000000000000e+00,-1.000000000000000000e+00,-1.000000000000000000e+00,-1.000000000000000000e+00,-1.000000000000000000e+00,-1.000000000000000000e+00,-1.000000000000000000e+00,-1.000000000000000000e+00,-1.000000000000000000e+00,-1.000000000000000000e+00,-1.000000000000000000e+00,-1.000000000000000000e+00,-1.000000000000000000e+00,-1.000000000000000000e+00,-1.000000000000000000e+00,-1.000000000000000000e+00,-1.000000000000000000e+00,-1.000000000000000000e+00,-1.000000000000000000e+00,-1.000000000000000000e+00,-1.000000000000000000e+00,-1.000000000000000000e+00,-1.000000000000000000e+00,-1.000000000000000000e+00,-1.000000000000000000e+00,-1.000000000000000000e+00,-1.000000000000000000e+00,-1.000000000000000000e+00,-1.000000000000000000e+00,-1.000000000000000000e+00,-1.000000000000000000e+00,-1.000000000000000000e+00,-1.000000000000000000e+00,-1.000000000000000000e+00,-1.000000000000000000e+00,-1.000000000000000000e+00,-1.000000000000000000e+00,-1.000000000000000000e+00,-1.000000000000000000e+00,-1.000000000000000000e+00,-1.000000000000000000e+00,-1.000000000000000000e+00,-1.000000000000000000e+00,-1.000000000000000000e+00,-1.000000000000000000e+00,-7.712643010272705046e-01,-7.712813676514821415e-01,-7.713325253031576567e-01,-7.714176055620579620e-01,-7.715361811512035928e-01,-7.716872332430997350e-01,-7.718684055649860376e-01,-7.720743913333071307e-01,-7.722935710421225952e-01,-7.725012321648315750e-01,-7.726463388402048382e-01,-7.726265493438717602e-01,-7.722425579076485080e-01,-7.711173547895231462e-01,-7.685582574756184560e-01,-7.633298200118443511e-01,-7.532962659057562682e-01,-7.348905342518663453e-01,-7.023939343501266475e-01,-6.471161809884644622e-01,-5.568652519357824016e-01,-4.168260408842537901e-01,-2.144996258820288659e-01,4.624060234615789966e-02,3.167976494036748303e-01,4.784715159934496143e-01,4.784715189387862555e-01,3.167976577296756080e-01,4.624061486281050293e-02,-2.144996103657789144e-01,-4.168260234705064571e-01,-5.568652337615342951e-01,-6.471161632140901565e-01,-7.023939180393916626e-01,-7.348905202751869759e-01,-7.532962548765463895e-01,-7.633298122579370570e-01,-7.685582531207812984e-01,-7.711173538591022947e-01,-7.722425602947161627e-01,-7.726265546344422974e-01,-7.726463462232323609e-01,-7.725012406035194346e-01,-7.722935797831127491e-01,-7.720744003929623789e-01,-7.718684155032927707e-01,-7.716872454027121631e-01,-7.715361966571645524e-01,-7.714176261505488741e-01,-7.713325505815922245e-01,-7.712813942392116040e-01,-7.712643282232956032e-01,-1.000000000000000000e+00,-1.000000000000000000e+00,-1.000000000000000000e+00,-1.000000000000000000e+00,-1.000000000000000000e+00,-1.000000000000000000e+00,-1.000000000000000000e+00,-1.000000000000000000e+00,-1.000000000000000000e+00,-1.000000000000000000e+00,-1.000000000000000000e+00,-1.000000000000000000e+00,-1.000000000000000000e+00,-1.000000000000000000e+00,-1.000000000000000000e+00,-1.000000000000000000e+00,-1.000000000000000000e+00,-1.000000000000000000e+00,-1.000000000000000000e+00,-1.000000000000000000e+00,-1.000000000000000000e+00,-1.000000000000000000e+00,-1.000000000000000000e+00,-1.000000000000000000e+00,-1.000000000000000000e+00,-1.000000000000000000e+00,-1.000000000000000000e+00,-1.000000000000000000e+00,-1.000000000000000000e+00,-1.000000000000000000e+00,-1.000000000000000000e+00,-1.000000000000000000e+00,-1.000000000000000000e+00,-1.000000000000000000e+00,-1.000000000000000000e+00,-1.000000000000000000e+00,-1.000000000000000000e+00,-1.000000000000000000e+00,-1.000000000000000000e+00,-1.000000000000000000e+00,-1.000000000000000000e+00,-1.000000000000000000e+00,-1.000000000000000000e+00,-1.000000000000000000e+00,-1.000000000000000000e+00,-1.000000000000000000e+00
-1.000000000000000000e+00,-1.000000000000000000e+00,-1.000000000000000000e+00,-1.000000000000000000e+00,-1.000000000000000000e+00,-1.000000000000000000e+00,-1.000000000000000000e+00,-1.000000000000000000e+00,-1.000000000000000000e+00,-1.000000000000000000e+00,-1.000000000000000000e+00,-1.000000000000000000e+00,-1.000000000000000000e+00,-1.000000000000000000e+00,-1.000000000000000000e+00,-1.000000000000000000e+00,-1.000000000000000000e+00,-1.000000000000000000e+00,-1.000000000000000000e+00,-1.000000000000000000e+00,-1.000000000000000000e+00,-1.000000000000000000e+00,-1.000000000000000000e+00,-1.000000000000000000e+00,-1.000000000000000000e+00,-1.000000000000000000e+00,-1.000000000000000000e+00,-1.000000000000000000e+00,-1.000000000000000000e+00,-1.000000000000000000e+00,-1.000000000000000000e+00,-1.000000000000000000e+00,-1.000000000000000000e+00,-1.000000000000000000e+00,-1.000000000000000000e+00,-1.000000000000000000e+00,-1.000000000000000000e+00,-1.000000000000000000e+00,-1.000000000000000000e+00,-1.000000000000000000e+00,-1.000000000000000000e+00,-1.000000000000000000e+00,-1.000000000000000000e+00,-1.000000000000000000e+00,-1.000000000000000000e+00,-1.000000000000000000e+00,-7.712059557637946927e-01,-7.712230238615882527e-01,-7.712741857739564555e-01,-7.713592734838432552e-01,-7.714778603417182801e-01,-7.716289275487255850e-01,-7.718101184169071649e-01,-7.720161259294905376e-01,-7.722353302436294475e-01,-7.724430182226987851e-01,-7.725881530616685033e-01,-7.725683914062808633e-01,-7.721844244527859003e-01,-7.710592366188350200e-01,-7.685001340161166095e-01,-7.632716488987909553e-01,-7.532379643405338054e-01,-7.348319475593450001e-01,-7.023347868481244483e-01,-6.470560070927735552e-01,-5.568033161144105847e-01,-4.167612825238165009e-01,-2.144307225680797124e-01,4.631486521620509222e-02,3.168774480719016573e-01,4.785546397756739179e-01,4.785546423270463645e-01,3.168774553081241674e-01,4.631487622939212123e-02,-2.144307085819551206e-01,-4.167612662197416329e-01,-5.568032981823293204e-01,-6.470559883295368131e-01,-7.023347681296729927e-01,-7.348319297954561957e-01,-7.532379484119972046e-01,-7.632716355929297647e-01,-7.685001240544463430e-01,-7.710592306916074223e-01,-7.721844230906804718e-01,-7.725683946800272484e-01,-7.725881603726889590e-01,-7.724430284479606446e-01,-7.722353422670930057e-01,-7.720161393800067939e-01,-7.718101336030522841e-01,-7.716289458653056155e-01,-7.714778827025337016e-01,-7.713592998171464599e-01,-7.712742138238515288e-01,-7.712230547289997684e-01,-7.712059882423510926e-01,-1.000000000000000000e+00,-1.000000000000000000e+00,-1.000000000000000000e+00,-1.000000000000000000e+00,-1.000000000000000000e+00,-1.000000000000000000e+00,-1.000000000000000000e+00,-1.000000000000000000e+00,-1.000000000000000000e+00,-1.000000000000000000e+00,-1.000000000000000000e+00,-1.000000000000000000e+00,-1.000000000000000000e+00,-1.000000000000000000e+00,-1.000000000000000000e+00,-1.000000000000000000e+00,-1.000000000000000000e+00,-1.000000000000000000e+00,-1.000000000000000000e+00,-1.000000000000000000e+00,-1.000000000000000000e+00,-1.000000000000000000e+00,-1.000000000000000000e+00,-1.000000000000000000e+00,-1.000000000000000000e+00,-1.000000000000000000e+00,-1.000000000000000000e+00,-1.000000000000000000e+00,-1.000000000000000000e+00,-1.000000000000000000e+00,-1.000000000000000000e+00,-1.000000000000000000e+00,-1.000000000000000000e+00,-1.000000000000000000e+00,-1.000000000000000000e+00,-1.000000000000000000e+00,-1.000000000000000000e+00,-1.000000000000000000e+00,-1.000000000000000000e+00,-1.000000000000000000e+00,-1.000000000000000000e+00,-1.000000000000000000e+00,-1.000000000000000000e+00,-1.000000000000000000e+00,-1.000000000000000000e+00,-1.000000000000000000e+00
-1.000000000000000000e+00,-1.000000000000000000e+00,-1.000000000000000000e+00,-1.000000000000000000e+00,-1.000000000000000000e+00,-1.000000000000000000e+00,-1.000000000000000000e+00,-1.000000000000000000e+00,-1.000000000000000000e+00,-1.000000000000000000e+00,-1.000000000000000000e+00,-1.000000000000000000e+00,-1.000000000000000000e+00,-1.000000000000000000e+00,-1.000000000000000000e+00,-1.000000000000000000e+00,-1.000000000000000000e+00,-1.000000000000000000e+00,-1.000000000000000000e+00,-1.000000000000000000e+00,-1.000000000000000000e+00,-1.000000000000000000e+00,-1.000000000000000000e+00,-1.000000000000000000e+00,-1.000000000000000000e+00,-1.000000000000000000e+00,-1.000000000000000000e+00,-1.000000000000000000e+00,-1.000000000000000000e+00,-1.000000000000000000e+00,-1.000000000000000000e+00,-1.000000000000000000e+00,-1.000000000000000000e+00,-1.000000000000000000e+00,-1.000000000000000000e+00,-1.000000000000000000e+00,-1.000000000000000000e+00,-1.000000000000000000e+00,-1.000000000000000000e+00,-1.000000000000000000e+00,-1.000000000000000000e+00,-1.000000000000000000e+00,-1.000000000000000000e+00,-1.000000000000000000e+00,-1.000000000000000000e+00,-1.000000000000000000e+00,-7.711709477650332545e-01,-7.711880166501727807e-01,-7.712391809097295381e-01,-7.713242727938836030e-01,-7.714428660813665850e-01,-7.715939423117837981e-01,-7.717751445001458377e-01,-7.719811653286279274e-01,-7.722003847311501579e-01,-7.724080891948401639e-01,-7.725532412990981923e-01,-7.725334966612172893e-01,-7.721495446153465725e-01,-7.710243660505411434e-01,-7.684652602494973506e-01,-7.632367464084016673e-01,-7.532029833831750398e-01,-7.347967953240812644e-01,-7.022992979711095707e-01,-6.470199022986007353e-01,-5.567661541624427946e-01,-4.167224270957858856e-01,-2.143893802022899253e-01,4.635942336934806285e-02,3.169253278955364017e-01,4.786045149893789485e-01,4.786045177500977132e-01,3.169253357754939771e-01,4.635943550512311440e-02,-2.143893645368679657e-01,-4.167224084923959460e-01,-5.567661332599205259e-01,-6.470198798424641184e-01,-7.022992748136279717e-01,-7.347967724308200888e-01,-7.532029618218756273e-01,-7.632367273271095653e-01,-7.684652448722848472e-01,-7.710243555713902630e-01,-7.721495399575835084e-01,-7.725334982119241856e-01,-7.725532488066977344e-01,-7.724081020232171912e-01,-7.722004020480131015e-01,-7.719811864924129852e-01,-7.717751690523816377e-01,-7.715939702627289121e-01,-7.714428971952578262e-01,-7.713243072979594217e-01,-7.712392144879263167e-01,-7.711880512853406255e-01,-7.711709831115418634e-01,-1.000000000000000000e+00,-1.000000000000000000e+00,-1.000000000000000000e+00,-1.000000000000000000e+00,-1.000000000000000000e+00,-1.000000000000000000e+00,-1.000000000000000000e+00,-1.000000000000000000e+00,-1.000000000000000000e+00,-1.000000000000000000e+00,-1.000000000000000000e+00,-1.000000000000000000e+00,-1.000000000000000000e+00,-1.000000000000000000e+00,-1.000000000000000000e+00,-1.000000000000000000e+00,-1.000000000000000000e+00,-1.000000000000000000e+00,-1.000000000000000000e+00,-1.000000000000000000e+00,-1.000000000000000000e+00,-1.000000000000000000e+00,-1.000000000000000000e+00,-1.000000000000000000e+00,-1.000000000000000000e+00,-1.000000000000000000e+00,-1.000000000000000000e+00,-1.000000000000000000e+00,-1.000000000000000000e+00,-1.000000000000000000e+00,-1.000000000000000000e+00,-1.000000000000000000e+00,-1.000000000000000000e+00,-1.000000000000000000e+00,-1.000000000000000000e+00,-1.000000000000000000e+00,-1.000000000000000000e+00,-1.000000000000000000e+00,-1.000000000000000000e+00,-1.000000000000000000e+00,-1.000000000000000000e+00,-1.000000000000000000e+00,-1.000000000000000000e+00,-1.000000000000000000e+00,-1.000000000000000000e+00,-1.000000000000000000e+00
-1.000000000000000000e+00,-1.000000000000000000e+00,-1.000000000000000000e+00,-1.000000000000000000e+00,-1.000000000000000000e+00,-1.000000000000000000e+00,-1.000000000000000000e+00,-1.000000000000000000e+00,-1.000000000000000000e+00,-1.000000000000000000e+00,-1.000000000000000000e+00,-1.000000000000000000e+00,-1.000000000000000000e+00,-1.000000000000000000e+00,-1.000000000000000000e+00,-1.000000000000000000e+00,-1.000000000000000000e+00,-1.000000000000000000e+00,-1.000000000000000000e+00,-1.000000000000000000e+00,-1.000000000000000000e+00,-1.000000000000000000e+00,-1.000000000000000000e+00,-1.000000000000000000e+00,-1.000000000000000000e+00,-1.000000000000000000e+00,-1.000000000000000000e+00,-1.000000000000000000e+00,-1.000000000000000000e+00,-1.000000000000000000e+00,-1.000000000000000000e+00,-1.000000000000000000e+00,-1.000000000000000000e+00,-1.000000000000000000e+00,-1.000000000000000000e+00,-1.000000000000000000e+00,-1.000000000000000000e+00,-1.000000000000000000e+00,-1.000000000000000000e+00,-1.000000000000000000e+00,-1.000000000000000000e+00,-1.000000000000000000e+00,-1.000000000000000000e+00,-1.000000000000000000e+00,-1.000000000000000000e+00,-1.000000000000000000e+00,-7.711592779828361222e-01,-7.711763467440468922e-01,-7.712275112793995913e-01,-7.713126044314777552e-01,-7.714311999686551680e-01,-7.715822794602339441e-01,-7.717634857485847766e-01,-7.719695113089434235e-01,-7.721887359638971438e-01,-7.723964460642046559e-01,-7.725416039650906397e-01,-7.725218649356219158e-01,-7.721379177068052879e-01,-7.710127420324311975e-01,-7.684536349630266550e-01,-7.632251113776018503e-01,-7.531913220982570101e-01,-7.347850769649310054e-01,-7.022874675703654201e-01,-6.470078669323777731e-01,-5.567537669005904188e-01,-4.167094759205057786e-01,-2.143756006068899822e-01,4.637427447700148697e-02,3.169412860158771217e-01,4.786211381655156583e-01,4.786211409806033767e-01,3.169412940245204258e-01,4.637428671589916007e-02,-2.143755849350496012e-01,-4.167094574032063070e-01,-5.567537461092750828e-01,-6.470078445076369311e-01,-7.022874442633888492e-01,-7.347850536836626478e-01,-7.531912999154712907e-01,-7.632250915436598060e-01,-7.684536189746363766e-01,-7.710127315300177031e-01,-7.721379140655255657e-01,-7.725218687132286988e-01,-7.725416145139279989e-01,-7.723964619593558512e-01,-7.721887556556603638e-01,-7.719695340770419412e-01,-7.717635123379047446e-01,-7.715823111532097434e-01,-7.714312352154942820e-01,-7.713126423177807389e-01,-7.712275466115443567e-01,-7.711763827330193610e-01,-7.711593141894903525e-01,-1.000000000000000000e+00,-1.000000000000000000e+00,-1.000000000000000000e+00,-1.000000000000000000e+00,-1.000000000000000000e+00,-1.000000000000000000e+00,-1.000000000000000000e+00,-1.000000000000000000e+00,-1.000000000000000000e+00,-1.000000000000000000e+00,-1.000000000000000000e+00,-1.000000000000000000e+00,-1.000000000000000000e+00,-1.000000000000000000e+00,-1.000000000000000000e+00,-1.000000000000000000e+00,-1.000000000000000000e+00,-1.000000000000000000e+00,-1.000000000000000000e+00,-1.000000000000000000e+00,-1.000000000000000000e+00,-1.000000000000000000e+00,-1.000000000000000000e+00,-1.000000000000000000e+00,-1.000000000000000000e+00,-1.000000000000000000e+00,-1.000000000000000000e+00,-1.000000000000000000e+00,-1.000000000000000000e+00,-1.000000000000000000e+00,-1.000000000000000000e+00,-1.000000000000000000e+00,-1.000000000000000000e+00,-1.000000000000000000e+00,-1.000000000000000000e+00,-1.000000000000000000e+00,-1.000000000000000000e+00,-1.000000000000000000e+00,-1.000000000000000000e+00,-1.000000000000000000e+00,-1.000000000000000000e+00,-1.000000000000000000e+00,-1.000000000000000000e+00,-1.000000000000000000e+00,-1.000000000000000000e+00,-1.000000000000000000e+00
