Model:  09_16_25_metacentric_relaxed_model
Simulation: 09_16_25_CPC_metacentric_relaxed_model_v2
(SimID_296945372_0 (PDE Simulation)) 
Sim time range (0.0 500.0) (saved timepoints 51) 
Number of variables 40 
Variable names ['Bub1a', 'Bub1a_his', 'CPCa', 'CPCi', 'H2A', 'H3', 'H3_CPCa', 'H3_CPCi', 'Haspina', 'Haspini', 'I', 'Knl1', 'Mps1a', 'Mps1i', 'Ndc80', 'Ndc80_Mps1a', 'Ndc80_Mps1i', 'Ndc80_pMps1a', 'Ndc80_pMps1i', 'Plk1a', 'Plk1i', 'Sgo1', 'Sgo1_CPCa', 'Sgo1_CPCi', 'TIMEBOUNDS', 'TIMES', 'pH2A', 'pH2A_Sgo1', 'pH2A_Sgo1_CPCa', 'pH2A_Sgo1_CPCi', 'pH3', 'pH3_CPCa', 'pH3_CPCi', 'pKnl1', 'pKnl1_Bub1a', 'pMps1a', 'pMps1i', 'pNdc80', 'pNdc80_Mps1a', 'pNdc80_Mps1i', 'pNdc80_pMps1a', 'pNdc80_pMps1i'] 
 
2D Slice for variable Plk1i at time 460.0 in plane XY at Z = 0 
 
X in rows, Y in columns 
4.111385479376415,4.111383913447665,4.1113792169673555,4.111371393986651,4.111360451234035,4.1113463980320395,4.111329246266098,4.11130901027332,4.111285706670329,4.111259354190998,4.11122997353766,4.1111975872224935,4.111162219394061,4.111123895666715,4.111082642994516,4.111038489647591,4.11099146538405,4.110941602003388,4.110888934641947,4.110833504527129,4.110775364629311,4.110714591057895,4.110651305751769,4.110585721022438,4.110518225134479,4.110449540565817,4.110380996014201,4.110314926398909,4.110255047298351,4.110206139976716,4.11017180896758,4.1101541742829175,4.110154174445181,4.110171809443388,4.110206140753916,4.110255048388878,4.110314927818865,4.110380997745714,4.110449542566789,4.110518227391561,4.110585723569281,4.1106513086317165,4.1107145943085674,4.110775368321544,4.110833508758953,4.110888939432465,4.1109416072407745,4.110991470972107,4.111038495672561,4.111082649613006,4.111123902818188,4.111162226787318,4.111197594683024,4.111229981202476,4.111259362208011,4.111285714848781,4.111309018279865,4.111329254138952,4.111346406247554,4.111360460165827,4.1113714034618924,4.111379226511492,4.11138392285431,4.111385488751137
4.111382428032891,4.111380861475135,4.1113761630847785,4.111368336935131,4.111357389814444,4.11134333108221,4.111326172660224,4.111305928947747,4.111282616647651,4.111256254587841,4.111226863565325,4.1111944661915585,4.111159086725303,4.111120750903174,4.111079485808801,4.111035319843522,4.110988282893391,4.110938406880602,4.110885727062495,4.110830284791098,4.110772133165015,4.110711348417278,4.110648052594517,4.110582458096753,4.110514953266982,4.110446260664517,4.110377709073913,4.110311633495385,4.110251749569266,4.110202838602081,4.11016850516019,4.11015086927979,4.11015086948861,4.110168505757416,4.110202839535347,4.110251750816163,4.110311635054284,4.110377710912989,4.11044626272387,4.110514955530654,4.110582460626704,4.110648055463246,4.110711351645043,4.110772136775159,4.110830288880589,4.110885731711532,4.110938412002812,4.110988288315418,4.111035325572005,4.111079492056473,4.111120757742642,4.111159093877981,4.111194473355636,4.111226870832652,4.111256262258305,4.111282624666291,4.111305936861972,4.111326180259234,4.111343338808758,4.111357398295531,4.1113683462250386,4.111376172656912,4.111380870952214,4.111382437498952
4.1113732752707355,4.111371706830949,4.111367002728833,4.111359167050985,4.111348206736218,4.111334131292231,4.111316952786552,4.1112966858061775,4.111273347298785,4.111246956373116,4.111217534122738,4.111185103468166,4.111149688997784,4.111111316803541,4.1110700143455725,4.111025810414136,4.110978735285478,4.110928821262081,4.110876103969636,4.110820625124528,4.110762438193626,4.110701619776591,4.110638292263748,4.110572668355274,4.110505136651167,4.11043641994493,4.110367847249038,4.11030175377688,4.110241855343982,4.110192933385647,4.110158592569793,4.110140953014635,4.110140953290169,4.110158593344626,4.110192934553174,4.110241856829756,4.110301755557365,4.110367849292314,4.110436422184373,4.110505139063372,4.110572671029466,4.110638295315527,4.110701623196998,4.110762441886817,4.11082062912063,4.110876108454088,4.1109288262905395,4.110978740620741,4.111025815839611,4.111070020026218,4.111111323053642,4.111149695727602,4.11118511022672,4.111217540782728,4.111246963379276,4.1112733549762694,4.111296693746205,4.111316960332353,4.111334138499708,4.111348214396302,4.11135917568677,4.111367011996927,4.111371716175055,4.111373284636473
4.111358024834626,4.111356453220466,4.111351739554372,4.1113438879343605,4.111332905491076,4.111318801989396,4.111301589775495,4.111281283758055,4.111257901279323,4.111231461910336,4.111201987251342,4.111169500757811,4.111134027579011,4.111095594396474,4.111054229287095,4.111009961679634,4.110962822502932,4.1109128447109935,4.110860064563037,4.11080452438528,4.110746278238966,4.110685403312651,4.110622022573072,4.110556349257934,4.110488772441394,4.110420015327305,4.110351407292844,4.11028528387806,4.110225361170382,4.110176420806253,4.1101420676043725,4.110124421807379,4.1101244220774475,4.11014206837904,4.110176422001628,4.11022536271104,4.110285285737278,4.110351409461381,4.110420017754195,4.110488775065567,4.110556352116863,4.110622025793549,4.110685406921439,4.110746282073233,4.1108045283280275,4.110860068788932,4.110912849474098,4.110962827696329,4.111009966901934,4.111054234437744,4.111095599870001,4.111134033635113,4.111169507030217,4.111201993286195,4.111231467966621,4.11125790806031,4.111281291374314,4.111301597525259,4.111318809356698,4.111332912900311,4.111343896143721,4.111351748609363,4.111356462535721,4.1113580340263995
4.111336683070314,4.111335106917963,4.111330379672106,4.111322505502524,4.111311491770709,4.111297348588943,4.111280088713314,4.111259727518057,4.111236282893413,4.111209775048384,4.111180226293985,4.111147660848776,4.111112104665936,4.111073585267329,4.111032131599615,4.110987773983154,4.110940544256614,4.110890476294359,4.1108376072674755,4.110781980383958,4.11072365054681,4.110662695753915,4.110599239758381,4.110533496551427,4.110465855899761,4.110397041617329,4.11032838361148,4.110262217883367,4.11020226090325,4.110153294589259,4.110118923951241,4.110101269365235,4.110101269596999,4.110118924656888,4.110153295762325,4.11020226248666,4.110262219821182,4.110328385898012,4.110397044235656,4.11046585875453,4.1105334995628935,4.110599243000404,4.110662699354066,4.110723654431213,4.1107819843128555,4.110837611213283,4.110890480554128,4.110940548988217,4.110987778853519,4.111032136228491,4.111073589863077,4.1111121097594925,4.111147666427686,4.111180231752744,4.111209780171087,4.111236288355772,4.111259734041075,4.111280096110302,4.111297356144487,4.111311499358637,4.111322513757401,4.111330388985055,4.111335116800039,4.111336692659478
4.11130925901411,4.111307676908297,4.111302931891866,4.1112950282855545,4.111283973744322,4.111269778821388,4.111252456816543,4.1112320237255044,4.111208498152747,4.111181901126108,4.111152255869959,4.111119587590802,4.111083923290126,4.111045291590342,4.111003722578764,4.110959247738693,4.110911900083589,4.110861714672119,4.11080872986075,4.110752990022613,4.110694551179432,4.1106334923887236,4.110569938408927,4.110504104186859,4.11043638038062,4.11036749160561,4.110298768469194,4.110232547579312,4.110172545919641,4.110123545803428,4.110089152505922,4.110071486551897,4.1100714867904165,4.110089153267656,4.110123547132056,4.110172547730096,4.110232549720293,4.110298770889147,4.110367494346858,4.110436383396405,4.110504107307531,4.11056994157392,4.1106334957668285,4.1106945548904354,4.110752993859604,4.110808733541541,4.110861718295866,4.110911903994363,4.1109592519118765,4.111003726567531,4.111045295261898,4.11108392717453,4.111119592136879,4.111152260727583,4.111181905693858,4.111208502622781,4.111232028978248,4.111252463290065,4.111269786067322,4.1112839812985245,4.111295036488421,4.111302941383487,4.111307687527674,4.1113092696032325
4.111275764412363,4.111274174894389,4.111269407747931,4.111261467506847,4.111250362194364,4.111236102906372,4.111218703626585,4.111198181141673,4.111174554955877,4.111147847114978,4.111118081972065,4.111085285952975,4.1110494873529175,4.111010716155667,4.110969003867704,4.110924383426151,4.110876889307869,4.110826558032532,4.110773429412361,4.110717549261954,4.110658975006609,4.110597787041421,4.110534111382706,4.110468164155241,4.110400337109862,4.110331355847944,4.1102625518360485,4.110196262418353,4.110136205207425,4.110087163030921,4.110052741541272,4.11003506147327,4.110035061754299,4.110052742436852,4.110087164587426,4.1101362072982175,4.110196264793102,4.110262554363034,4.110331358612127,4.110400340189421,4.110468167394083,4.110534114548015,4.110597790164098,4.110658978324163,4.110717552770755,4.110773432759492,4.11082656102371,4.110876892235485,4.110924386592161,4.11096900703648,4.111010718935231,4.111049489980828,4.111085289137993,4.1111180859186405,4.111147851293441,4.111174559047358,4.111198185670876,4.111218709282368,4.111236109627703,4.111250369440974,4.111261475290434,4.111269416791898,4.111274185550233,4.111275775720076
4.111236213825396,4.111234615369571,4.111229821525408,4.111221837093983,4.111210670540938,4.111196333607852,4.111178841103739,4.111158210782485,4.111134463248437,4.111107621785327,4.111077712113786,4.1110447621332495,4.111008801695037,4.110969862412239,4.110927977490627,4.110883181619406,4.110835511048664,4.110785004063854,4.110731702221677,4.110675653055369,4.110616915671447,4.110555572083302,4.11049174983678,4.110425666484654,4.1103577150976,4.11028862246921,4.110219721100197,4.110153349199285,4.110093225096499,4.110044132218041,4.1100096766966585,4.109991979567229,4.109991979864341,4.110009677622058,4.110044133805639,4.110093227249638,4.110153351675701,4.110219723698447,4.110288625219538,4.11035771815666,4.1104256698076505,4.110491753104883,4.110555575070764,4.110616918523898,4.110675655987901,4.1107317050723085,4.110785006477575,4.110835513062965,4.110883183656567,4.110927979685646,4.110969864407998,4.1110088033527905,4.111044764009961,4.111077714832128,4.11110762526869,4.111134467064759,4.111158215015218,4.111178846320152,4.111196339993535,4.111210677623947,4.111221844565191,4.111229829898386,4.111234625336565,4.11123622495011
4.111190624818194,4.1111890158011395,4.111184190411936,4.111176153782959,4.111164914902856,4.111150486266829,4.111132883652231,4.1111121259583205,4.111088235095472,4.111061235816021,4.11103115546509,4.11099802369618,4.110961872210468,4.110922734545227,4.110880645899847,4.110835643018887,4.1107877642445905,4.11073704995567,4.1106835437732,4.110627295250605,4.110568365461761,4.110506838317277,4.110442843164018,4.11037659923932,4.110308501172983,4.1102392771781515,4.110170260999186,4.110103791875012,4.110043588954808,4.109994436322465,4.109959940657125,4.109942223373816,4.109942223658599,4.109959941502673,4.109994437726652,4.110043590910385,4.110103794274843,4.110170263630482,4.110239279912974,4.110308504097382,4.110376602439969,4.110442846424711,4.110506841244499,4.110568367944759,4.11062729754289,4.11068354600372,4.110737051848726,4.110787765564463,4.110835644032629,4.110880647039131,4.110922735795642,4.110961873289065,4.110998024748372,4.1110311570794265,4.111061238312557,4.111088238288946,4.111112129758239,4.111132888428685,4.111150492331062,4.111164921965464,4.111176161352702,4.111184198591761,4.111189025190934,4.111190635344082
4.111139018166017,4.111137396851698,4.111132534734072,4.11112443734623,4.111113114293113,4.111098578946915,4.11108084821021,4.111059942317353,4.111035884699589,4.111008701815253,4.110978422897812,4.1109450796493086,4.110908705940487,4.11086933756327,4.110827012038536,4.11078176849051,4.110733647682764,4.110682692426436,4.11062894874991,4.110572468560048,4.110513315213299,4.110451574815601,4.110387378796692,4.110320948338319,4.110252679864396,4.110183303228155,4.110114153636086,4.1100475715596145,4.109987277115297,4.109938055123648,4.109903512860216,4.10988577218228,4.109885772479055,4.109903513677564,4.109938056365492,4.109987278813116,4.110047573765948,4.110114156210597,4.110183305899598,4.110252682535327,4.110320951144102,4.110387381752171,4.11045157758639,4.110513317449288,4.11057247032538,4.110628950336724,4.110682693813299,4.110733648542292,4.110781768781324,4.110827012204078,4.110869337982838,4.11090870654515,4.110945080315902,4.110978423886636,4.111008703507846,4.111035887169264,4.111059945508005,4.11108085235153,4.111098584397471,4.111113121023987,4.111124444958276,4.1111325430593455,4.111137406176959,4.111139028436491
4.111081418057157,4.111079782587909,4.111074878185058,4.111066710845124,4.111055290888053,4.111040632699314,4.111022754483516,4.111001678023814,4.110977428512024,4.110950034369992,4.110919526996329,4.110885940444587,4.110849311087429,4.110809677326538,4.110767079367879,4.1107215590760156,4.110673159991659,4.110621927713801,4.110567911035502,4.110511164571383,4.110451754303452,4.1103897688612046,4.110325342068877,4.110258697338967,4.110190233137629,4.1101206811700175,4.110051378303209,4.109984666441405,4.1099242668471,4.109874965193978,4.109840369414252,4.10982260186142,4.109822602195327,4.109840370295396,4.109874966419224,4.109924268382596,4.109984668402595,4.110051380675042,4.11012068368362,4.110190235535542,4.110258699663035,4.110325344493158,4.110389771270228,4.110451756289865,4.110511165928748,4.110567911992564,4.110621928509296,4.110673160466882,4.110721558974776,4.110767078868188,4.110809676930103,4.110849311070964,4.110885940765559,4.110919527691472,4.110950035682337,4.1109774305971065,4.11100168086021,4.111022758153925,4.11104063747375,4.111055296909567,4.111066717969025,4.111074886284081,4.111079791805047,4.11108142829615
4.111017852332606,4.111016200707917,4.1110112480361085,4.111003000841197,4.1109914702565,4.110976671819677,4.110958625224384,4.110937354037493,4.110912885482323,4.110885250237196,4.110854482174822,4.110820618027239,4.110783697018096,4.110743760530353,4.1107008518432275,4.1106550159565005,4.110606299580976,4.110554751490238,4.110500423622161,4.110443373670934,4.110383670604361,4.110321405922827,4.11025671618233,4.1101898273487585,4.110121140219322,4.110051388587245,4.109981911172176,4.109915051490193,4.109854532126135,4.109805139745714,4.109770483010707,4.109752684809021,4.109752685134717,4.109770483889995,4.109805140971479,4.109854533568375,4.10991505319077,4.109981913204648,4.110051390833195,4.110121142397839,4.11018982931561,4.1102567180552025,4.110321407779825,4.110383672193479,4.110443374643876,4.110500423990615,4.110554751582176,4.110606299541225,4.11065501559225,4.110700851058976,4.110743759630467,4.110783696419873,4.110820617914944,4.11085448260718,4.110885251369369,4.110912887466085,4.110937356856269,4.110958628821904,4.110976676278397,4.110991475697355,4.11100300726628,4.111011255445701,4.111016209291196,4.1110178621227575
4.110948352794795,4.11094668284095,4.1109416754091574,4.110933337632115,4.110921681566405,4.110906724045559,4.110888486442522,4.110866994352121,4.110842277321198,4.110814368610427,4.110783304915942,4.110749126016502,4.110711874372704,4.110671594749545,4.110628333912484,4.110582140418556,4.110533064575078,4.1104811587548244,4.110426478456906,4.11036908485733,4.110309050291729,4.110246469491706,4.110181482090713,4.1101143169478025,4.110045377516651,4.109975399961321,4.109905725074669,4.10983869816177,4.109778043297102,4.109728548289932,4.109693822622403,4.109675989734324,4.109675989968401,4.1096938233205345,4.109728549382547,4.1097780446218675,4.109838699605174,4.1099057266840235,4.109975401792291,4.11004537941225,4.110114318628887,4.110181483462933,4.11024647067348,4.110309051284567,4.110369085402851,4.110426478367843,4.110481158214367,4.110533063909988,4.110582139704818,4.110628333035537,4.110671593767693,4.110711873574584,4.110749125661382,4.110783305141046,4.110814369565224,4.110842279166185,4.110866997111905,4.110888490032312,4.110906728442317,4.1109216868167335,4.110933343721785,4.110941682296872,4.110946690659873,4.110948361712577
4.110872955563823,4.110871264910676,4.110866195641068,4.110857755591698,4.110845957877258,4.110830820793001,4.11081236759557,4.110790626162929,4.110765628671442,4.110737411312041,4.110706013984471,4.110671479922227,4.110633855254842,4.110593188577686,4.110549530597329,4.110502933884882,4.110453452802294,4.110401143780229,4.1103460663345395,4.1102882855674165,4.110227877603885,4.110164940795307,4.110099618208996,4.110032141936586,4.10996291842304,4.109892686518466,4.1098227893504955,4.109755574210385,4.109694766828386,4.109645156320916,4.1096103531198525,4.109592481250577,4.109592481364567,4.109610353546842,4.109645157153267,4.10969476794394,4.109755575367081,4.109822790475397,4.109892687738066,4.109962919762259,4.110032143149842,4.110099619032288,4.110164941247347,4.11022787786162,4.110288285614371,4.110346065955655,4.110401142916474,4.110453451695966,4.110502932808322,4.110549529625274,4.110593187715616,4.110633854616459,4.110671479672192,4.110706014242641,4.110737412204633,4.110765630348273,4.11079062868653,4.110812370929775,4.110830824951931,4.110845962960372,4.110857761610077,4.110866202439833,4.110871272389568,4.110872963807204
4.110791701455596,4.110789987520601,4.1107848486870635,4.110776293586773,4.110764336548076,4.110748997525092,4.110730301893843,4.110708280097685,4.110682967274183,4.110654402918077,4.110622630539859,4.110587697265415,4.110549653362679,4.110508551753197,4.1104644475934915,4.110417397976939,4.1103674618212676,4.110314700109856,4.110259176865305,4.110200961600124,4.110140134697755,4.1100767985664515,4.110011100098922,4.109943274970348,4.109873732948953,4.109803215894272,4.1097330695585015,4.10966564344129,4.109604665092871,4.109554925094562,4.109520034993376,4.109502119498893,4.109502119542488,4.109520035210877,4.109554925609165,4.1096046658416565,4.109665644182115,4.109733070121386,4.109803216344729,4.109873733421594,4.109943275396042,4.110011100234295,4.110076798307119,4.1101401342100035,4.110200961063268,4.1102591762196,4.110314699191779,4.110367460656998,4.110417396792748,4.110464446590535,4.1105085510162445,4.110549652951611,4.110587697261633,4.1106226310180345,4.110654403964458,4.110682968989954,4.110708282512217,4.110730304954886,4.110749001266384,4.110764341177707,4.110776299278327,4.11078485533953,4.1107899948814985,4.110791709423542
4.1107046363989985,4.110702896362421,4.110697679521955,4.110688995388757,4.110676859667689,4.110661294191948,4.110642326725185,4.110619990595582,4.110594324274096,4.110565370976093,4.110533178271974,4.110497797654938,4.110459284034356,4.110417695192034,4.11037309129194,4.1103255345152,4.110275088893784,4.110221820507288,4.110165798413327,4.110107097051873,4.1100458015724595,4.109982018927536,4.109915900280841,4.109847685280678,4.1097777873635035,4.109706951724235,4.109636527046677,4.109568865288959,4.109507695988989,4.109457811319901,4.1094228240971775,4.10940485987093,4.109404859903962,4.109422824192571,4.109457811472857,4.109507696175021,4.109568865412956,4.109636526966438,4.109706951384125,4.109777786858628,4.109847684713754,4.109915899599881,4.1099820180093944,4.110045800442905,4.110107095895915,4.110165797354163,4.110221819497573,4.110275087866268,4.110325533531537,4.110373090486299,4.110417694660576,4.110459283838961,4.110497797868454,4.110533178977225,4.1105653722608055,4.110594326212995,4.110619993170872,4.110642329806799,4.110661297716465,4.110676863820429,4.110689000467497,4.110697685610499,4.110702903286462,4.110704644021245
4.110611811931927,4.110610042697029,4.110604738588433,4.110595910091449,4.110583574457604,4.110567755635658,4.110548484070661,4.110525796327482,4.110499734623185,4.11047034636122,4.110437683679598,4.110401802972312,4.11036276434414,4.110320631014757,4.1102754687570995,4.110227345457682,4.110176330881923,4.110122496811242,4.110065917919336,4.110006674129216,4.109944855893785,4.109880575232773,4.109813988076113,4.109745338487794,4.109675043951723,4.109603853335347,4.109533118574125,4.109465194369644,4.109403812446362,4.109353766677493,4.109318671243937,4.109300652680343,4.109300652707341,4.109318671217036,4.109353766425437,4.1094038119549605,4.109465193735899,4.109533117792054,4.109603852275512,4.109675042572268,4.109745336934196,4.1098139865076035,4.109880573650735,4.109944854230919,4.110006672436834,4.1100659163634035,4.110122495516166,4.110176329870763,4.110227344725098,4.110275468313371,4.1103206308656555,4.110362764500784,4.11040180348681,4.110437684639663,4.110470347861365,4.110499736741193,4.110525799064294,4.11054848730007,4.110567759216564,4.110583578443617,4.110595914722949,4.110604744027558,4.11061004889626,4.110611818857092
4.110513285777803,4.110511483930254,4.110506082354771,4.110497092626949,4.110484533735225,4.110468432004527,4.110448820883935,4.110425740558849,4.110399237440913,4.1103693636335406,4.110336176407036,4.1102997376580666,4.110260113312189,4.1102173726694105,4.110171587769198,4.110122832873618,4.110071184158662,4.1100167197792,4.109959520674116,4.109899672861835,4.109837272673779,4.109772437746471,4.109705329304732,4.109636196317766,4.109565460740892,4.109493875471307,4.109422796020225,4.109354580142196,4.109292962001538,4.1092427373126545,4.109207521680232,4.1091894426971685,4.1091894426674465,4.109207521452402,4.109242736655848,4.109292960890488,4.1093545787618355,4.109422794494359,4.109493873711713,4.109565458621267,4.109636193911237,4.109705326852793,4.10977243542413,4.109837270485386,4.109899670774837,4.109959518763487,4.110016718197958,4.110071183029,4.110122832243356,4.110171587622549,4.110217372943841,4.110260113942738,4.110299738631838,4.110336177761622,4.110369365412041,4.110399239679406,4.110425743284401,4.110448824071679,4.110468435584746,4.110484537710593,4.1104970971168635,4.110506087446733,4.110511489571234,4.1105132919774166
4.110409122474848,4.1104072842497885,4.110401773959094,4.110392604398605,4.11037979651004,4.110363379289776,4.11034338955473,4.110319871539392,4.110292876343771,4.110262461329071,4.110228689514139,4.110191628962657,4.110151352120853,4.110107935092038,4.110061456916511,4.110011998968634,4.109959644571855,4.109904478989398,4.109846590146971,4.109786070845199,4.1097230239292655,4.109657573239342,4.109589885849277,4.109520216157527,4.1094489910598675,4.109376967871742,4.109305506003113,4.109236966564115,4.109175086446646,4.109124663415492,4.1090893145845175,4.109071168622504,4.1090711684732675,4.109089314062623,4.109124662384551,4.10917508486854,4.109236964551534,4.1093055037063575,4.109376965336512,4.109448988234942,4.109520213050281,4.10958988263187,4.10965757016477,4.10972302116694,4.109786068435327,4.109846588091973,4.109904477336477,4.109959643411026,4.110011998384274,4.110061456935703,4.110107935659021,4.110151353138683,4.110191630372199,4.1102286913092465,4.110262463490711,4.110292878814972,4.110319874284768,4.110343392594355,4.110363382671844,4.110379800308503,4.110392608712433,4.1104017788254215,4.110407289570672,4.110409128216709
4.110299394060473,4.110297515306932,4.110291883890624,4.1102825139636,4.110269428659555,4.110252659976956,4.1102322485112746,4.110208243030383,4.110180699878808,4.110149682297668,4.110115259733614,4.11007750714478,4.110036504267598,4.109992334812924,4.109945085645652,4.109894846075498,4.109841707383393,4.109785762738915,4.109727107842404,4.109665843040855,4.109602078406891,4.109535944631098,4.1094676152256495,4.109397350569168,4.109325583006897,4.109253074705882,4.109181189313097,4.109112291573093,4.1090501213770985,4.108999478791767,4.108963982596375,4.108945762563952,4.10894576226377,4.108963981726324,4.108999477388392,4.109050119418313,4.109112289035474,4.1091811862802565,4.109253071351904,4.109325579463415,4.109397346877301,4.109467611451202,4.109535940969432,4.109602075118761,4.109665840302673,4.109727105690932,4.1097857611431055,4.1098417063399655,4.109894845630156,4.109945085832649,4.109992335587551,4.110036505526145,4.110077508818976,4.110115261827629,4.110149684799568,4.110180702681664,4.1102082459950635,4.110232251582447,4.110252663208407,4.110269432167556,4.1102825178796945,4.110291888299804,4.1102975201801915,4.110299399396155
4.110184180846941,4.110182256980254,4.110176490729503,4.110166897749444,4.110153503626703,4.110136343726439,4.110115462879127,4.110090914926645,4.110062762082384,4.110031074169997,4.109995927829138,4.109957405723058,4.109915595725409,4.109870590038559,4.109822484267503,4.1097713765814134,4.10971736712349,4.109660557844027,4.109601053068902,4.109538961522381,4.109474401296979,4.109407510657094,4.109338470196046,4.109267546852456,4.109195178958689,4.109122134014313,4.109049780285978,4.108980486430322,4.108917995567676,4.108867110300216,4.10883145127834,4.108813149470274,4.1088131490425415,4.10883145008915,4.108867108508297,4.108917993206186,4.108980483426268,4.1090497766602345,4.109122129976523,4.109195174769257,4.109267542655081,4.109338466042561,4.109407506657485,4.1094743976697234,4.109538958487653,4.109601050734791,4.109660556211306,4.109717366171147,4.109771376314382,4.109822484680762,4.10987059105811,4.10991559722339,4.109957407611767,4.109995930115444,4.110031076874781,4.11006276512499,4.110090918140961,4.110115466139413,4.110136347015931,4.110153506998977,4.110166901284372,4.110176494527871,4.110182261135206,4.11018418551735
4.110063572306886,4.110061598252949,4.110055681998942,4.110045840866562,4.110032103183672,4.110014508087041,4.109993105149862,4.109967953886956,4.109939123070902,4.109906689891462,4.10987073904556,4.1098313618201185,4.109788655175251,4.109742720780422,4.10969366398866,4.10964159285874,4.109586617415658,4.1095288493673365,4.109468402593734,4.109405395089247,4.109339953824982,4.109272225439029,4.109202398316701,4.10913074657578,4.109057715091162,4.1089840772047825,4.1089112062385995,4.108841475078527,4.1087786302860065,4.10872747718084,4.10869163848014,4.108673246494863,4.108673246008366,4.108691637097144,4.1087274750529215,4.1087786275072995,4.108841471665721,4.108911202236274,4.108984072771923,4.109057710463685,4.109130741963716,4.109202393860449,4.10927222125343,4.109339950048191,4.109405391871118,4.109468400052968,4.109528847576484,4.109586616416443,4.109641592664642,4.109693664564875,4.109742722028922,4.109788656957984,4.109831364019015,4.1098707416058575,4.109906692787334,4.109939126231685,4.109967957191395,4.109993108503342,4.110014511463627,4.110032106572895,4.110045844234491,4.110055685351001,4.110061601700494,4.110063576153315
4.109937668062239,4.109935638199058,4.109929555137381,4.109919438049783,4.109905318324152,4.10988723932031,4.1098652559252,4.1098394339981414,4.109809849635234,4.10977658825521,4.109739743573681,4.109699416539739,4.109655714278341,4.109608749019621,4.109558636976345,4.109505497233098,4.109449450837599,4.1093906203594655,4.109329130269242,4.109265108802081,4.109198692727548,4.109130037922971,4.109059341347352,4.1089868849701325,4.108913120782607,4.108838828482281,4.108765386908757,4.108695173546792,4.10863193863826,4.108580490368405,4.108544453664197,4.1085259623320045,4.108525961855497,4.108544452245166,4.108580488058429,4.108631935554477,4.108695169846737,4.10876538273129,4.108838823930939,4.108913115978846,4.108986880103466,4.109059336648033,4.1091300335864585,4.109198688875952,4.109265105511348,4.109329127618467,4.1093906184472715,4.109449449751319,4.109505497001328,4.109558637558606,4.109608750337694,4.109655716242111,4.1096994190429,4.109739746487006,4.109776591436418,4.109809852945889,4.1098394373291836,4.109865259235404,4.109887242633441,4.109905321646662,4.109919441305734,4.109929558236698,4.109935641172721,4.109937671229168
4.109806578981749,4.109804487075177,4.109798218573873,4.109787794707843,4.109773250275661,4.109754633357696,4.109732004794312,4.109705437550126,4.109675015905473,4.109640834464175,4.109602997019715,4.109561615341048,4.1095168079410405,4.109468698853793,4.1094174163948045,4.109363091925515,4.10930585877652,4.109245851617207,4.109183206679141,4.109118063516939,4.1090505696937525,4.108980891251628,4.108909234568922,4.108835890201159,4.108761317863418,4.108686304116358,4.108612233768147,4.108541489294463,4.108477824901316,4.108426051795646,4.108389797208375,4.108371196546661,4.108371196101245,4.108389795839356,4.108426049478634,4.1084778217388385,4.108541485509563,4.108612229569067,4.10868629960316,4.108761313091835,4.10883588530757,4.10890922979077,4.108980886829604,4.109050565783923,4.109118060198561,4.109183204018785,4.109245849700122,4.109305857674204,4.109363091647859,4.109417416897991,4.109468700095275,4.109516809897852,4.109561617955039,4.109603000143898,4.109640837885504,4.109675019415419,4.109705440997353,4.109732008111133,4.1097546365563895,4.109773253386852,4.109787797704159,4.109798221382165,4.109804489684481,4.109806581662141
4.109670428409994,4.1096682675403535,4.109661792922009,4.1096510280786775,4.109636011609204,4.109616796859525,4.109593451328116,4.1095660559392115,4.1095347041354655,4.1094995007838335,4.109460560930308,4.109418008442712,4.109371974592539,4.109322596633804,4.10927001639797,4.109214378918948,4.109155831196722,4.1090945213693475,4.109030598740868,4.108964215395833,4.108895530786555,4.108824722112827,4.108752006073341,4.108677682602509,4.108602219794446,4.108526411589872,4.108451649187243,4.108380320421515,4.108316183763668,4.108264053629863,4.10822755963665,4.108208838837124,4.108208838397664,4.1082275583058125,4.108264051412804,4.108316180751822,4.108380316790119,4.108451645117155,4.10852640720644,4.108602215191798,4.108677677908429,4.108752001467941,4.108824717787774,4.10889552690387,4.108964212082794,4.109030596103101,4.109094519488754,4.1091558301120115,4.109214378616699,4.109270016839222,4.1093225977951215,4.109371976466114,4.109418010981757,4.109460564004102,4.109499504201724,4.109534707705111,4.1095660594949734,4.109593454737836,4.109616800041321,4.109636014534672,4.109651030742876,4.109661795322774,4.109668269711155,4.109670430616949
4.109529353543737,4.109527116026406,4.10952041232637,4.109509268528264,4.109493727472527,4.109473848375349,4.109449706165215,4.1094213906691115,4.1093890055932,4.109352667294174,4.109312503394719,4.109268651280931,4.109221256503192,4.109170471131704,4.109116452128468,4.109059359785532,4.108999356317928,4.108936604840958,4.108871269182267,4.108803515306977,4.10873351577191,4.108661460011011,4.108587575996542,4.1085121738784025,4.108435730830472,4.108359048716786,4.108283525529362,4.108211554780436,4.108146899474763,4.108094377437223,4.108057620769413,4.108038768186059,4.108038767732848,4.108057619455084,4.108094375368109,4.108146896759749,4.108211551502633,4.108283521772328,4.108359044604669,4.108435726528851,4.108512169552601,4.1085875717756135,4.108661455998082,4.10873351208552,4.108803512097562,4.108871266598645,4.108936602980204,4.1089993552107655,4.1090593594266585,4.109116452510921,4.109170472246996,4.109221258313637,4.1092686536956435,4.109312506275874,4.109352670492608,4.10938900897784,4.10942139412025,4.1094497095511,4.109473851552493,4.109493730315126,4.109509270963155,4.109520414353063,4.109527117724341,4.109529355219068
4.109383506961984,4.109381184262927,4.109374225969783,4.109362661018802,4.109346536989471,4.10932591965081,4.109300892217358,4.10927155445318,4.109238021547442,4.109200422732832,4.109158899718043,4.109113605007506,4.1090647001205225,4.109012353722587,4.108956739734801,4.108898035520533,4.108836420263047,4.108772073736915,4.108705175896798,4.1086359080825146,4.108564457300582,4.108491026393359,4.108415855616477,4.108339266200025,4.1082617451215215,4.108184102733974,4.1081077442228215,4.10803506904694,4.1079698449452104,4.107916893314067,4.107879848849149,4.107860851951847,4.107860851513918,4.107879847615586,4.107916891456608,4.107969842594535,4.108035066236389,4.108107740959704,4.108184099103123,4.1082617412985005,4.108339262367651,4.108415851888462,4.108491022827425,4.108564453972783,4.108635905127525,4.10870517346851,4.1087720719389385,4.108836419131697,4.108898035071921,4.108956740000384,4.109012354720998,4.109064701808266,4.109113607269201,4.10915890239726,4.109200425672022,4.1092380246197795,4.109271557575242,4.10930089532439,4.109325922643224,4.109346539708532,4.1093626633011455,4.109374227740774,4.1093811855855655,4.109383508155841
4.109233058328748,4.109230640968971,4.109223399740958,4.109211366741973,4.109194594835694,4.109173157111292,4.109147146033659,4.109116672449998,4.109081864371569,4.10904286544905,4.108999833190934,4.1089529370480795,4.108902356416061,4.1088482785411395,4.108790896353482,4.108730406347397,4.108667006675758,4.10860089567468,4.108532271213485,4.108461331659506,4.108388279951722,4.1083133336230615,4.1082367462870195,4.108158851138341,4.108080145676418,4.108001449301554,4.107924174781999,4.10785072775328,4.107784880809737,4.107731458999171,4.107694099682999,4.107674944986519,4.107674944625682,4.107694098662863,4.107731457458888,4.107784878867628,4.10785072545308,4.107924172129168,4.108001446339754,4.1080801425174105,4.108158847919733,4.108236743115702,4.108313330568638,4.108388277088537,4.108461329098871,4.108532269081932,4.108600894061644,4.1086670056152865,4.108730405856219,4.108790896467861,4.108848279300364,4.10890235781901,4.108952939028069,4.108999835612104,4.109042868123272,4.109081867116394,4.1091166751639445,4.10914714870315,4.10917315971519,4.109194597251153,4.10921136877764,4.109223401268197,4.109230642010721,4.109233059167808
4.109078196299607,4.1090756737430905,4.109068118085005,4.109055564922012,4.109038072984632,4.1090157235241405,4.1089886193400655,4.108956883651825,4.108920658774613,4.108880104474068,4.10883539597552,4.108786721762079,4.108734281289999,4.108678282633527,4.108618940034037,4.108556471440689,4.108491096252687,4.108423033530782,4.1083525010715976,4.1082797161091555,4.108204899149844,4.108128283815685,4.108050138223949,4.107970808436843,4.107890803165712,4.107810951367031,4.107732673734091,4.107658382259295,4.107591854437124,4.107537918940956,4.107500215777796,4.107480888801619,4.107480888554512,4.10750021505662,4.107537917801329,4.107591852952862,4.107658380496591,4.107732671735057,4.107810949158846,4.107890800785409,4.107970805946265,4.108050135705237,4.108128281359279,4.108204896848249,4.108279714057108,4.108352499359263,4.108423032224551,4.1084910953809075,4.10855647100614,4.108618940045285,4.108678283123756,4.108734282302239,4.108786723302677,4.10883539796072,4.108880106724761,4.108920661093556,4.108956885925885,4.108988621555037,4.1090157256672635,4.109038074952796,4.109055566552306,4.109068119269375,4.109075674497422,4.109078196854142
4.1089191306565755,4.1089164911859255,4.108908586083858,4.1088954548308765,4.1088771626495495,4.108853799854534,4.1088254807738815,4.108792342452292,4.108754543174304,4.108712260697975,4.108665690084875,4.1086150411992675,4.108560536061137,4.108502406151435,4.108440889640284,4.108376228562439,4.108308666148616,4.108238444644375,4.108165804048624,4.108090982518147,4.10801421993368,4.107935767530794,4.107855909151118,4.107775004644189,4.10769357458053,4.107612457893335,4.107533083440051,4.107457869656704,4.107390598892706,4.107336103312793,4.107298025426832,4.107278510730691,4.107278510576708,4.107298024967494,4.107336102564082,4.107390597894794,4.107457868466138,4.107533082104486,4.107612456435113,4.107693573005473,4.107775002967592,4.107855907419848,4.107935765822423,4.108014218332039,4.108090981091499,4.108165802850465,4.108238443721406,4.108308665531172,4.108376228250086,4.108440889619929,4.10850240643999,4.108560536710132,4.108615042235759,4.108665691450693,4.108712262267602,4.1087545448369935,4.108792344160896,4.108825482502938,4.108853801526424,4.108877164126144,4.108895455981857,4.108908586855636,4.108916491609727,4.108919130919365
4.1087560946778865,4.108753325266111,4.108745031793159,4.108731258058996,4.108712076465323,4.108687587350169,4.108657917850888,4.108623220446172,4.10858367127258,4.108539468190726,4.108490828450855,4.10843798591624,4.108381188010891,4.108320692587411,4.108256764753652,4.108189673638337,4.108119689255574,4.108047079843673,4.107972110184613,4.107895041661578,4.107816135525277,4.107735662281099,4.107653922787827,4.107571291610349,4.107488301768138,4.10740580247206,4.107325230822383,4.107249011621575,4.107180931888462,4.107125827022114,4.107087341766295,4.107067623048972,4.107067622941746,4.107087341467801,4.1071258265840775,4.107180931356537,4.107249011017545,4.107325230152985,4.107405801745674,4.107488300997498,4.1075712908077975,4.1076539219706385,4.10773566147926,4.10781613477163,4.107895040977932,4.107972109589859,4.108047079368546,4.1081196889291505,4.10818967346184,4.108256764716161,4.108320692712171,4.108381188345569,4.108437986459704,4.108490829127173,4.108539468930811,4.108583672095227,4.108623221415332,4.108657918954907,4.108687588458125,4.108712077408378,4.108731258728456,4.108745032162822,4.108753325358984,4.108756094639125
4.108589347751086,4.108586433932293,4.108577708839946,4.108563221062026,4.108543050943618,4.108517309884401,4.108486139187979,4.10844970850049,4.108408213908024,4.108361875764602,4.108310936158045,4.108255655878681,4.10819631095677,4.108133189009261,4.108066585551309,4.107996800271516,4.107924133363788,4.1078488822898915,4.107771339568062,4.107691792405108,4.1076105256252955,4.107527830789935,4.107444027123759,4.107359504818808,4.107274809847157,4.10719080184586,4.107108926026103,4.107031613238846,4.106962654761423,4.106906888791513,4.1068679618993,4.106848022114142,4.106848022038117,4.1068679617200665,4.106906888610363,4.106962654647196,4.107031613192299,4.1071089260170215,4.107190801864075,4.107274809908756,4.107359504936803,4.107444027289283,4.107527830977344,4.10761052580271,4.107691792545238,4.107771339662917,4.107848882349808,4.10792413339006,4.107996800242961,4.108066585464937,4.108133188922866,4.1081963109400235,4.108255655918317,4.108310936167461,4.108361875712914,4.1084082138902,4.108449708640216,4.1084861394973755,4.108517310253844,4.108543051244153,4.108563221215059,4.108577708809801,4.108586433706074,4.108589347427159
4.10841917825258,4.108416103986209,4.108406899284111,4.108391617991749,4.108370349226651,4.108343216587596,4.108310376994023,4.10827201909501,4.10822836120315,4.108179648845141,4.1081261519530035,4.1080681615571555,4.1080059859191085,4.107939946298978,4.107870372623971,4.107797599151269,4.107721960179141,4.107643786130799,4.107563400674077,4.1074811198046985,4.107397254372972,4.1073121189142485,4.107226052396501,4.107139461486118,4.107052905467312,4.106967254342721,4.106883961037497,4.106805461822883,4.106735551503163,4.106679070362513,4.106639666193432,4.1066194876698265,4.106619487654073,4.10663966618988,4.1066790704637235,4.106735551778767,4.106805462287269,4.1068839616729615,4.106967255132468,4.10705290640097,4.107139462544259,4.107226053537711,4.1073121200740434,4.1073972554770375,4.107481120793906,4.107563401517832,4.107643786803538,4.107721960626179,4.107797599308137,4.107870372489691,4.107939945966009,4.108005985490752,4.108068161049437,4.108126151321243,4.108179648098734,4.108228360439871,4.1082720184142065,4.108310376419936,4.108343216089025,4.108370348765825,4.1083916175284605,4.108406898771197,4.108416103394453,4.1084191776427055
4.108245906727313,4.108242654248212,4.108232916764247,4.108216753826442,4.108194264171644,4.108165584822575,4.108130889881633,4.10809038894876,4.108044324988949,4.107992971639841,4.107936630065098,4.1078756253057644,4.1078103019902095,4.107741019479655,4.107668146761055,4.107592057327831,4.107513124139265,4.107431714913749,4.1073481884305325,4.1072628928971415,4.1071761679582055,4.107088353196484,4.106999808705727,4.106910958347878,4.106822374843653,4.106734938190103,4.106650108272988,4.106570325767329,4.106499387865441,4.106442135840717,4.106402217802533,4.106381782431288,4.106381782506853,4.106402218041656,4.10644213627547,4.10649938853873,4.106570326722843,4.106650109537091,4.106734939750321,4.106822376646935,4.1069109603207,4.10699981077017,4.10708835526751,4.107176169945151,4.107262894720839,4.107348190025962,4.107431716201393,4.107513125012779,4.107592057705781,4.1076681466543805,4.107741018981875,4.107810301193141,4.107875624252499,4.107936628791197,4.10799297021922,4.108044323508078,4.1080903874636885,4.108130888429711,4.108165583447159,4.1081942628986345,4.108216752638419,4.108232915636653,4.108242653194227,4.108245905788176
4.108069889396024,4.108066439049483,4.108056109961087,4.1080389678201295,4.108015121789631,4.107984723564893,4.107947966102916,4.107905082037855,4.107856341565547,4.107802049606487,4.107742542317825,4.107678183025254,4.107609357455871,4.107536468217404,4.107459928786459,4.107380157388178,4.10729757099471,4.107212579674666,4.107125581922722,4.10703696212178,4.106947091865859,4.106856338049899,4.106765083268647,4.106673769113354,4.106582981524848,4.106493609670215,4.106407119135317,4.106325953466816,4.106253910599791,4.10619583121638,4.106155362423275,4.1061346519870225,4.106134652146494,4.10615536289278,4.106195831985678,4.106253911688775,4.106325954929545,4.106407121018071,4.106493611959953,4.10658298414158,4.1066737719453545,4.106765086204711,4.106856340983524,4.106947094691687,4.107036964734521,4.107125584205532,4.1072125814916625,4.107297572226871,4.107380157994571,4.107459928807645,4.107536467703781,4.107609356423489,4.10767818150779,4.107742540425068,4.107802047486328,4.10785633932369,4.107905079736192,4.107947963814568,4.107984721367227,4.108015119707568,4.108038965845289,4.108056108136015,4.108066437469532,4.108069888082623
4.107891521996802,4.107887852071864,4.107876866419606,4.107858637306048,4.107833285054289,4.107800977213845,4.107761927291934,4.1077163931555845,4.107664674974383,4.107607112358312,4.107544080595594,4.107475986113753,4.107403261149452,4.1073263574995185,4.107245739487182,4.1071618765925,4.10707523618134,4.10698627665721,4.106895441622978,4.106803156235203,4.10670982763909,4.10661585252074,4.106521637318425,4.106427641627186,4.106334463935246,4.106243001141197,4.10615472256415,4.106072072375446,4.105998846942882,4.1059398841823045,4.105898828367112,4.105877825045781,4.1058778252600545,4.105898829008695,4.10593988525396,4.1059988484631305,4.106072074375797,4.106154725063482,4.106243004114253,4.106334467301214,4.10642764526154,4.106521641076401,4.106615856259965,4.106709831229585,4.106803159541768,4.10689544447983,4.106986278892411,4.107075237698732,4.107161877413861,4.107245739672635,4.107326357036165,4.1074032599737285,4.1074759842467214,4.107544078190799,4.107607109600883,4.107664671994297,4.107716390060736,4.107761924206143,4.107800974219687,4.1078332821583965,4.107858634537239,4.1078768639151555,4.107887849987679,4.107891520309125
4.107711243935886,4.1077073305223095,4.1076956167530625,4.10767618190678,4.107649158122875,4.107614729846654,4.10757313273289,4.107524652099019,4.107469620958435,4.107408417245,4.1073414599017335,4.107269203874123,4.107192134111534,4.107110758483037,4.107025599602416,4.106937185961563,4.10684604300096,4.106752684665776,4.106657606089517,4.106561278590704,4.106464148990371,4.106366646465532,4.106269202545344,4.106172294722783,4.1060765327474416,4.10598281901074,4.105892623668136,4.105808388299418,4.1057339044916,4.105674004448219,4.105632327158936,4.105611014188506,4.105611014458272,4.105632327981125,4.105674005848213,4.105733906483159,4.105808390874041,4.105892626800457,4.105982822657658,4.106076536826969,4.106172299094044,4.106269207025568,4.106366650878525,4.106464153190926,4.106561282430209,4.1066576093807745,4.106752687230468,4.106846044767327,4.106937186973289,4.107025599899164,4.107110758010006,4.107192132797984,4.107269201769362,4.107341457166007,4.107408414033625,4.107469617391297,4.107524648321988,4.107573128906427,4.107614726058377,4.107649154408824,4.107676178389928,4.107695613658063,4.107707328002605,4.1077112419038535
4.107529542698696,4.107525359589933,4.10751283920277,4.107492068187219,4.107463191053481,4.107426409994802,4.107381984193795,4.1073302285089035,4.107271511684642,4.107206253778596,4.107134922274167,4.10705802669188,4.106976111831956,4.106889749679308,4.106799529909779,4.1067060492694285,4.10660990055118,4.106511662014266,4.106411888103911,4.106311102721888,4.10620979714372,4.106108435977895,4.106007476906789,4.105907414646528,4.105808868060765,4.105712741732595,4.105620502560175,4.105534585060931,4.105458771625633,4.105397884767809,4.105355554948403,4.105333917436236,4.105333917807065,4.105355556059301,4.105397886607892,4.1054587741663315,4.105534588258694,4.10562050636458,4.1057127460753575,4.105808872823417,4.1059074196457965,4.106007481932868,4.106108440853816,4.106209801735578,4.106311106887277,4.106411891663401,4.106511664809806,4.106609902521711,4.10670605042829,4.106799530248308,4.106889749142874,4.106976110409203,4.107058024472117,4.1071349193797175,4.107206250297034,4.107271507716098,4.10733022421803,4.1073819797439475,4.107426405481854,4.107463186593496,4.107492064024278,4.1075128356096995,4.107525356674346,4.107529540329668
4.10734695846832,4.107342477114076,4.107329064465188,4.107306814705392,4.1072758850674465,4.107236496074115,4.1071889314813905,4.107133537488105,4.107070721316291,4.1070009489940675,4.106924741710785,4.106842670240722,4.106755347419768,4.106663418822113,4.106567551652276,4.106468422025722,4.1063667013550305,4.1062630429622855,4.106158070143583,4.106052367157394,4.105946475353326,4.105840897998031,4.105736119707542,4.10563265093882,4.105531116310359,4.105432417839734,4.105338013504754,4.105250324693199,4.105173118650167,4.105111202870278,4.105068194989358,4.105046220973773,4.105046221489153,4.1050681964888325,4.1051112052472005,4.1051731218026,4.105250328553741,4.105338018010373,4.105432422874567,4.1055311216811505,4.1056326564127525,4.105736125081055,4.105840903129167,4.105946480128206,4.106052371438821,4.106158073777083,4.106263045836062,4.106366703425834,4.106468423271278,4.10656755202789,4.106663418294274,4.106755346017954,4.106842668032957,4.106924738745829,4.107000945326126,4.107070717076935,4.107133532858881,4.10718892659074,4.107236491012341,4.107275880033989,4.107306810035123,4.107329060433755,4.10734247379499,4.107346955735728
4.107164088908554,4.107159278411556,4.1071448806998445,4.107120997352025,4.107087798297027,4.107045522527842,4.106994478906808,4.106935046271432,4.106867672718472,4.106792873980266,4.106711230284212,4.106623380889002,4.106530015938858,4.1064318657450025,4.1063296876549105,4.106224250710657,4.10611631879079,4.106006633575952,4.10589589902918,4.105784769294003,4.105673842480735,4.105563664064518,4.105454745962988,4.105347611795831,4.105242886928985,4.105141464069478,4.105044784508335,4.104955248375631,4.104876599897132,4.1048136245216655,4.1047699214066835,4.104747603295119,4.104747603946577,4.10476992327262,4.104813627409063,4.104876603640812,4.104955252881097,4.1050447896760875,4.105141469709498,4.105242892773354,4.105347617591965,4.105454751540916,4.10556366931394,4.105673847285706,4.105784773515708,4.105895902556133,4.106006636365539,4.106116320836785,4.106224251984123,4.106329688105776,4.1064318653480765,4.106530014691228,4.106623378767329,4.106711227274023,4.106792870175495,4.1068676683273235,4.106935041473413,4.106994473765485,4.1070455171226135,4.107087792891688,4.107120992318486,4.1071448762880465,4.1071592747015915,4.107164085810338
4.106981594030287,4.106976421208232,4.1069609386800545,4.106935254910191,4.106899551920527,4.106854086622868,4.106799192728094,4.106735282192079,4.106662845709874,4.106582452084069,4.1064947459265255,4.1064004426879706,4.106300320197658,4.106195206530765,4.106085964418993,4.10597347255025,4.105858604531225,4.1057422070760135,4.1056250796479565,4.105507958118272,4.105391505404366,4.1052763130656045,4.105162920039478,4.105051859026344,4.104943748938812,4.104839463783742,4.104740417596695,4.104648978423676,4.10456885716262,4.104504808099019,4.104460404585143,4.104437741055781,4.104437741791998,4.104460406695911,4.104504811369131,4.104568861396591,4.104648983477206,4.104740423294142,4.104839469859903,4.104943755094199,4.105051865025418,4.10516292573443,4.105276318337736,4.105391510119124,4.105507962156916,4.105625082966042,4.105742209697066,4.105858606476123,4.105973473796204,4.106085964928469,4.106195206271384,4.106300319100845,4.106400440647743,4.106494742920836,4.106582448274666,4.106662841336552,4.106735277373838,4.10679918746739,4.106854081028314,4.10689954631835,4.106935249666729,4.106960934006033,4.106976417213538,4.106981590651902
4.106800200950354,4.106794630524969,4.106777957023279,4.106750294831487,4.106711836684282,4.106662855876923,4.106603709564182,4.106534842047864,4.106456787173753,4.106370169353948,4.106275702640072,4.10617418673585,4.106066498673423,4.105953579436265,4.105836415545455,4.105716016085865,4.1055933861723,4.105469498766512,4.105345267736619,4.105221525642866,4.1050990100453975,4.10497836277929,4.104860148475351,4.104744902687761,4.104633227721495,4.104525966027418,4.10442449016526,4.10433112176561,4.1042495249834845,4.104184411240588,4.104139318743491,4.104116317131447,4.104116317906319,4.104139320988456,4.104184414767559,4.104249529581287,4.104331127215686,4.104424496203233,4.104525972346424,4.104633234037248,4.104744908785022,4.104860154187522,4.104978367952118,4.105099014550518,4.105221529425362,4.105345270823407,4.105469501206741,4.105593387975839,4.105716017229866,4.105836416011552,4.105953579190565,4.106066497615329,4.106174184749197,4.10627569974062,4.106370165720611,4.106456782975277,4.106534837305849,4.106603704279063,4.106662850246506,4.106711831083861,4.106750289578818,4.106777952280665,4.106794626431519,4.1068001974481625
4.106620708225198,4.106614703208764,4.106596727260272,4.106566899119385,4.106525419835838,4.1064725762246805,4.106408745914261,4.106334403014779,4.106250123259625,4.106156587669379,4.106054583892093,4.105945003952747,4.105828836714052,4.10570715362978,4.10558108727007,4.1054518030228575,4.105320465278711,4.105188200594789,4.105056061679148,4.1049249969716035,4.104795830901391,4.104669260089068,4.104545871922309,4.104426195479939,4.104310802235931,4.1042004856574765,4.1040965579202,4.1040012754536725,4.103918238333739,4.10385210021733,4.1038063524042,4.1037830316092645,4.103783032402835,4.103806354725385,4.103852103904006,4.1039182431506696,4.104001281110776,4.104096564096392,4.104200492046126,4.104310808577731,4.1044262015498765,4.104545877509046,4.104669265020835,4.104795835098478,4.104925000455293,4.10505606451265,4.105188202810801,4.105320466866866,4.10545180397319,4.105581087588299,4.105707153285892,4.105828835612672,4.105945002017523,4.106054581172964,4.106156584296742,4.106250119291109,4.106334398424376,4.106408740775923,4.106472570822093,4.106525414518235,4.106566894105504,4.106596722669762,4.1066146992111845,4.106620704758842
4.106443989382142,4.106437511700254,4.106418118307684,4.1063859299456675,4.106341152258938,4.106284080943784,4.106215109022509,4.106134735489655,4.106043574127913,4.105942361098115,4.105831959940287,4.10571336232894,4.105587682378709,4.105456142228688,4.105320047472601,4.105180752377729,4.105039616420504,4.104897955511895,4.1047569932409305,4.104617818860253,4.104481359037719,4.104348369945886,4.104219456380183,4.104095127171567,4.103975903093668,4.103862505104972,4.103756160080179,4.1036590349080075,4.103574643421423,4.1035075627036,4.1034612224813145,4.103437616502102,4.103437617292257,4.103461224800153,4.103507566394533,4.103574648229327,4.103659040514606,4.103756166163314,4.1038625113804255,4.103975909305201,4.104095133060945,4.104219461706073,4.1043483745530125,4.104481362894202,4.104617822015113,4.104756995747399,4.104897957392532,4.105039617690008,4.105180753067826,4.105320047602642,4.105456141754976,4.105587681214213,4.105713360438999,4.105831957387386,4.105942357958641,4.1060435704102725,4.106134731207911,4.106215104330229,4.106284076112165,4.106341147513066,4.1063859253957755,4.106418114068562,4.106437507973306,4.1064439860925965
4.106270995247594,4.10626400662198,4.106243079873102,4.106208334464088,4.106159975287547,4.106098299984039,4.106023709059158,4.105936718234095,4.105837971958545,4.105728256441072,4.105608510232091,4.1054798300044055,4.1053434685309735,4.1052008214473465,4.105053399975174,4.1049027884827165,4.104750588280393,4.104598352149749,4.104447517297728,4.10429934663514,4.104154888490794,4.104014963297819,4.10388018422157,4.103751019739171,4.103627912275631,4.103511478629492,4.10340282775867,4.103304005824154,4.103218412460076,4.103150524737945,4.1031036927279665,4.103079854945089,4.103079855675594,4.103103694873268,4.103150528154319,4.103218416912212,4.103304011028871,4.103402833439273,4.103511484529853,4.10362791813335,4.1037510252791645,4.1038801892065475,4.104014967587071,4.104154892040024,4.104299349452355,4.1044475194141725,4.1045983536220465,4.104750589188222,4.1049027888938765,4.1050533998942775,4.1052008208090545,4.10534346726893,4.105479828128761,4.105608507817622,4.105728253548182,4.105837968615648,4.105936714513502,4.106023705113207,4.106098295967602,4.106159971284173,4.106208330538392,4.106243076173174,4.106264003346014,4.10627099228355
4.106102754558879,4.106095217713088,4.10607264435584,4.106035148346117,4.105982926622846,4.105916269067316,4.105835572121565,4.105741355731446,4.105634282746498,4.105515179136789,4.10538505260018,4.105245106311794,4.105096743589022,4.1049415583718645,4.104781306540466,4.104617854901977,4.104453108321093,4.104288920657802,4.104127000851699,4.103968829474114,4.1038156011468905,4.103668204394115,4.103527245853193,4.103393124406401,4.103266165831652,4.103146840418368,4.103036096833827,4.102935820990269,4.1028492635735985,4.1027807729083365,4.102733597450038,4.102709605700765,4.102709606290123,4.102733599191817,4.102780775712317,4.102849267278437,4.102935825392777,4.1030361017254,4.103146845586422,4.103266171041778,4.103393129413681,4.1035272504401465,4.103668208392012,4.1038156044338745,4.103968831989544,4.1041270026225005,4.104288921786689,4.104453108922235,4.104617855034101,4.10478130618847,4.104941557493263,4.105096742187145,4.105245104459703,4.105385050387945,4.105515176619615,4.105634279967125,4.105741352764192,4.105835569049224,4.1059162659312625,4.1059829234444285,4.1060351452045625,4.10607264140268,4.106095215068444,4.1061027520647
4.10594037212665,4.105932252406377,4.105907926627121,4.105867497522311,4.105811144860245,4.1057391379795,4.105651853391679,4.105549797220741,4.105433631849696,4.10530420535218,4.105162581128203,4.1050100636611155,4.104848214562159,4.104678851310677,4.104504020295751,4.104325937249264,4.104146892972496,4.1039691306733355,4.1037947116619895,4.1036253941885485,4.1034625504535205,4.103307138303902,4.1031597334136505,4.103020622422811,4.102889961594278,4.102768018509611,4.1026555270983,4.102554163605052,4.102466987258636,4.102398183042481,4.102350871630722,4.102326834005333,4.10232683438558,4.10235087278324,4.102398184969378,4.102466989902199,4.1025541668511565,4.102655530816506,4.102768022569347,4.1028899658492,4.103020626696973,4.103159737498193,4.103307141966342,4.1034625534842135,4.103625396476232,4.10379471322515,4.103969131604407,4.104146893350989,4.104325937107046,4.1045040196437785,4.104678850189341,4.1048482130694435,4.105010061923108,4.105162579233417,4.1053042033304274,4.1054336297192,4.105549795023151,4.10565185116748,4.105739135746531,4.105811142639396,4.1058674953678445,4.1059079246001815,4.105932250505688,4.105940370187912
4.105785023671374,4.1057762911109315,4.105750120686832,4.10570659717573,4.105645871815716,4.105568177365573,4.105473849784495,4.105363356762738,4.105237332907631,4.105096620611823,4.1049423142915,4.104775803462508,4.104598807127111,4.104413388510145,4.104221936431871,4.10402709967355,4.103831666232006,4.103638392462456,4.103449806475705,4.103268027489002,4.103094644667737,4.102930680290548,4.1027766389275095,4.10263263245558,4.102498574875191,4.102374457296217,4.102260730056031,4.102158799050234,4.102071481034822,4.102002756824595,4.10195558875864,4.101931649967898,4.101931650110662,4.101955589241485,4.102002757746904,4.102071482436323,4.102158800898509,4.102260732315108,4.1023744599613465,4.102498577927868,4.102632635794653,4.102776642340044,4.102930683492565,4.103094647402824,4.103268029610353,4.103449807944036,4.103638393287897,4.103831666440244,4.104027099314698,4.1042219355879075,4.104413387293509,4.104598805679925,4.104775801928548,4.10494231275914,4.105096619096064,4.105237331403089,4.105363355299446,4.105473848422224,4.105568176144087,4.105645870714144,4.1057065961266295,4.105750119616789,4.105776289951517,4.1057850223069945
4.105637946510548,4.105628578277244,4.105600492017893,4.1055537465382335,4.105488451084659,4.105404782544748,4.105303010799562,4.105183533279319,4.105046919427388,4.104893964998952,4.104725754775149,4.1045437295328915,4.104349748593709,4.104146133129112,4.103935668795981,4.1037215423392395,4.103507190954467,4.1032960621610854,4.103091317922856,4.102895556048992,4.102710630612457,4.102537609886175,4.102376861028235,4.102228229155214,4.10209128650829,4.101965652405661,4.1018514084444995,4.101749617507058,4.101662794129601,4.101594667838596,4.1015480076864534,4.101524355795764,4.101524355708591,4.10154800750838,4.101594667736167,4.10166279421857,4.101749617840916,4.101851409104631,4.101965653530046,4.102091288200605,4.102228231376818,4.102376863578703,4.102537612481721,4.102710632989802,4.102895558006896,4.103091319309968,4.1032960628890764,4.103507191041239,4.103721541898312,4.10393566795642,4.104146131996358,4.1043497472940516,4.104543728231077,4.104725753604217,4.104893963999016,4.105046918588528,4.105183532629459,4.105303010408855,4.105404782421606,4.105488451096027,4.105553746486177,4.10560049177384,4.1056285778022,4.1056379457375956
4.105500425375264,4.105490408500456,4.105460364682105,4.105410318048127,4.10534032079175,4.10525047183704,4.105140944894833,4.105012028038279,4.10486417702136,4.104698083958885,4.104514761865948,4.104315642758175,4.104102681191902,4.103878445410997,4.1036461650142195,4.103409690791686,4.103173318490504,4.102941450738243,4.102718136668734,4.102506622056818,4.102309079131607,4.102126574363049,4.101959226997664,4.101806480024162,4.101667429617932,4.101541203123342,4.101427411441036,4.101326690369225,4.1012411844048025,4.101174318758543,4.101128629980329,4.1011055032170205,4.101105502928192,4.101128629200973,4.101174317677156,4.101241183197218,4.1013266891915565,4.101427410499084,4.101541202670181,4.101667429845463,4.1018064809626384,4.101959228512094,4.102126576223518,4.102309081074495,4.1025066237972085,4.1027181379345405,4.102941451377323,4.103173318542756,4.103409690406316,4.103646164302386,4.1038784444377345,4.104102680093814,4.104315641763276,4.1045147611641,4.104698083600323,4.104864176973753,4.1050120283011315,4.105140945493571,4.105250472695076,4.105340321688645,4.105410318770458,4.105460365151672,4.105490408714173,4.105500425256064
4.1053737726233885,4.105363106956525,4.105331102406651,4.105277739765838,4.105202998662261,4.105106876481751,4.104989417428678,4.104850754927067,4.104691171567866,4.104511180908066,4.104311635051019,4.104093859999564,4.103859814830917,4.10361225779434,4.103354879806326,4.103092334290369,4.102830063586409,4.102573831436404,4.102328978779166,4.102099648119036,4.101888373762786,4.101696109543084,4.101522541118476,4.101366511562352,4.101226464313719,4.101100889331249,4.10098881060852,4.100890344144476,4.100807190340073,4.100742411968332,4.1006982697447265,4.10067596295634,4.10067596250678,4.100698268462173,4.100742410022155,4.100807187954418,4.100890341581265,4.1009888081679735,4.101100887320992,4.10122646298429,4.101366511050663,4.101522541421648,4.101696110519181,4.10188837514358,4.102099649544425,4.10232897989869,4.10257383205745,4.102830063722438,4.103092334046449,4.1033548792589,4.103612257035147,4.103859814078144,4.104093859529011,4.104311635020383,4.10451118130362,4.104691172321263,4.1048507560179175,4.104989418834145,4.105106878069991,4.1052030002297215,4.10527774118531,4.105331103637003,4.105363107926813,4.105373773210556
4.105259302208028,4.105248003444351,4.10521408279362,4.105157469954806,4.105078057732653,4.104975719297456,4.1048503356136905,4.104701837027418,4.104530265195366,4.104335863094899,4.104119202170972,4.103881356220116,4.103624128401552,4.103350325047334,4.103064038708008,4.1027708429165894,4.102477713509059,4.102192427071715,4.101922311974014,4.101672777150462,4.101446705268931,4.101244692214957,4.101065677606785,4.100907621589402,4.100768093562258,4.100644782481778,4.100536003303021,4.100441256839767,4.100361722126091,4.100300037168863,4.100258139214237,4.100237009424735,4.10023700886427,4.100258137563758,4.100300034552552,4.100361718796019,4.100441253131471,4.1005359995491055,4.100644778982417,4.100768090613537,4.100907619471811,4.101065676490612,4.10124469206717,4.101446705848185,4.1016727780943505,4.10192231292317,4.102192427778868,4.102477713867693,4.102770842926223,4.103064038452249,4.103350324707669,4.1036241282589305,4.103881356489398,4.104119202880388,4.104335864163723,4.104530266584856,4.104701838754133,4.1048503376384575,4.104975721484809,4.105078059955767,4.105157472153654,4.105214084857995,4.1052480051644675,4.105259303457356
4.1051582973163985,4.105146399718166,4.105110663857802,4.105050962515981,4.104967090732899,4.10485877897443,4.104725715394607,4.104567581472661,4.10438410850406,4.104175165932826,4.103940896617769,4.103681919371639,4.1033996236224,4.103096577920737,4.102777046441526,4.1024475215706255,4.102116986842683,4.101796323600285,4.1014961768353,4.10122375793428,4.10098207986602,4.100770851852137,4.100587749433319,4.100429464185903,4.1002924397468945,4.100173404375348,4.100069853616211,4.09998058489684,4.099906178938423,4.099848782522029,4.099809956350059,4.0997904266955505,4.099790426073939,4.099809954482924,4.099848779483151,4.099906174974853,4.099980580355532,4.100069848798981,4.100173399539749,4.100292435222828,4.100429460383952,4.100587746682432,4.100770850249055,4.100982079282762,4.1012237581302315,4.101496177522769,4.101796324459952,4.102116987574861,4.102447522037557,4.102777046759148,4.103096578311727,4.103399624307555,4.1036819204182695,4.103940897962887,4.104175167546276,4.104384110454133,4.104567583806365,4.104725718028371,4.104858781770753,4.104967093629313,4.105050965454731,4.105110666620444,4.105146402025218,4.105158299102233
4.1050719725525555,4.105059530830085,4.105022143075256,4.104959622579906,4.104871661308124,4.10475783660388,4.104617624396599,4.1044504227978305,4.104255593442517,4.10403253300138,4.103780794459158,4.103500289259868,4.103191619350482,4.102856610853793,4.1024991329551055,4.102126227796171,4.101749285188969,4.1013841597797125,4.101047754091199,4.10074972707556,4.100492369747225,4.100273399111483,4.100088408325079,4.099932349851952,4.099800312433738,4.0996879562273785,4.099591888952018,4.099510136530892,4.099442606897261,4.099390882795165,4.099356087080161,4.099338647934923,4.09933864729116,4.09935608513079,4.099390879579217,4.099442602620581,4.099510131485233,4.099591883372764,4.099687950326878,4.099800306546136,4.099932344438609,4.100088403807835,4.100273395738283,4.100492367611439,4.100749726186187,4.101047754322085,4.101384160768079,4.101749286409044,4.10212622890817,4.102499134083346,4.1028566121648264,4.103191620923946,4.103500291054947,4.103780796447843,4.104032535276566,4.104255596122101,4.104450425848864,4.104617627643287,4.104757839921517,4.104871664698981,4.104959625982996,4.105022146235612,4.1050595335186895,4.105071974766464
4.105001432407108,4.1049885223192275,4.1049497107297865,4.104884753489689,4.104793242140311,4.104674602552597,4.104528095855179,4.104352824344936,4.104147747636615,4.103911719263558,4.103643562232143,4.103342217693277,4.103007032580992,4.102638314416558,4.10223839161866,4.101813557552202,4.101377209985875,4.100953149027881,4.100572344242797,4.100246838081836,4.099975504463475,4.099751893731321,4.09956837475735,4.099417731952277,4.099293619886262,4.0991906608191275,4.099104590178415,4.099032626173321,4.098973929261248,4.098929432887483,4.098899747935945,4.098884952550837,4.09888495191195,4.09889974600935,4.098929429703253,4.0989739249560175,4.0990326209358985,4.09910458417323,4.099190654227742,4.099293613001833,4.099417725179938,4.099568368529859,4.099751888448299,4.099975500494024,4.1002468357536035,4.100572343697034,4.100953149987903,4.101377211726803,4.101813559356362,4.102238393588756,4.102638316639357,4.103007035040528,4.103342220336013,4.103643565094818,4.10391172245677,4.104147751173139,4.104352828055247,4.1045280995412625,4.1046746061849495,4.104793245801164,4.104884757127298,4.104949714118286,4.104988525310354,4.105001435005432
4.104947628340715,4.104934345753717,4.104894400512276,4.104827498529902,4.104733143257715,4.104610625969115,4.104459013127543,4.104277131542312,4.10406355259536,4.1038165790582575,4.1035342426834776,4.103214331634718,4.102854496236424,4.102452563429588,4.102007413733596,4.101521348257421,4.101006116682685,4.1004959770268945,4.100061072798763,4.099709829533613,4.09943010461939,4.0992076050278605,4.099030370352562,4.098889002208635,4.098776025008032,4.098685309131593,4.098611860160076,4.098552086740364,4.098504315949422,4.098468724430556,4.098445319474221,4.098433767503442,4.098433766893067,4.098445317657333,4.098468721445597,4.098504311849695,4.098552081594088,4.098611854072804,4.098685302265375,4.098776017576641,4.098888994485651,4.0990303627163485,4.099207597976984,4.09943009873195,4.099709825416201,4.100061070972974,4.100495977597192,4.101006118944113,4.101521350736097,4.102007416492893,4.102452566509164,4.10285449960337,4.103214335248489,4.103534246550335,4.1038165831624935,4.1040635568047135,4.104277135665289,4.104459017089606,4.104610629868911,4.104733147195361,4.10482750242848,4.104894404185537,4.104934349097254,4.1049476313207895
4.104911317489137,4.104897775690735,4.10485704090505,4.104788781996504,4.104692436585271,4.104567194373943,4.104411972675995,4.104225382527091,4.104005681991293,4.103750710847435,4.103457796700571,4.103123615400391,4.102743980317742,4.102313544021479,4.101825517836065,4.101272193795873,4.100650299897061,4.099990158950361,4.099496304478243,4.099132358696935,4.098857353297642,4.098645429282418,4.098480728177971,4.0983528104706375,4.09825405099427,4.0981782111102145,4.098119854371663,4.098074598470732,4.098039823686117,4.098014812771497,4.0979988607528,4.0979911543435055,4.097991153786591,4.097998859118205,4.098014810102132,4.0980398199551695,4.098074593641562,4.098119848505685,4.0981782043474135,4.098254043456941,4.098352802291951,4.098480719650533,4.098645420901474,4.0988573456708695,4.099132352536224,4.099496300692529,4.099990158432686,4.100650302733876,4.1012721970016495,4.101825521411836,4.102313547955073,4.102743984566212,4.103123619904059,4.103457801380472,4.1037507155748845,4.1040056866111465,4.104225386961598,4.104411976989217,4.104567198683127,4.104692440905776,4.104788786217876,4.104857044911917,4.1048977794250545,4.104911320877569
4.1048930268329835,4.104879352007512,4.104838211804403,4.10476925531168,4.104671884822822,4.104545235235584,4.104388142676118,4.104199099014622,4.10397618565225,4.103716973697738,4.103418364840348,4.103076318888328,4.102685348095893,4.102237496876593,4.101720098954168,4.101110372835728,4.10036100802978,4.099357287519371,4.098846055159027,4.09851158623386,4.0982657624344805,4.09807738089143,4.097932021608779,4.097821257512715,4.097739027531142,4.097679937517977,4.097638512210178,4.097609606036381,4.097589515126676,4.097576474046769,4.0975689532791435,4.0975655954220445,4.09756559493743,4.097568951864366,4.097576471727763,4.097589511819912,4.097609601646355,4.097638506766588,4.097679931123359,4.097739020232447,4.097821249355933,4.097932012816174,4.0980773718732495,4.098265753648043,4.098511578213859,4.09884604883823,4.099357284577703,4.10036101154073,4.101110376826867,4.101720103363331,4.102237501627738,4.1026853531056995,4.103076324063708,4.103418370066879,4.103716978849763,4.103976190647506,4.104199103863754,4.104388147448551,4.104545239958978,4.104671889438007,4.104769259745134,4.10483821604617,4.104879356068653,4.104893030670546
0.0,0.0,0.0,0.0,0.0,0.0,0.0,0.0,0.0,0.0,0.0,0.0,0.0,0.0,0.0,0.0,0.0,4.098289664938947,4.098082638884852,4.097867124421788,4.097680517943706,4.097527576923249,4.097406685863391,4.097315212700193,4.097250281165881,4.097208246598866,4.097184082715612,4.0971720060038574,4.097167154091434,4.097166597072933,4.0971678917422665,4.09716908539606,4.097169084986114,4.097167890530197,4.0971665950454925,4.097167151148297,4.097172002051695,4.097184077762016,4.097208240689357,4.0972502743013,4.0973152049140715,4.0974066773510325,4.097527567998495,4.097680508864949,4.097867115331513,4.098082629907755,4.098289656142509,0.0,0.0,0.0,0.0,0.0,0.0,0.0,0.0,0.0,0.0,0.0,0.0,0.0,0.0,0.0,0.0,0.0
0.0,0.0,0.0,0.0,0.0,0.0,0.0,0.0,0.0,0.0,0.0,0.0,0.0,0.0,0.0,0.0,0.0,4.097514395246537,4.097415684917204,4.097282922437467,4.097150766838913,4.0970340004813455,4.09693847617372,4.096866229737764,4.096817340091197,4.0967901553109565,4.096780788954502,4.096783365710932,4.096792060673346,4.096802784655765,4.096812131152844,4.096817506643151,4.096817506294663,4.096812130088167,4.09680278281459,4.096792057979091,4.096783362121753,4.096780784462305,4.096790149895185,4.09681733373519,4.096866222511978,4.096938468270997,4.097033992156058,4.097150758312663,4.097282913850703,4.097415676344904,4.0975143867069015,0.0,0.0,0.0,0.0,0.0,0.0,0.0,0.0,0.0,0.0,0.0,0.0,0.0,0.0,0.0,0.0,0.0
0.0,0.0,0.0,0.0,0.0,0.0,0.0,0.0,0.0,0.0,0.0,0.0,0.0,0.0,0.0,0.0,0.0,4.096937445346403,4.096883300638694,4.0967993528432896,4.096707114297691,4.096620411608056,4.096547303999356,4.096492252502881,4.096457320386111,4.096442417980222,4.096444827716764,4.096459023073532,4.09647860376611,4.09649853001404,4.096514519743117,4.096523368775775,4.096523368471072,4.096514518774624,4.096498528286161,4.096478601247371,4.096459019786989,4.096444823642094,4.096442413045074,4.096457314580616,4.09649224593783,4.096547296834986,4.096620404004129,4.096707106435422,4.096799344888787,4.096883292633881,4.096937437249996,0.0,0.0,0.0,0.0,0.0,0.0,0.0,0.0,0.0,0.0,0.0,0.0,0.0,0.0,0.0,0.0,0.0
0.0,0.0,0.0,0.0,0.0,0.0,0.0,0.0,0.0,0.0,0.0,0.0,0.0,0.0,0.0,0.0,0.0,4.096521624195238,4.096488089759426,4.096431872909888,4.096365960971552,4.096301192185908,4.096245470215052,4.096204120714931,4.096180278684261,4.096174872593832,4.096186073824527,4.096208816243214,4.096236435359327,4.096263222061414,4.096284207211011,4.096295682530287,4.096295682254246,4.096284206312537,4.096263220438297,4.0962364330209216,4.096208813251983,4.096186070151754,4.09617486815351,4.09618027349304,4.096204114900568,4.096245463878616,4.096301185392267,4.096365953870435,4.096431865696903,4.096488082453414,4.09652161668426,0.0,0.0,0.0,0.0,0.0,0.0,0.0,0.0,0.0,0.0,0.0,0.0,0.0,0.0,0.0,0.0,0.0
0.0,0.0,0.0,0.0,0.0,0.0,0.0,0.0,0.0,0.0,0.0,0.0,0.0,0.0,0.0,0.0,0.0,4.096250490883723,4.096226918475625,4.096185715581918,4.0961354678338315,4.096084697853506,4.096040605324618,4.096008659284679,4.0959924726421,4.095993542321219,4.096010600713775,4.0960389516632425,4.096071838071522,4.096103141618114,4.096127433346231,4.096140653451732,4.096140653187235,4.096127432495772,4.0961031401110155,4.09607183594023,4.096038948968291,4.096010597427604,4.09599353839129,4.095992468116384,4.096008654264989,4.096040599839751,4.096084691911766,4.0961354615756616,4.0961857092042,4.096226911960311,4.09625048406371,0.0,0.0,0.0,0.0,0.0,0.0,0.0,0.0,0.0,0.0,0.0,0.0,0.0,0.0,0.0,0.0,0.0
0.0,0.0,0.0,0.0,0.0,0.0,0.0,0.0,0.0,0.0,0.0,0.0,0.0,0.0,0.0,0.0,0.0,4.096116451868535,4.096097030987975,4.096062445154142,4.096019465281667,4.095975459779484,4.095937150715002,4.095909962203108,4.095897672292929,4.095902023344311,4.095922012851803,4.09595314179855,4.095988630817974,4.09602217037948,4.096048103501497,4.096062191458644,4.0960621911842665,4.096048102661428,4.096022168968465,4.095988628877312,4.095953139358187,4.095922009901982,4.0959020199034,4.0958976684336195,4.0959099579649525,4.095937146061279,4.09597545471324,4.096019459949066,4.096062439703532,4.096097025337744,4.096116445824246,0.0,0.0,0.0,0.0,0.0,0.0,0.0,0.0,0.0,0.0,0.0,0.0,0.0,0.0,0.0,0.0,0.0
0.0,0.0,0.0,0.0,0.0,0.0,0.0,0.0,0.0,0.0,0.0,0.0,0.0,0.0,0.0,0.0,0.0,4.0961164515916515,4.096097030686967,4.096062444808251,4.096019464955241,4.095975459539996,4.0959371505414826,4.095909962050296,4.095897672179189,4.095902023323917,4.095922012926068,4.095953141916769,4.095988630958608,4.096022170566875,4.096048103738552,4.096062191702306,4.096062191403865,4.09604810287702,4.096022169213913,4.095988629157795,4.095953139663988,4.095922010245055,4.095902020315681,4.095897668931613,4.0959099585370025,4.0959371466888905,4.095975455379602,4.096019460624473,4.096062440355096,4.096097025954205,4.096116446389862,0.0,0.0,0.0,0.0,0.0,0.0,0.0,0.0,0.0,0.0,0.0,0.0,0.0,0.0,0.0,0.0,0.0
0.0,0.0,0.0,0.0,0.0,0.0,0.0,0.0,0.0,0.0,0.0,0.0,0.0,0.0,0.0,0.0,0.0,4.096250490057552,4.096226917590046,4.096185714574173,4.096135466866531,4.0960846971092915,4.096040604764951,4.096008658803789,4.095992472293187,4.095993542246483,4.09601060091533,4.096038952007428,4.096071838500047,4.096103142190709,4.096127434066288,4.096140654204537,4.096140653890641,4.096127433197371,4.096103140894056,4.096071836817752,4.096038949918934,4.096010598484431,4.095993539635026,4.09599246959048,4.096008655945782,4.096040601683153,4.0960846938673265,4.096135463556905,4.096185711123483,4.096226913788002,4.096250485745671,0.0,0.0,0.0,0.0,0.0,0.0,0.0,0.0,0.0,0.0,0.0,0.0,0.0,0.0,0.0,0.0,0.0
0.0,0.0,0.0,0.0,0.0,0.0,0.0,0.0,0.0,0.0,0.0,0.0,0.0,0.0,0.0,0.0,0.0,4.096521622827344,4.096488088320292,4.096431871302428,4.096365959393527,4.096301190887241,4.096245469192932,4.096204119871252,4.096180278096888,4.096174872439303,4.096186074104141,4.0962088167895105,4.0962364360919254,4.096263223038897,4.096284208423313,4.096295683828122,4.0962956835305535,4.096284207614945,4.096263221858149,4.096236434575745,4.096208814928848,4.096186071999247,4.096174870266339,4.096180275923603,4.096204117630961,4.096245466857051,4.096301188533153,4.096365957040535,4.096431868784367,4.0964880854208126,4.0965216194273335,0.0,0.0,0.0,0.0,0.0,0.0,0.0,0.0,0.0,0.0,0.0,0.0,0.0,0.0,0.0,0.0,0.0
0.0,0.0,0.0,0.0,0.0,0.0,0.0,0.0,0.0,0.0,0.0,0.0,0.0,0.0,0.0,0.0,0.0,4.096937443449737,4.096883298667951,4.096799350689361,4.09670711214797,4.096620409732579,4.096547302474948,4.096492251300426,4.096457319586454,4.096442417731077,4.096444828021995,4.096459023792052,4.09647860480956,4.096498531394491,4.096514521421447,4.096523370613387,4.096523370369847,4.096514520758822,4.096498530419531,4.096478603553715,4.096459022281519,4.096444826381333,4.0964424161042245,4.096457317999899,4.096492249707091,4.096547300894415,4.096620408227291,4.096707110660804,4.09679934901619,4.096883296623314,4.096937440947453,0.0,0.0,0.0,0.0,0.0,0.0,0.0,0.0,0.0,0.0,0.0,0.0,0.0,0.0,0.0,0.0,0.0
0.0,0.0,0.0,0.0,0.0,0.0,0.0,0.0,0.0,0.0,0.0,0.0,0.0,0.0,0.0,0.0,0.0,4.097514392872358,4.097415682451033,4.097282919779543,4.097150764157647,4.0970339980485555,4.096938474165226,4.096866228218914,4.096817339119414,4.096790154958383,4.0967807892343036,4.096783366553391,4.0967920619911755,4.096802786384324,4.096812133219811,4.096817508957292,4.096817508792522,4.096812132761935,4.0968027856891895,4.096792061090373,4.096783365515177,4.0967807881851686,4.09679015398199,4.096817338202957,4.096866227348518,4.096938473393406,4.097033997395042,4.097150763499647,4.0972829189127475,4.097415681226102,4.097514391221563,0.0,0.0,0.0,0.0,0.0,0.0,0.0,0.0,0.0,0.0,0.0,0.0,0.0,0.0,0.0,0.0,0.0
0.0,0.0,0.0,0.0,0.0,0.0,0.0,0.0,0.0,0.0,0.0,0.0,0.0,0.0,0.0,0.0,0.0,4.098289662209635,4.098082635987802,4.097867121297452,4.097680514763225,4.097527573967013,4.097406683403978,4.097315210890806,4.097250280026097,4.097208246112831,4.097184082909166,4.097172006890368,4.097167155590242,4.0971665990475685,4.097167894101648,4.097169088111407,4.097169088032217,4.097167893868763,4.097166598672593,4.097167155114757,4.097172006412783,4.097184082527801,4.097208245842834,4.097250279838098,4.0973152108136865,4.097406683497809,4.097527574187761,4.097680514936305,4.097867121237753,4.098082635570972,4.09828966135808,0.0,0.0,0.0,0.0,0.0,0.0,0.0,0.0,0.0,0.0,0.0,0.0,0.0,0.0,0.0,0.0,0.0
4.104893028944273,4.104879354053733,4.10483821377256,4.104769257307538,4.104671886862734,4.104545237225548,4.104388144528986,4.1041991007316465,4.103976187267555,4.103716975174077,4.1034183660455446,4.103076319661002,4.102685348310737,4.102237496456351,4.101720097860102,4.1011103710707495,4.100361005643667,4.099357284606374,4.098846051844035,4.098511582637741,4.098265758770052,4.098077377452027,4.097932018729906,4.0978212554011995,4.097739026175342,4.097679936841943,4.097638512253159,4.097609606873629,4.0975895166891805,4.097576476164416,4.097568955868444,4.097565598506478,4.097565598511533,4.097568955863155,4.097576476131812,4.097589516687059,4.097609607011558,4.097638512577442,4.097679937303103,4.097739026745859,4.097821256146735,4.0979320196920135,4.098077378517293,4.098265759733444,4.098511583352155,4.098846052211141,4.099357284504001,4.100361005612812,4.1011103711091295,4.101720098025147,4.102237496762575,4.1026853487128845,4.103076320148875,4.103418366674391,4.103716975956045,4.103976188103059,4.104199101522791,4.104388145324421,4.104545238175387,4.104671888031006,4.104769258590454,4.10483821501229,4.104879355170981,4.10489303001173
4.104911319725842,4.10489777785851,4.104857042977151,4.104788784050982,4.104692438584733,4.104567196211751,4.104411974345466,4.104225384127475,4.104005683565047,4.1037507122766455,4.103457797773266,4.103123615931993,4.1027439801925025,4.102313543166959,4.101825516219093,4.101272191444719,4.100650296898773,4.099990155447811,4.099496300628465,4.099132354634941,4.098857349216732,4.098645425460503,4.098480724952151,4.098352808052417,4.098254049366822,4.098178210194375,4.09811985422187,4.098074599187611,4.0980398252192405,4.0980148149683755,4.097998863559044,4.097991157807128,4.097991157898457,4.097998863792513,4.098014815305068,4.098039825726918,4.098074599971454,4.0981198552731914,4.098178211410097,4.0982540507169025,4.098352809610394,4.098480726721384,4.098645427267889,4.098857350841238,4.0991323559729,4.099496301629352,4.099990155954648,4.100650297075249,4.101272191371987,4.101825516059942,4.10231354305538,4.102743980140263,4.103123615939701,4.103457797968492,4.103750712803073,4.104005684356919,4.104225384943789,4.104411975061941,4.104567196966232,4.1046924395652855,4.104788785221671,4.104857044119185,4.104897778841861,4.1049113206655585
4.104947630611553,4.104934347966175,4.104894402639625,4.104827500590255,4.104733145175432,4.104610627702288,4.104459014763099,4.104277133161751,4.104063554109904,4.103816580247436,4.103534243361547,4.103214331719017,4.10285449567569,4.102452562148724,4.102007411688203,4.10152134549881,4.101006113327608,4.10049597321322,4.100061068660861,4.099709825212691,4.099430100317574,4.099207601015431,4.099030366920377,4.0988889995360545,4.098776023107313,4.098685307976048,4.098611859819143,4.098552087309413,4.09850431740868,4.09846872668636,4.098445322504234,4.098433771348489,4.098433771531384,4.098445322996159,4.098468727424225,4.098504318450467,4.098552088742445,4.098611861595133,4.098685309954966,4.0987760252351695,4.098889001856824,4.099030369398662,4.099207603447183,4.099430102465349,4.099709826986362,4.100061070082445,4.100495974195026,4.101006113840855,4.101521345537579,4.102007411406169,4.1024525617799465,4.102854495331349,4.103214331384159,4.103534243124272,4.103816580349042,4.1040635546636475,4.104277133962717,4.104459015517787,4.104610628376624,4.104733145965814,4.104827501571894,4.104894403631701,4.104934348806826,4.104947631410076
4.105001434642044,4.104988524524749,4.104949712897561,4.104884755567064,4.104793244028366,4.104674604270411,4.104528097493073,4.10435282586098,4.10414774882184,4.103911719928205,4.103643562343346,4.103342217291619,4.1030070316281515,4.1026383127972155,4.1022383892757155,4.101813554557952,4.101377206467291,4.100953145095375,4.100572340006476,4.100246833700824,4.099975500156891,4.099751889738031,4.099568371283018,4.09941772913313,4.099293617788728,4.099190659489546,4.099104589690228,4.099032626605727,4.0989739306443695,4.09892943520652,4.098899751184513,4.098884956736598,4.098884957007789,4.098899751935892,4.0989294363571895,4.098973932220043,4.099032628656373,4.099104592144163,4.099190662189706,4.099293620638884,4.099417732117959,4.099568374343741,4.099751892685479,4.099975502739489,4.100246835776854,4.100572341619385,4.100953146288043,4.101377207205064,4.101813554745191,4.102238388977677,4.102638312299953,4.10300703117889,4.103342216886205,4.103643561919761,4.10391171964763,4.104147748952411,4.104352826423763,4.104528098223014,4.104674604964604,4.104793244759159,4.104884756453413,4.104949713835033,4.104988525326896,4.105001435345776
4.105071974785908,4.105059533079553,4.10502214532209,4.1049596246652,4.104871663107881,4.104757838163593,4.104617625763154,4.104450423855591,4.104255594017819,4.104032533053934,4.1037807940733275,4.103500288463099,4.103191618032568,4.102856608893316,4.102499130359333,4.102126224678776,4.101749281660006,4.101384155911706,4.101047749983671,4.100749722895048,4.100492365687419,4.100273395338125,4.1000884049637145,4.099932347028125,4.099800310277724,4.099687954836005,4.099591888384487,4.099510136861625,4.09944260822867,4.099390885191759,4.099356090528768,4.09933865239328,4.099338652732766,4.099356091500757,4.099390886724295,4.099442610302895,4.0995101394619375,4.099591891417071,4.099687958149309,4.099800313736163,4.0999323505390795,4.1000884084456395,4.100273398655462,4.100492368615001,4.100749725220152,4.1010477516872665,4.101384157122225,4.101749282446678,4.102126224943738,4.10249913006423,4.1028566082947036,4.103191617502265,4.103500288112351,4.10378079374757,4.104032532703442,4.104255593864691,4.104450424107785,4.10461762633198,4.104757838814222,4.104871663785229,4.104959625481718,4.105022146267863,4.105059533972985,4.105071975541709
4.105158299579829,4.105146402009644,4.105110666088581,4.105050964442853,4.1049670922512895,4.104858780151219,4.104725716247117,4.104567581904455,4.104384108461396,4.1041751654829755,4.103940895820784,4.103681918148742,4.103399621833821,4.10309657554947,4.102777043620484,4.10244751843529,4.102116983447627,4.101796319981812,4.101496173093931,4.101223754210783,4.100982076269452,4.100770848453604,4.100587746320513,4.100429461514735,4.100292437695614,4.100173403049058,4.10006985305186,4.099980585187276,4.099906180266419,4.099848785016,4.099809959977979,4.0997904313614795,4.09979043174027,4.099809961105201,4.09984878686227,4.099906182768318,4.099980588235645,4.100069856517719,4.100173406808913,4.100292441606848,4.10042946540676,4.100587750054002,4.100770851937024,4.100982079365993,4.101223756711556,4.101496174894709,4.101796321194435,4.102116984237397,4.102447518782906,4.102777043413045,4.103096574909857,4.103399621156691,4.103681917735781,4.10394089562105,4.1041751653121334,4.104384108346482,4.1045675820378476,4.104725716668369,4.104858780682672,4.104967092777645,4.105050965071549,4.10511066693249,4.1051464029691935,4.105158300476231
4.10525930440178,4.1052480056176694,4.105214084785343,4.1051574715517285,4.1050780589008316,4.104975720091862,4.104850336001122,4.104701836934154,4.104530264637987,4.104335862146403,4.1041192008252745,4.103881354380413,4.103624126037676,4.103350322299966,4.103064035775775,4.102770839882662,4.10247771035935,4.102192423834644,4.101922308756775,4.10167277403691,4.101446702260152,4.101244689304542,4.1010656748797665,4.100907619233583,4.100768091768492,4.100644781341941,4.100536002849787,4.100441257197434,4.100361723530267,4.1003000397810725,4.100258142992055,4.100237014233981,4.100237014631217,4.100258144216946,4.100300041858251,4.10036172635884,4.100441260566794,4.100536006581037,4.100644785349409,4.100768095947654,4.100907623367112,4.101065678734778,4.101244692773307,4.101446705313639,4.101672776576668,4.101922310654055,4.102192425113145,4.102477711202576,4.102770840386128,4.103064035830065,4.103350321849344,4.103624125337257,4.103881353831059,4.104119200588607,4.104335862093551,4.104530264657645,4.1047018370965125,4.1048503363654065,4.104975720534126,4.105078059277679,4.10515747194437,4.105214085403831,4.105248006498343,4.105259305362733
4.105373774574944,4.105363108829405,4.105331104037003,4.105277741048528,4.105202999591267,4.10510687701874,4.1049894174567605,4.104850754373996,4.1046911704689375,4.104511179320704,4.104311632983446,4.104093857469615,4.1038598119698575,4.103612254822198,4.103354876876819,4.103092331410148,4.10283006072327,4.102573828640551,4.102328976141001,4.102099645648195,4.101888371384051,4.1016961072168385,4.10152253892606,4.101366509678136,4.101226462907782,4.101100888499117,4.100988810413129,4.100890344727775,4.100807191925937,4.100742414710048,4.10069827361289,4.100675967813042,4.10067596822503,4.100698274903175,4.100742416928603,4.100807194945209,4.10089034826813,4.1009888142486375,4.101100892561401,4.101226467145689,4.101366513885258,4.10152254280098,4.101696110586362,4.101888374275697,4.102099648109975,4.102328978100767,4.1025738300323695,4.102830061667411,4.103092332097041,4.103354877302286,4.103612254834025,4.103859811593181,4.104093857000496,4.104311632689498,4.104511179209786,4.104691170439164,4.104850754441185,4.104989417693886,4.105106877363165,4.105202999891062,4.10527774131352,4.105331104475471,4.10536310957275,4.105373775496978
4.105500426992153,4.1054904100270155,4.105460365996698,4.105410319094819,4.1053403214942525,4.1052504720450385,4.105140944465238,4.105012026944661,4.104864175328244,4.104698081733222,4.104514759173343,4.104315639728148,4.104102678032269,4.103878442320067,4.103646162084658,4.103409688028498,4.103173315909313,4.102941448394914,4.102718134588196,4.102506620183177,4.102309077379487,4.10212657270174,4.101959225476615,4.101806478750139,4.10166742872455,4.101541202738288,4.101427411676721,4.101326691350648,4.101241186277044,4.101174321628777,4.101128633849832,4.101105507979883,4.101105508411237,4.101128635181607,4.10117432388061,4.101241189308131,4.101326694882873,4.101427415470353,4.1015412066995856,4.101667432814735,4.101806482818259,4.10195922924456,4.102126575952735,4.102309080121915,4.102506622550453,4.102718136605253,4.102941449963858,4.1031733170406115,4.103409688912854,4.103646162846479,4.10387844285764,4.104102678220947,4.104315639652885,4.104514759025748,4.104698081580427,4.104864175132891,4.1050120267496615,4.10514094440299,4.105250472158529,4.1053403216831175,4.105410319309065,4.10546036636756,4.105490410696093,4.105500427882675
4.105637947800959,4.105628579494003,4.105600493040468,4.1055537472592905,4.105488451346374,4.105404782184973,4.105303009757039,4.1051835316150695,4.105046917236332,4.104893962347908,4.104725751740956,4.104543726261548,4.104349745281484,4.104146129944829,4.103935665842848,4.1037215396878475,4.103507188664794,4.103296060247361,4.103091316330901,4.102895554702257,4.1027106294676186,4.102537608931287,4.102376860258178,4.1022282285942895,4.102091286255611,4.10196565261783,4.101851409260704,4.101749619005222,4.101662796352809,4.101594670831155,4.1015480114708,4.101524360305844,4.101524360751118,4.101548012800701,4.101594672994141,4.101662799206307,4.101749622338781,4.101851412870251,4.101965656359763,4.102091290041872,4.102228232328658,4.102376863774346,4.102537612044831,4.10271063212733,4.10289555702594,4.1030913184284845,4.103296062074669,4.103507190143322,4.103721540885718,4.1039356668973594,4.104146130859331,4.1043497459446785,4.104543726637039,4.104725751901417,4.104893962335873,4.105046917030549,4.105183531257245,4.105303009405965,4.105404781984031,4.1054884513037235,4.1055537473423325,4.10560049332479,4.105628580099617,4.105637948687112
4.105785024625658,4.10577629197617,4.105750121279104,4.105706597344946,4.105645871425377,4.105568176343428,4.105473848163344,4.10536335464211,4.1052373303761485,4.105096617718772,4.104942311091275,4.104775800076612,4.104598803740888,4.104413385309735,4.1042219335605905,4.1040270972306505,4.103831664260331,4.103638390929271,4.10344980530687,4.103268026637862,4.10309464412613,4.102930680037914,4.102776638913661,4.1026326326611535,4.1024985753729375,4.102374458223845,4.102260731522461,4.102158801078284,4.10207148359775,4.102002759914672,4.101955592384825,4.101931654073977,4.101931654508675,4.101955593646584,4.102002761891714,4.102071486149371,4.102158804070103,4.102260734813918,4.102374461646129,4.102498578773706,4.102632635965056,4.1027766420793155,4.102930682973008,4.103094646735599,4.103268028954801,4.103449807472107,4.103638393010091,4.103831666181414,4.104027098908584,4.104221934999392,4.10441338652197,4.104598804683961,4.104775800727811,4.104942311502145,4.105096617933551,4.105237330366591,4.105363354388436,4.105473847760452,4.105568175954547,4.105645871151076,4.105706597220539,4.105750121380219,4.105776292419044,4.1057850254203405
4.1059403726528885,4.105932252778197,4.105907926593826,4.105867496999219,4.105811143821116,4.105739136425044,4.105651851353684,4.105549794764128,4.105433629049695,4.10530420226449,4.105162577806741,4.105010060226461,4.104848211217123,4.104678848261783,4.104504017674274,4.104325935105779,4.104146891309336,4.103969129472408,4.103794710906457,4.1036253938684535,4.103462550541294,4.103307138739092,4.103159734135537,4.103020623419252,4.102889962909776,4.102768020205056,4.102655529199902,4.102554166085976,4.102466990068831,4.102398186146469,4.102350874996059,4.102326837548474,4.102326837937691,4.102350876120322,4.102398187889389,4.102466992288393,4.1025541686706815,4.102655532058289,4.102768023202829,4.102889965884568,4.103020626287041,4.1031597369147885,4.103307141431897,4.103462553068658,4.103625396185483,4.1037947131115065,4.103969131707621,4.104146893583753,4.104325937290752,4.104504019633614,4.104678849905066,4.10484821247627,4.105010061088544,4.105162578359492,4.10530420262131,4.105433629230049,4.105549794714307,4.105651851084927,4.105739136058732,4.1058111434876405,4.105867496773494,4.105907926547654,4.1059322530156654,4.105940373238608
4.106102754556328,4.106095217479061,4.106072643620756,4.106035147157434,4.105982925044573,4.105916267092409,4.105835569730903,4.105741352975161,4.105634279728048,4.105515175936859,4.105385049275691,4.10524510298263,4.105096740456966,4.104941555618004,4.104781304237815,4.104617853047709,4.104453106923763,4.104288919770783,4.104127000530011,4.103968829713855,4.103815601872965,4.103668205513096,4.103527247315167,4.103393126208315,4.103266167971582,4.1031468428622455,4.103036099515604,4.102935823830359,4.102849266502988,4.102780775875494,4.1027336003910335,4.102709608507082,4.102709608820838,4.102733601317686,4.102780777343667,4.102849268370974,4.102935825958375,4.103036101831765,4.103146845315865,4.103266170465387,4.103393128647478,4.103527249696709,4.103668207891787,4.103815604252195,4.103968832046998,4.104127002829994,4.104288922132637,4.1044531094063075,4.1046178555875645,4.1047813066897225,4.104941557811327,4.1050967422198505,4.105245104214878,4.105385050036976,4.10551517639427,4.10563427998937,4.1057413530323315,4.1058355695812,4.1059162668348215,4.105982924810628,4.106035147013549,4.106072643589805,4.106095217613186,4.106102754946765
4.106270994698122,4.1062640057918705,4.106243078505093,4.106208332691965,4.106159973188872,4.106098297533978,4.106023706268475,4.105936715224618,4.10583796887254,4.1057282533372,4.105608507127324,4.105479826988571,4.105343465765843,4.105200819055107,4.105053397984455,4.104902786895497,4.104750587153318,4.104598351588743,4.1044475173816855,4.104299347358362,4.104154889778873,4.104014965068128,4.10388018641715,4.103751022311025,4.103627915155452,4.103511481723258,4.103402830943518,4.103304008953104,4.1032184154014555,4.103150527412744,4.1031036950812645,4.103079856891591,4.1030798571142935,4.103103695759425,4.103150528520969,4.103218416816972,4.103304010525052,4.103402832616594,4.103511483530407,4.103627917093639,4.103751024299743,4.103880188403351,4.104014967107555,4.10415489196776,4.104299349723438,4.104447519879893,4.104598354182059,4.104750589832205,4.10490278964043,4.10505340073065,4.105200821665305,4.105343468027662,4.105479828707161,4.10560850826916,4.1057282540407325,4.105837969288766,4.105936715403954,4.10602370623492,4.1060982973938955,4.106159973083712,4.10620833267741,4.106243078552237,4.106264005900043,4.1062709949758
4.106443988343553,4.106437510364877,4.106418116424641,4.1063859276477634,4.10634114960379,4.106284077964947,4.106215105865517,4.106134732368456,4.1060435711578895,4.105942358255012,4.105831957193687,4.105713359747274,4.105587680073449,4.105456140257251,4.105320045846279,4.10518075113426,4.105039615645722,4.104897955299182,4.104756993651956,4.104617819921016,4.104481360746599,4.104348372262589,4.10421945920616,4.104095130364972,4.103975906521503,4.103862508661171,4.103756163626868,4.103659038228355,4.103574646289413,4.10350756499888,4.103461224187765,4.103437617602993,4.1034376177362235,4.1034612245908235,4.103507565653053,4.103574647121503,4.103659039152644,4.103756164628451,4.103862509805849,4.1039759078641564,4.104095131877778,4.104219460833342,4.104348374029367,4.104481362764795,4.104617822276265,4.1047569963146024,4.10489795815222,4.105039618570849,4.105180754058935,4.105320048729445,4.10545614303257,4.105587682598188,4.105713361841591,4.105831958771917,4.105942359390191,4.106043571976635,4.106134732922321,4.106215106158859,4.106284078070152,4.1063411496536055,4.106385927707039,4.1064181164579745,4.106437510365881,4.106443988470665
4.106620706773977,4.106614701464491,4.106596724969109,4.106566896375221,4.106525416704031,4.106472572857424,4.106408742585429,4.106334399943928,4.106250120467393,4.10615658507155,4.106054581482246,4.1059450018195855,4.105828834918194,4.105707152156594,4.105581086110396,4.105451802230847,4.105320464930916,4.105188200744573,4.105056062376641,4.104924998294716,4.104795832921919,4.104669262791,4.104545875163057,4.10442619905141,4.104310805968477,4.104200489440037,4.104096561604996,4.104001278782655,4.103918241023494,4.10385210211815,4.103806353527273,4.103783032000224,4.10378303206,4.103806353677739,4.103852102312113,4.103918241256152,4.104001279092554,4.104096562034022,4.104200490025404,4.104310806760058,4.104426200098483,4.104545876485544,4.104669264393154,4.10479583483004,4.104925000551315,4.1050560649874175,4.1051882036425615,4.105320467992156,4.105451805316802,4.105581089109324,4.105707154997662,4.105828837537332,4.105945004128899,4.106054583421009,4.106156586677755,4.1062501218339,4.106334401097631,4.106408743467525,4.106472573440703,4.106525417055325,4.106566896557702,4.106596724965152,4.10661470128018,4.1066207066265985
4.1068001991743195,4.106794628472616,4.10677795444093,4.1067502917846515,4.106711833283333,4.106662852378157,4.106603706271041,4.106534839094649,4.106456784504798,4.10637016692225,4.1062757005284425,4.106174185048546,4.106066497398433,4.105953578484623,4.105836414882068,4.105716015759039,4.105593386243488,4.105469499280107,4.105345268758032,4.105221527268779,4.10509901234043,4.104978365705562,4.104860151888449,4.104744906397182,4.104633231553556,4.104525969827829,4.104424493746116,4.1043311248737435,4.1042495273634305,4.104184412747314,4.104139319375553,4.104116316948906,4.104116316954894,4.1041393193361895,4.104184412588094,4.104249527135919,4.104331124726925,4.104424493772759,4.104525970021732,4.104633231925609,4.104744907052262,4.10486015294576,4.1049783671862645,4.1050990141704355,4.105221529374383,4.105345271128837,4.105469501939543,4.105593389170932,4.105716018841946,4.105836417952821,4.1059535814137655,4.106066500132674,4.1061741875595414,4.106275702785704,4.106370168943607,4.106456786365369,4.106534840827439,4.106603707790697,4.106662853562439,4.106711834098372,4.106750292259028,4.10677795456139,4.106794628226623,4.1068001987770275
4.106981592057727,4.106976418987224,4.106960935953072,4.106935251723469,4.106899548442818,4.106854083166465,4.106799189549181,4.106735279336946,4.106662843130558,4.106582449834639,4.1064947441498685,4.106400441441234,4.106300319389173,4.106195206038164,4.106085964202808,4.105973472642572,4.105858604982008,4.105742207951464,4.105625081038436,4.105507960091427,4.105391507947719,4.105276316095032,4.105162923449354,4.105051862700314,4.104943752714294,4.104839467437703,4.104740420886714,4.104648981134905,4.104568859123392,4.104504809190204,4.104460404762815,4.104437740358871,4.10443774031986,4.104460404587406,4.104504808808552,4.104568858611196,4.104648980685155,4.104740420632511,4.104839467380891,4.1049437528450445,4.105051863112254,4.105162924286101,4.105276317411592,4.105391509659779,4.105507962059523,4.10562508318543,4.105742210299503,4.105858607584266,4.105973475480092,4.1060859671570755,4.106195208975594,4.106300322244318,4.10640044419111,4.106494746754846,4.106582452264369,4.1066628454169045,4.1067352815241955,4.106799191581551,4.106854084890468,4.1068995497392615,4.106935252568581,4.10696093633767,4.106976418883904,4.106981591624076
4.107164086892013,4.107159276177919,4.107144877972082,4.107120994155894,4.1070877948568345,4.107045519176692,4.106994475842392,4.106935043508657,4.106867670276294,4.106792871988401,4.1067112288623076,4.106623380013282,4.106530015492089,4.106431865642873,4.106329687872293,4.106224251238262,4.106116319641263,4.106006634821632,4.105895900769284,4.105784771558652,4.105673845193021,4.105563667111592,4.1054547492705264,4.105347615296247,4.105242890469218,4.10514146739658,4.105044787369002,4.104955250602722,4.104876601385757,4.104813625168486,4.104769921131692,4.1047476021243625,4.104747602036518,4.104769920836357,4.104813624636538,4.104876600694376,4.10495524992989,4.105044786881186,4.105141467169074,4.105242890516043,4.1053476156426605,4.105454749976303,4.105563668232644,4.105673846721956,4.105784773404096,4.105895902805653,4.106006636974657,4.10611632192573,4.106224253702179,4.10632969051354,4.1064318684068875,4.106530018335561,4.106623382917489,4.1067112317812695,4.106792874840879,4.106867673011038,4.106935046127027,4.106994478309221,4.107045521346205,4.107087796548892,4.107120995283938,4.107144878547831,4.107159276234457,4.1071640865726335
4.107346956518959,4.107342474973405,4.107329061838031,4.10730681161348,4.107275881777332,4.1072364929062015,4.107188928581905,4.107133534879715,4.107070719080634,4.1070009472755995,4.106924740571697,4.106842669624406,4.10675534726127,4.106663419105252,4.106567552346024,4.1064684230526085,4.106366702666145,4.106263044597292,4.1061580721752025,4.106052369592052,4.105946478110633,4.1058409009742505,4.1057361228229725,4.105632654108645,4.105531119388137,4.105432420620653,4.1053380157999735,4.10525032638148,4.105173119643707,4.105111203064911,4.105068194303339,4.105046219446955,4.10504621931016,4.105068193897831,4.105111202420361,4.1051731188421385,4.105250325566877,4.105338015150798,4.105432420287452,4.105531119431752,4.105632654497465,4.105736123506907,4.1058409019631945,4.105946479455564,4.106052371285193,4.106158074099679,4.106263046604235,4.106366704699405,4.1064684251770505,4.106567554653161,4.106663421625047,4.106755349979699,4.106842672536193,4.106924743660625,4.107000950461933,4.107070722245368,4.10713353793878,4.10718893147271,4.107236495487583,4.107275883820618,4.107306812946952,4.107329062468834,4.107342475042354,4.107346956248617
4.107529540852672,4.1075253575762325,4.107512836746542,4.107492065337339,4.107463188081275,4.107426407157332,4.10738198158055,4.107330226155311,4.107271509702719,4.1072062522993,4.10713492134203,4.107058026293075,4.106976111973525,4.10688975036415,4.106799531063847,4.106706050769107,4.106609902319053,4.106511664042346,4.106411890392508,4.106311105235845,4.106209799824678,4.106108438758303,4.10600747969508,4.105907417318767,4.105808870483415,4.1057127437910355,4.105620504167474,4.105534586142328,4.105458772094719,4.105397884529079,4.1053555539491375,4.105333915731939,4.105333915565668,4.105355553482463,4.105397883842887,4.1054587712917465,4.105534585343709,4.105620503523628,4.105712743455335,4.105808870541119,4.105907417747454,4.106007480416371,4.1061084397301935,4.106209801062058,4.106311106738043,4.106411892079548,4.106511665794874,4.106609904089038,4.106706052633258,4.106799533148395,4.106889752729381,4.106976114601116,4.10705802916657,4.107134924471974,4.107206255647133,4.107271513138844,4.107330229532358,4.10738198479471,4.10742641007589,4.107463190461433,4.107492066924546,4.107512837476849,4.107525357628918,4.107529540536168
4.107711242191312,4.107707328649027,4.107695614551482,4.107676179457264,4.107649155639595,4.10761472748185,4.107573130527766,4.107524650103334,4.107469619288639,4.107408416020191,4.107341459199141,4.107269203752042,4.107192134600977,4.107110759532449,4.1070256010869155,4.106937187777549,4.106846045110023,4.106752687027905,4.106657608603803,4.106561281138007,4.106464151502395,4.106366648909406,4.106269204853084,4.106172296777076,4.106076534442408,4.1059828202981405,4.105892624535669,4.10580838872162,4.105733904412873,4.105674003808727,4.105632325936887,4.105611012429174,4.105611012268952,4.105632325495782,4.105674003188853,4.105733903740044,4.105808388111672,4.105892624086026,4.105982820092488,4.106076534544683,4.106172297215092,4.106269205607445,4.106366649921468,4.10646415269832,4.106561282450661,4.1066576099822125,4.106752688447064,4.106846046595619,4.1069371894226165,4.107025603012182,4.10711076180246,4.107192137193575,4.107269206622797,4.107341462336924,4.107408419398929,4.10746962279742,4.107524653581973,4.107573133853342,4.107614730546471,4.107649158245707,4.107676181336495,4.107695615554053,4.107707328879963,4.107711241935719
4.107891520368252,4.107887850382423,4.107876864577572,4.107858635384101,4.107833283158024,4.107800975396615,4.107761925584013,4.107716391624867,4.107664673716748,4.107607111474309,4.107544080203625,4.1074759863255785,4.107403261977722,4.107326358823295,4.107245741160373,4.107161878566588,4.107075238471905,4.106986279205997,4.106895444251081,4.106803158743261,4.106709829916176,4.106615854539757,4.106521639056365,4.10642764302437,4.1063344649281115,4.106243001706506,4.106154722719525,4.1060720721450945,4.105998846329923,4.105939883169709,4.105898826942464,4.10587782322819,4.105877823108504,4.105898826611076,4.105939882711363,4.1059988458710315,4.106072071803839,4.10615472255743,4.10624300173489,4.1063344651617095,4.106427643510137,4.10652163982879,4.106615855554879,4.106709831058426,4.106803159907989,4.106895445410607,4.1069862803993775,4.107075239761657,4.10716188002888,4.107245742895077,4.107326360922693,4.107403264468627,4.107475989163424,4.107544083321788,4.107607114804087,4.107664677157246,4.107716395038566,4.107761928846243,4.107800978410582,4.107833285792584,4.107858637446055,4.107876865911034,4.10788785099588,4.107891520418046
4.108069887927337,4.108066437608071,4.108056108557693,4.108038966475156,4.108015120499093,4.107984722329063,4.107947964970497,4.107905081078799,4.1078563408276185,4.10780204915477,4.107742542286448,4.107678183548402,4.107609358536624,4.107536469723771,4.107459930592369,4.107380159467137,4.107297573349495,4.10721258221762,4.107125584462667,4.107036964453713,4.106947093853529,4.106856339639021,4.106765084449253,4.1066737698775615,4.106582981854795,4.10649360956274,4.106407118630562,4.106325952635898,4.106253909494995,4.106195829839902,4.106155360754967,4.106134650038683,4.106134649978595,4.106155360582681,4.10619582959804,4.106253909277993,4.106325952553643,4.106407118741799,4.106493609857619,4.106582982307651,4.106673770495895,4.106765085251833,4.106856340599928,4.106947094900942,4.10703696553008,4.107125585566289,4.107212583379309,4.107297574592303,4.107380160818145,4.107459932132941,4.107536471587286,4.1076093608207405,4.107678186234282,4.107742545261385,4.107802052298933,4.1078563440549125,4.107905084304905,4.107947968084562,4.107984725209311,4.108015123033187,4.10803896856145,4.108056110118266,4.108066438626262,4.108069888427856
4.108245905464954,4.108242653096204,4.108232915807775,4.108216753029859,4.108194263469447,4.108165584200359,4.108130889389098,4.108090388623487,4.108044324828643,4.107992971680576,4.107936630426762,4.107875626105873,4.107810303238774,4.107741021099312,4.107668148679895,4.107592059499708,4.1075131264856335,4.107431717297657,4.107348190695293,4.10726289490461,4.107176169593336,4.107088354372946,4.106999809382075,4.106910958522401,4.106822374532335,4.106734937430705,4.1066501071487505,4.1065703243889455,4.106499386305382,4.106442134098593,4.106402215856313,4.106381780314333,4.106381780311821,4.106402215846711,4.106442134092458,4.106499386350204,4.106570324558656,4.106650107498034,4.106734937962589,4.106822375210693,4.106910959304908,4.106999810238795,4.1070883552890445,4.107176170571353,4.107262895960868,4.107348191840555,4.107431718518992,4.107513127757084,4.107592060824364,4.107668150132948,4.107741022815144,4.107810305322288,4.10787562854018,4.107936633084562,4.107992974436301,4.108044327640729,4.108090391489803,4.108130892248301,4.108165586913123,4.108194265895692,4.108216755098078,4.108232917507665,4.108242654435638,4.10824590639664
4.108419177220021,4.108416103121673,4.108406898722075,4.108391617677871,4.1083703490896095,4.108343216598555,4.1083103771534795,4.108272019387265,4.1082283616153354,4.108179649422522,4.108126152781404,4.108068162685005,4.10800598733521,4.107939947986756,4.107870374580709,4.107797601325721,4.107721962428686,4.107643788277378,4.107563402585675,4.107481121401966,4.107397255579525,4.107312119640678,4.107226052576191,4.1071394611034755,4.107052904554526,4.106967252976858,4.106883959342128,4.106805459933755,4.106735549504439,4.106679068265368,4.106639663993879,4.10661948541988,4.106619485455077,4.106639664109717,4.106679068482164,4.106735549837315,4.106805460391912,4.106883959933168,4.106967253700236,4.107052905388368,4.107139462003458,4.1072260535003196,4.107312120584202,4.1073972565794445,4.1074811224980765,4.107563403777982,4.107643789531977,4.107721963724945,4.107797602690937,4.107870376083392,4.107939949700091,4.108005989289923,4.108068164834177,4.108126155018761,4.1081796516631295,4.108228363865522,4.108272021713232,4.108310379574263,4.108343219027825,4.1083703513935115,4.108391619769396,4.108406900583217,4.108416104754291,4.108419178534756
4.108589346946356,4.10858643332713,4.1085777086085296,4.108563221171841,4.108543051342207,4.108517310507648,4.108486139956814,4.1084497093554075,4.108408214866212,4.108361876906105,4.108310937526616,4.108255657425102,4.108196312607244,4.108133190758819,4.108066587443093,4.107996802289711,4.107924135384966,4.1078488841451515,4.1077713411234456,4.107691793576582,4.107610526346304,4.107527830995929,4.107444026771121,4.107359503904517,4.107274808411725,4.107190799972273,4.107108923837466,4.10703161087513,4.106962652336605,4.10690688636822,4.106867959507333,4.1068480197911885,4.106848019844353,4.106867959705351,4.1069068867756835,4.106962652959258,4.107031611647525,4.1071089246843435,4.107190800860195,4.1072748093407645,4.107359504871939,4.1074440277646636,4.1075278320181265,4.107610527422835,4.107691794730023,4.107771342348977,4.107848885426988,4.1079241367332,4.107996803744661,4.10806658903773,4.108133192485251,4.108196314422127,4.108255659272635,4.1083109393518455,4.10836187867049,4.1084082165792175,4.108449711087312,4.108486141793774,4.108517312480765,4.108543053407698,4.108563223254687,4.10857771064684,4.108586435270023,4.108589348650095
4.108756094090033,4.108753324895478,4.108745031854718,4.108731258553247,4.108712077347721,4.10868758851666,4.108657919168326,4.1086232218393635,4.1085836727776455,4.108539469886913,4.108490830335676,4.108437987877963,4.108381189929865,4.108320694429815,4.108256766550468,4.108189675400547,4.10811969092903,4.108047081324749,4.107972111352301,4.107895042402815,4.107816135754822,4.107735661954955,4.107653921906077,4.107571290207029,4.107488299896159,4.107405800196741,4.107325228232018,4.107249008841692,4.1071809290707915,4.107125824299336,4.107087339208063,4.107067620666705,4.107067620741239,4.107087339488048,4.107125824876679,4.107180929941546,4.107249009883728,4.107325229305335,4.1074058012391035,4.107488300921585,4.1075712912438735,4.107653922962141,4.107735663032091,4.107816136870582,4.107895043587793,4.107972112631861,4.108047082708093,4.108119692411337,4.108189676966821,4.108256768170492,4.108320696056991,4.108381191520198,4.108437989411259,4.1084908318056685,4.108539471274567,4.108583674063324,4.108623223058963,4.108657920436158,4.108687589967507,4.108712079054371,4.1087312605004085,4.108745033971965,4.108753327088335,4.108756096161126
4.108919130287573,4.108916491047348,4.108908586430234,4.108895455677871,4.108877163934098,4.108853801453249,4.108825482565069,4.108792344379154,4.108754545243171,4.10871226290922,4.108665692374777,4.1086150434567,4.108560538190378,4.1085024081025425,4.108440891390777,4.108376230096085,4.108308667448638,4.108238445678777,4.10816580475007,4.108090982792384,4.108014219697486,4.107935766744087,4.107855907823468,4.107775002822067,4.107693572327089,4.107612455271765,4.107533080519947,4.107457866545523,4.107390595750392,4.107336100309321,4.107298022671696,4.107278508250474,4.107278508370438,4.107298023072828,4.107336101049646,4.107390596794743,4.107457867754544,4.10753308174851,4.107612456455973,4.107693573473911,4.107775003946582,4.107855908922547,4.107935767822181,4.108014220796831,4.108090983988418,4.108165806109694,4.108238447209544,4.108308669083194,4.108376231732997,4.108440892953181,4.108502409561419,4.108560539546597,4.108615044715024,4.108665693528265,4.1087122639371545,4.10875454613566,4.108792345184352,4.108825483408007,4.10885380249268,4.108877165291651,4.108895457397425,4.108908588481084,4.108916493336845,4.108919132598482
4.109078196177157,4.1090756738574346,4.109068118718882,4.109055566086514,4.109038074580459,4.109015725426572,4.108988621486488,4.108956886034834,4.108920661356536,4.108880107139887,4.108835398580986,4.108786724208129,4.108734283535695,4.108678284648206,4.108618941762869,4.108556472823167,4.108491097254707,4.108423034141296,4.108352501276393,4.108279715881837,4.10820489846206,4.108128282643324,4.108050136550754,4.107970806271065,4.107890800558948,4.107810948407925,4.107732670523708,4.107658378904141,4.107591851064834,4.107537915701701,4.107500212813107,4.1074808862086964,4.107480886384794,4.10750021334282,4.107537916567305,4.1075918521956725,4.107658380184883,4.10773267184626,4.107810949709744,4.107890801812794,4.107970807459639,4.108050137668366,4.108128283717194,4.108204899561417,4.108279717099356,4.108352502681623,4.108423035725447,4.10849109891677,4.108556474431154,4.108618943238754,4.108678285988733,4.108734284753632,4.1087867252755705,4.108835399444239,4.108880107784509,4.1089206618480425,4.108956886499206,4.1089886220582015,4.109015726218646,4.109038075688249,4.1090555675844955,4.109068120627461,4.1090756761037595,4.109078198553458
4.109233058503821,4.109230641368533,4.109223400653653,4.109211368179297,4.109194596673774,4.109173159220251,4.1091471483921405,4.109116675102603,4.109081867283615,4.109042868451107,4.1089998360731546,4.108952939674967,4.108902358742456,4.108848280550666,4.108790898010941,4.108730407599307,4.1086670074706335,4.108600895976072,4.108532271010097,4.108461330973223,4.108388278824626,4.1083133320782,4.10823674430133,4.108158848673921,4.108080142752696,4.108001446028173,4.1079241713116454,4.1078507242136375,4.107784877295154,4.107731455620236,4.107694096598463,4.107674942364379,4.107674942570243,4.107694097186965,4.107731456523694,4.107784878438857,4.107850725523002,4.10792417270207,4.108001447407838,4.1080801440495245,4.108158849866916,4.108236745424285,4.108313333188917,4.108388279974059,4.108461332202446,4.108532272352936,4.108600897434234,4.108667008987067,4.108730409082794,4.108790899396498,4.108848281820311,4.108902359875603,4.108952940602292,4.1089998367165945,4.109042868820593,4.1090818675098095,4.109116675358322,4.109147148795788,4.109173159835782,4.1091945975801965,4.109211369482169,4.1092234024063305,4.109230643495669,4.10923306081364
4.109383507501481,4.10938118498733,4.109374227141524,4.10936266267189,4.109346539019178,4.10932592192159,4.109300894689625,4.109271557178806,4.109238024537789,4.1092004258673205,4.109158902786177,4.1091136078117225,4.109064702538174,4.109012355705401,4.108956741276279,4.108898036615491,4.108836420880929,4.108772073827715,4.1087051754267625,4.108635907066709,4.108564455799845,4.108491024470718,4.10841585328909,4.108339263445473,4.108261741947621,4.10818409923653,4.1081077405593165,4.108035065362042,4.107969841345115,4.107916889914012,4.107879845813906,4.107860849454546,4.107860849648899,4.107879846369676,4.107916890776571,4.107969842467607,4.108035066689035,4.108107741987986,4.108184100631829,4.108261743219225,4.108339264604352,4.108415854413234,4.108491025616432,4.108564456961293,4.108635908220285,4.108705176589093,4.108772075045554,4.108836422168413,4.1088980379226685,4.108956742524081,4.109012356835945,4.109064703517202,4.109113608600682,4.109158903351767,4.109200426233689,4.109238024798946,4.109271557437791,4.109300895009786,4.109325922367003,4.109346539715789,4.1093626637687,4.109374228697998,4.109381186909676,4.109383509631459
4.109529354525398,4.109527117135854,4.109520413764914,4.1095092703495615,4.109493729629684,4.109473850761766,4.109449708705554,4.109421393370475,4.10938900848861,4.109352670343209,4.109312506445819,4.1092686541229195,4.109221258954583,4.109170473096775,4.109116453587172,4.109059360739731,4.108999356752993,4.108936604731781,4.108871268516248,4.108803514089326,4.108733514023589,4.108661457774357,4.108587573333098,4.108512170852026,4.108435727497891,4.10835904514114,4.1082835217997635,4.108211551020877,4.108146895843308,4.1080943741139535,4.108057617923199,4.108038765927894,4.108038766093285,4.108057618415047,4.10809437492101,4.108146896937132,4.108211552325884,4.108283523183993,4.108359046469326,4.108435728710012,4.108512171980374,4.108587574434298,4.108661458855772,4.10873351504768,4.108803515038953,4.10887126943666,4.108936605698869,4.1089993578004735,4.109059361819754,4.109116454604939,4.109170473987338,4.109221259723749,4.109268654817141,4.109312507097837,4.109352670951838,4.109389009028217,4.10942139381155,4.109449709057576,4.109473851123444,4.109493730176708,4.109509271236116,4.109520415032425,4.109527118700337,4.109529356309668
4.109670429907018,4.109668269116739,4.109661794700938,4.109651030083512,4.109636013830158,4.109616799261242,4.109593453863206,4.109566058584419,4.109534706893399,4.1094995036274575,4.109460563753621,4.109418011082575,4.109371976901577,4.109322598522225,4.109270017810195,4.109214379793148,4.109155831473716,4.109094521042012,4.109030597863539,4.108964214019973,4.108895528905615,4.108824719704277,4.108752003191086,4.108677679392798,4.1086022164018345,4.108526408070568,4.108451645544916,4.1083803167270325,4.108316180213463,4.108264050469761,4.108227557034048,4.108208836834714,4.108208836978994,4.108227557479944,4.108264051227041,4.10831618123685,4.108380317907054,4.108451646759843,4.108526409250944,4.108602217538723,4.108677680484478,4.108752004201112,4.108824720587029,4.1088955296603515,4.10896421469914,4.109030598533023,4.109094521745698,4.109155832221181,4.109214380556459,4.109270018539504,4.109322599194102,4.109371977559246,4.109418011808818,4.109460564592088,4.109499504530845,4.10953470774596,4.109566059282751,4.109593454397743,4.109616799730853,4.109636014370979,4.109651030784803,4.109661795589739,4.109668270172443,4.109670431164673
4.109806581032067,4.109804489179348,4.109798220796297,4.109787796993794,4.109773252573663,4.109754635686026,4.109732007201671,4.109705440061101,4.109675018499275,4.10964083706686,4.109602999513834,4.109561617611315,4.109516809921586,4.10946870051386,4.109417417676384,4.109363092710857,4.109305858939202,4.109245851118221,4.109183205600635,4.109118061975928,4.109050567724939,4.108980888810502,4.108909231663024,4.108835886975453,4.108761314510607,4.108686300727518,4.108612230331841,4.108541485846837,4.1084778216208795,4.108426048917961,4.108389794877916,4.108371194786854,4.108371194910769,4.10838979526297,4.10842604956347,4.108477822458083,4.108541486767446,4.108612231273408,4.108686301700605,4.108761315521448,4.1088358879475,4.1089092324778225,4.108980889425451,4.109050568207651,4.10911806241094,4.109183206005751,4.109245851477689,4.109305859278551,4.109363093094482,4.109417418149993,4.109468701090797,4.109516810622098,4.109561618473415,4.109603000546345,4.109640838204661,4.1096750196215925,4.1097054410634355,4.109732008049996,4.1097546363996065,4.109773253173491,4.109787797501609,4.109798221273282,4.109804489689105,4.109806581687146
4.109937670661255,4.109935640826967,4.1099295578363355,4.109919440713458,4.1099053208082035,4.109887241616869,4.109865258150109,4.109839436261112,4.109809851950029,4.109776590536536,4.109739745693903,4.109699418403673,4.109655715858004,4.10960875031469,4.109558637950947,4.109505497794376,4.109449450867992,4.109390619779717,4.109329129094787,4.109265107135807,4.10919869067315,4.109130035511778,4.109059338579588,4.108986881915038,4.108913117586976,4.108838825276823,4.108765383758359,4.108695170510017,4.108631935828601,4.108580487924574,4.108544451685005,4.108525960869069,4.108525960951801,4.1085444519377035,4.108580488334159,4.108631936340558,4.108695171071752,4.1087653843759,4.108838825985062,4.108913118352354,4.108986882611941,4.1090593391006545,4.109130035871784,4.109198690955024,4.109265107356192,4.109329129189512,4.109390619731868,4.1094494507914,4.10950549785761,4.109558638252297,4.109608750857442,4.10965571661996,4.1096994193869305,4.1097397469005,4.109776591916899,4.109809853392874,4.109839437634011,4.109865259336814,4.109887242521886,4.1099053213742325,4.109919440979577,4.109929557940505,4.109935640867792,4.10993767076229
4.110063575457224,4.110061601370724,4.110055685105109,4.110045843888812,4.110032105934229,4.110014510486609,4.109993107283414,4.1099679558820315,4.1099391249862585,4.109906691702658,4.109870740691178,4.1098313632495795,4.10978865635701,4.109742721674803,4.109693664543786,4.109641593040806,4.109586617207498,4.109528848721139,4.109468401433857,4.109405393404004,4.109339951722245,4.10927222306719,4.109202395752979,4.109130743831963,4.1090577122112935,4.108984074313099,4.10891120348777,4.108841472575447,4.1087786280745044,4.108727475287199,4.108691636963378,4.1086732454390535,4.108673245460553,4.1086916370245925,4.108727475378344,4.108778628191178,4.108841472740826,4.108911203742512,4.108984074657517,4.109057712568841,4.1091307441073806,4.109202395927702,4.109272223192546,4.109339951805444,4.10940539335721,4.109468401181805,4.109528848332399,4.109586616873648,4.109641592933741,4.109693664725259,4.1097427221323555,4.109788657089068,4.109831364296342,4.109870742085149,4.109906693391171,4.109939126805834,4.109967957607916,4.10999310869985,4.1100145114383,4.11003210637967,4.110045843936915,4.11005568492986,4.1100616010206314,4.110063575052105
4.110184184611159,4.110182260616602,4.110176494185101,4.11016690102328,4.11015350658491,4.110136346272816,4.110115465034429,4.110090916753818,4.110062763620932,4.110031075448524,4.109995928891373,4.109957406614333,4.10991559644784,4.109870590520058,4.10982248440306,4.109771376333569,4.109717366555904,4.109660557010375,4.109601051901152,4.109538959907152,4.1094743992580245,4.109407508382257,4.109338467865458,4.1092675445080875,4.109195176581824,4.1091221316712785,4.109049778127443,4.1089804845621,4.108917993988653,4.108867108989208,4.108831450288796,4.108813148883289,4.108813148844258,4.108831450162846,4.108867108773211,4.108917993720944,4.108980484312585,4.1090497779377,4.109122131513411,4.109195176399687,4.109267544298728,4.109338467681209,4.109407508229206,4.1094743990363405,4.1095389595075495,4.109601051345913,4.10966055645382,4.109717366154201,4.109771376158295,4.109822484474899,4.1098705908737205,4.109915597151571,4.109957407745312,4.109995930475955,4.110031077389789,4.110062765687821,4.110090918660046,4.110115466535716,4.110136347225577,4.110153506980593,4.110166900976184,4.110176493805673,4.110182259867053,4.110184183657853
4.110299398521326,4.110297519562639,4.1102918877680334,4.110282517471587,4.110269431739151,4.110252662588327,4.110232250677657,4.110208244769436,4.110180701172282,4.110149683153014,4.110115260232164,4.11007750740744,4.110036504379261,4.109992334765353,4.1099450853414625,4.109894845422737,4.109841706409199,4.109785761563786,4.109727106520485,4.109665841495523,4.109602076575941,4.109535942614718,4.109467613222175,4.109397348700766,4.109325581284143,4.109253073134405,4.109181187941311,4.109112290428002,4.109050120437173,4.108999478060596,4.108963982139045,4.108945762410888,4.108945762318439,4.108963981847343,4.108999477563403,4.109050119784828,4.109112289703987,4.109181187193923,4.109253072366476,4.109325580519647,4.109397348014645,4.109467612654802,4.109535942083053,4.109602075946954,4.109665840755378,4.109727105801474,4.109785760992327,4.109841706005212,4.1098948451831285,4.109945085345168,4.1099923351360115,4.11003650519333,4.110077508677853,4.11011526191931,4.1101496851333215,4.110180703230132,4.110208246658665,4.110232252187864,4.110252663578013,4.110269432163137,4.110282517367794,4.110291887151186,4.1102975183565125,4.1102993969691095
4.110409127626973,4.110407289174358,4.110401778388893,4.110392608288683,4.110379799806105,4.110363381978893,4.110343391695969,4.110319873179653,4.1102928774605445,4.110262461894506,4.110228689574121,4.110191628628579,4.110151351521461,4.110107934335142,4.11006145603161,4.110011997883172,4.109959643218242,4.109904477438318,4.109846588561814,4.1097860693058035,4.109723022386991,4.10965757166282,4.109589884334684,4.109520214855511,4.109448990051101,4.109376967141761,4.109305505488089,4.109236966196122,4.109175086196627,4.109124663315012,4.1090893146695295,4.109071168839017,4.109071168684567,4.109089314187615,4.109124662493216,4.109175085088619,4.1092369649047145,4.109305504105316,4.109376965742453,4.109448988728683,4.1095202136936075,4.109589883316334,4.109657570674941,4.109723021376029,4.109786068374439,4.109846587838053,4.1099044769073085,4.1099596427912894,4.110011997605193,4.11006145609602,4.110107934882242,4.110151352523381,4.110191629982337,4.110228691201784,4.110262463717714,4.110292879350247,4.110319874955156,4.110343393143895,4.1103633829001405,4.110379800097493,4.110392607951855,4.11040177741832,4.110407287512004,4.110409125542593
4.1105132915056295,4.11051148943202,4.110506087335819,4.110497097028163,4.110484537475372,4.11046843500217,4.11044882314206,4.11042574213612,4.110399238367387,4.110369363920241,4.110336176104796,4.11029973684699,4.110260112079098,4.110217371153378,4.110171586150073,4.1101228312360085,4.1100711824428835,4.11001671794956,4.109959518868163,4.1098996712806395,4.109837271378057,4.10977243666004,4.109705328392883,4.109636195664062,4.109565460440312,4.1094938755130395,4.109422796299445,4.109354580559221,4.109292962524644,4.109242737937632,4.109207522342616,4.109189443261592,4.109189443029146,4.109207521627369,4.10924273673217,4.1092929609011275,4.109354578662457,4.1094227942853205,4.109493873516056,4.1095654585703345,4.109636193974442,4.109705326855002,4.1097724352360645,4.109837270130261,4.109899670328378,4.109959518215132,4.110016717459361,4.1100711820491656,4.110122831084278,4.110171586439322,4.110217371903762,4.110260113146594,4.110299738109741,4.1103361775353955,4.110369365504526,4.1103992400229314,4.11042574367867,4.110448824301902,4.110468435539254,4.1104845373211525,4.110497096254255,4.110506085967654,4.110511487405108,4.110513289045348
4.110611818129069,4.110610048640918,4.110604743965685,4.110595914909427,4.1105835786927365,4.110567759139505,4.110548486693843,4.110525798028474,4.11049973543818,4.110470346372391,4.110437683026883,4.1104018017908865,4.110362762682237,4.110320628922601,4.11027546643506,4.110227343176028,4.1101763287559425,4.110122494792307,4.110065916020388,4.110006672520032,4.109944854732663,4.109880574521339,4.1098139877404085,4.109745338511299,4.109675044355522,4.109603854082901,4.109533119572256,4.109465195547382,4.10940381376394,4.109353768040445,4.109318672467644,4.1093006535969705,4.10930065328882,4.1093186715347265,4.1093537664953645,4.109403811699723,4.109465193135769,4.10953311700538,4.10960385152251,4.1096750419131025,4.109745336246727,4.109813985693975,4.109880572770998,4.109944853385316,4.110006671599032,4.11006591540839,4.110122494369596,4.110176328566182,4.110227343358767,4.110275467009144,4.110320629744422,4.110362763618295,4.110401802824903,4.110437684181523,4.110470347615166,4.110499736662659,4.110525799036296,4.1105484872216556,4.110567759017949,4.110583577971576,4.110595913720051,4.110604742286506,4.110610046337074,4.110611815386886
4.110704643057169,4.110702902723584,4.110697685192329,4.110689000412585,4.110676864166663,4.110661298081681,4.11064232976283,4.1106199926,4.110594325201134,4.11056537089334,4.110533177369343,4.110497796180229,4.11045928211197,4.110417692804271,4.110373088521206,4.110325531677614,4.110275086319115,4.110221818290584,4.110165796500394,4.1101070954804575,4.110045800497634,4.109982018457954,4.109915900404525,4.109847685930437,4.109777788460677,4.10970695316801,4.109636528738656,4.109568867170906,4.109507697992565,4.10945781327575,4.109422825770801,4.109404861125215,4.109404860764025,4.10942282469857,4.109457811535819,4.109507695677512,4.109568864427184,4.109636525747921,4.109706950111779,4.1097777854881015,4.109847683161063,4.1099158979671175,4.109982016493659,4.110045799072954,4.110107094516064,4.110165795870075,4.110221817993234,4.110275086450706,4.1103255322114896,4.110373089243406,4.110417693529033,4.110459282840725,4.110497796969994,4.110533178162299,4.110565371565227,4.110594325661166,4.110619992746388,4.110642329461632,4.110661297298854,4.110676863014442,4.110688998941425,4.110697683239654,4.110702900115083,4.110704640006896
4.110791708567499,4.110789994343475,4.1107848547268,4.110776298788749,4.110764341120921,4.110749001530122,4.110730305137243,4.110708282362874,4.110682968461131,4.110654403006806,4.1106226296213935,4.110587695601497,4.110549651230917,4.110508549236056,4.110464444683458,4.1104173948699225,4.110367458914404,4.110314697688639,4.110259174954907,4.110200960156758,4.110140133797689,4.110076798344384,4.110011100600187,4.109943276125094,4.109873734629254,4.109803217957063,4.109733071874862,4.109665645907245,4.109604667586523,4.109554927433474,4.10952003699135,4.109502121068451,4.109502120677047,4.109520035852839,4.109554925623819,4.109604665181581,4.10966564300146,4.1097330686274045,4.109803214581487,4.109873731327712,4.1099432730615195,4.110011097932749,4.110076796211316,4.110140132226245,4.110200959059518,4.110259174287639,4.110314697527061,4.110367459267239,4.110417395504324,4.110464445301226,4.11050854977189,4.11054965179124,4.1105876961455765,4.11062262991694,4.11065440290276,4.110682967999722,4.110708281605811,4.110730304078585,4.110749000201257,4.110764339579206,4.1107762969341755,4.110784852322142,4.110789991317447,4.110791705178263
4.110872962972078,4.110871272108288,4.110866202127163,4.110857761152538,4.110845962657693,4.110830824905715,4.110812370908201,4.11079062850985,4.110765630020399,4.110737411647851,4.110706013255118,4.110671478236378,4.110633852952422,4.110593185959949,4.110549527738982,4.110502930844648,4.1104534498587135,4.11040114129381,4.110346064478412,4.110288284337549,4.1102278770146965,4.110164940922655,4.110099619071215,4.1100321434472145,4.109962920459754,4.109892688969369,4.10982279208966,4.109755577073223,4.109694769631888,4.109645158908141,4.109610355386871,4.109592483119041,4.109592482719236,4.1096103542342775,4.109645157090268,4.109694767210704,4.1097555741223095,4.109822788774325,4.109892685527877,4.109962917099923,4.110032140310855,4.110099616290677,4.110164938626376,4.1102278752529235,4.110288283093876,4.110346063778744,4.110401141174025,4.110453450174056,4.110502931273704,4.110549528085435,4.110593186295841,4.110633853325753,4.110671478408368,4.110706012920798,4.110737410781949,4.110765628807075,4.110790627049333,4.110812369187494,4.110830822943553,4.110845960458949,4.110857758576195,4.110866199033923,4.110871268620349,4.110872959315686
4.110948360236868,4.110946690145661,4.110941682179148,4.110933343599022,4.110921686764881,4.110906728515133,4.110888489986929,4.110866996773824,4.110842278682929,4.110814369068113,4.110783304439913,4.110749124531459,4.11071187209281,4.110671592107345,4.110628331185147,4.110582137661489,4.110533061903598,4.110481156454115,4.110426476778821,4.110369083884836,4.1103090500358626,4.110246469970616,4.110181483261812,4.110114318681614,4.1100453796979854,4.109975402542964,4.109905727986966,4.109838701227155,4.1097780462928375,4.109728551070705,4.109693825121756,4.1096759918410655,4.109675991471525,4.10969382403993,4.109728549326589,4.109778043935786,4.109838698354629,4.109905724787639,4.109975399236221,4.110045376439145,4.110114315572816,4.110181480430552,4.110246467563247,4.110309048141155,4.1103690825397114,4.110426476015739,4.110481156222056,4.1105330619727,4.1105821377678815,4.110628331268202,4.110671592226332,4.1107118721090465,4.110749124108542,4.110783303414682,4.110814367589629,4.110842276907799,4.110866994656638,4.110888487463514,4.110906725663693,4.110921683652523,4.110933340156926,4.110941678413074,4.110946686292694,4.1109483564204945
4.111017859649063,4.111016207885759,4.111011254775506,4.111003006932866,4.110991475719463,4.110976676675672,4.11095862919632,4.110937356765816,4.110912886961412,4.110885250785995,4.110854481975367,4.110820616975777,4.110783695114688,4.110743758128377,4.110700849361997,4.110655013570423,4.110606297341876,4.110554749564977,4.110500422238565,4.110443372947008,4.110383670562131,4.1103214065764355,4.110256717497512,4.110189829192835,4.110121142456898,4.110051391177299,4.109981914091736,4.109915054604724,4.109854535218935,4.1098051426530855,4.10977048564019,4.1097526870244305,4.109752686730904,4.109770484741179,4.109805141121799,4.109854533086052,4.10991505199712,4.109981911187702,4.1100513881207235,4.110121139344341,4.110189826148318,4.110256714701667,4.110321404183828,4.110383668638594,4.110443371522098,4.110500421331307,4.1105547490901415,4.110606297091824,4.110655013385243,4.110700849210586,4.110743757912499,4.110783694539607,4.110820615800168,4.110854480269558,4.110885248732109,4.110912884511225,4.110937353744274,4.110958625659959,4.110976672899721,4.110991471846387,4.111003002888647,4.111011250587923,4.1110162037819,4.111017855676858
4.111081425261377,4.111079789618568,4.1110748847595495,4.111066716765899,4.1110552961905364,4.111040637543837,4.111022758723773,4.111001681210969,4.110977430404653,4.110950035219032,4.110919527170886,4.110885939987373,4.1108493098819805,4.110809675528222,4.110767077375489,4.110721557167335,4.110673158244656,4.1106219262293,4.110567909996081,4.110511164084311,4.110451754368694,4.110389769497327,4.110325343321607,4.110258699160195,4.110190235380742,4.110120683720001,4.110051381119407,4.109984669458472,4.109924269912405,4.109874968124237,4.109840372054979,4.109822604077674,4.109822603874969,4.109840371392278,4.109874966919432,4.109924268187456,4.1099846673389795,4.110051378712813,4.110120681063691,4.110190232544695,4.110258696336916,4.110325340734697,4.110389767248914,4.110451752456773,4.110511162534288,4.110567908849184,4.110621925415163,4.110673157608465,4.110721556616344,4.110767076831874,4.110809674749681,4.110849308558989,4.110885938063691,4.11091952482933,4.110950032483543,4.110977427034632,4.111001677129529,4.111022754289145,4.1110406331837,4.111055291937549,4.111066712390989,4.111074880263224,4.111079785238811,4.111081421038379
4.111139025264999,4.111137403795104,4.111132541267696,4.111124443177211,4.111113119310479,4.111098583412053,4.11108085230656,4.1110599457848345,4.111035887130304,4.111008703189726,4.110978423563016,4.110945079820734,4.110908705549583,4.110869336619432,4.1108270108173315,4.110781767268941,4.110733646546671,4.1106826914395835,4.110628948086836,4.110572468350182,4.110513315427089,4.110451575418253,4.110387379875531,4.11032094996888,4.110252681953583,4.110183305595052,4.110114156188282,4.110047574299293,4.109987279995048,4.1099380579697335,4.109903515452015,4.109885774377738,4.1098857742484185,4.109903515012002,4.1099380571504955,4.109987278828051,4.110047572865849,4.110114154490989,4.110183303586409,4.110252679701181,4.110320947680509,4.11038737771068,4.110451573376383,4.110513313489619,4.110572466611753,4.110628946626633,4.1106826901728075,4.110733645339971,4.110781766082933,4.110827009568948,4.1108693350464405,4.110908703437225,4.110945077240947,4.110978420634569,4.111008699730174,4.111035882881276,4.111059940932964,4.1110808474226985,4.111098578806826,4.111113114736189,4.111124438316541,4.111132536274119,4.111137399028235,4.1111390207405885
4.111190631668649,4.1111890225462675,4.1111841969495035,4.111176159813269,4.111164920006754,4.111150490514107,4.1111328874441515,4.111112129411731,4.1110882378988425,4.111061237729026,4.111031156660861,4.110998024464083,4.110961872598829,4.110922734517096,4.1108806456108535,4.1108356426890955,4.110787763917467,4.1107370496161,4.110683543572311,4.1106272953875465,4.110568365936782,4.1105068390086705,4.110442844087372,4.11037660053824,4.110308502877622,4.110239279145787,4.110170263115002,4.110103794173713,4.110043591476704,4.109994438934398,4.1099599431062055,4.1099422254932225,4.109942225433706,4.109959942911218,4.109994438592775,4.110043591009007,4.110103793565255,4.110170262273891,4.110239278006981,4.110308501512431,4.110376599061485,4.110442842485477,4.110506837195221,4.110568363972815,4.110627293470019,4.11068354176215,4.110737047765897,4.110787761928374,4.110835640620217,4.110880643437806,4.110922732032438,4.110961869695816,4.11099802125954,4.111031153159482,4.1110612336517605,4.111088233107505,4.111112124267526,4.111132882422731,4.111150485592493,4.111164914762074,4.111176154139464,4.111184191330557,4.11118901740085,4.111190626896505
4.111236220288683,4.111234621682051,4.111229827777621,4.111221843275085,4.111210676056813,4.1111963381175345,4.111178844884406,4.111158214212053,4.111134466281248,4.111107624161355,4.1110777138575365,4.111044763524672,4.11100880286288,4.110969863294177,4.11092797814265,4.110883182231846,4.110835511656567,4.1107850045436924,4.1107317026036,4.110675653566218,4.11061691641691,4.110555572926181,4.110491750668363,4.110425667417794,4.110357716291501,4.1102886239186285,4.110219722713052,4.110153350973924,4.110093227082221,4.110044134340252,4.1100096787497025,4.109991981391981,4.109991981427642,4.110009678881478,4.110044134600953,4.110093227425362,4.110153351246216,4.1102197227598065,4.110288623716733,4.110357715907293,4.1104256668114,4.110491749650435,4.110555571399034,4.110616914548025,4.110675651569728,4.110731700441348,4.110785002042369,4.110835508840725,4.110883179281738,4.110927975059279,4.11096985990206,4.111008799143928,4.111044759623583,4.111077709722185,4.111107619534397,4.111134461145231,4.111158208898814,4.111178839579383,4.1111963325505405,4.111210669946476,4.111221836919029,4.111229821831991,4.111234616323371,4.111236215292293
4.111275770610771,4.111274180754535,4.111269413375566,4.111261473359687,4.111250367882181,4.111236107828506,4.111218707745619,4.11119818483275,4.111174558367688,4.111147850060002,4.111118084393118,4.111085288102449,4.111049489409638,4.1110107180117,4.110969005447679,4.110924384900624,4.110876890797454,4.110826559375795,4.110773430446093,4.110717550116381,4.1106589759023455,4.110597787957935,4.110534112153067,4.110468164790235,4.1104003378188585,4.110331356775754,4.110262552944322,4.110196263624148,4.110136206496273,4.1100871643941925,4.110052742904267,4.110035062745228,4.11003506288698,4.110052743382219,4.110087165254444,4.110136207607085,4.110196264713608,4.11026255382856,4.1103313574638936,4.110400338327103,4.110468164936164,4.110534111675892,4.110597786823096,4.110658974305914,4.110717548147195,4.110773427954131,4.110826556283575,4.110876887317437,4.11092438125434,4.11096900156506,4.111010713740996,4.111049484844891,4.111085283416799,4.111118079497893,4.111147844754032,4.111174552718755,4.111198179073492,4.111218701848844,4.111236101542645,4.111250361260127,4.111261466937881,4.111269407563485,4.11127417526035,4.1112757652472025
4.111309265278259,4.111307682657835,4.111302937014568,4.111295033514364,4.111283979122339,4.111269783845956,4.111252461266794,4.111232027865917,4.111208502190985,4.111181904890504,4.111152259186505,4.111119590647881,4.111083926337149,4.11104529452233,4.11100372515528,4.110959250022448,4.110911902299607,4.110861716757969,4.110808731523873,4.110752991203122,4.11069455212759,4.110633493266447,4.110569939103368,4.1105041045955995,4.110436380653364,4.110367491979364,4.110298768996496,4.110232548140727,4.11017254643452,4.110123546317952,4.1100891530906765,4.1100714871975885,4.110071487422739,4.110089153821932,4.110123547590094,4.110172548080113,4.1102325498689725,4.1102987706311565,4.110367493487522,4.110436381923275,4.110504105348089,4.11056993912585,4.110633492604798,4.110694550888269,4.110752989276445,4.110808728734403,4.110861713223832,4.11091189835753,4.110959245791786,4.111003720475301,4.111045289364088,4.111083920946901,4.111119585162398,4.11115225343061,4.111181898738931,4.111208495835514,4.111232021503831,4.111252454794741,4.111269777147742,4.1112839724829815,4.111295027381379,4.111302931320949,4.111307676806101,4.11130925931845
4.111336689572457,4.111335112936406,4.11133038486648,4.111322510491359,4.111311496877106,4.111297353560496,4.111280093337343,4.1112597320194855,4.111236287548061,4.111209779703513,4.111180230604169,4.111147664836601,4.111112108643091,4.111073589250681,4.111032135241088,4.110987777115944,4.110940547088798,4.110890478943982,4.110837609486112,4.110781981939803,4.1107236515863566,4.1106626965544475,4.1105992403333715,4.110533496744504,4.110465855745757,4.110397041373678,4.110328383454107,4.110262217756296,4.1102022607053845,4.110153294375973,4.11011892386795,4.1101012694502765,4.110101269745024,4.110118924771263,4.11015329586501,4.110202262626899,4.110262219908565,4.1103283857019814,4.110397043575849,4.110465857621007,4.110533497975156,4.110599240810154,4.110662696345835,4.110723650626214,4.110781979969526,4.110837606429819,4.110890475103541,4.11094054275995,4.110987772232507,4.111032129669444,4.111073583219334,4.111112102518389,4.111147658611777,4.11118022401291,4.11120977277814,4.111236280647385,4.111259725290103,4.111280086564136,4.111297346665661,4.111311490191485,4.11132250425711,4.111330378724388,4.111335106384939,4.111336682925409
4.1113580313898765,4.111356459518209,4.111351745242873,4.111343893331985,4.111332910921063,4.111318807321125,4.1113015947736065,4.111281288593568,4.111257906355085,4.1112314672461725,4.111201992426323,4.111169505550695,4.111134032260932,4.111095599182845,4.111054233884032,4.111009965679722,4.110962825926847,4.1109128478022825,4.110860067262225,4.110804526395157,4.110746279505777,4.110685404086303,4.110622023006769,4.110556349254196,4.11048877195017,4.110420014557741,4.110351406512104,4.110285283146632,4.110225360403254,4.110176420009501,4.110142066910154,4.110124421291244,4.1101244216668,4.110142067983485,4.1101764216466,4.1102253624658465,4.110285285553484,4.1103514091682065,4.110420017204274,4.110488774187509,4.110556350800253,4.110622023837244,4.110685404194303,4.110746278639258,4.110804524269069,4.110860063972654,4.110912843719825,4.110962821167068,4.111009960047047,4.111054227433601,4.111095592411988,4.111134025517773,4.1111694986389065,4.111201985106507,4.11123145978921,4.111257899197233,4.111281281680455,4.111301587695916,4.11131880000381,4.111332903732651,4.111343886434419,4.111351738270778,4.111356452246586,4.111358024219748
4.111373281597173,4.111371713109493,4.111367008745331,4.111359172932974,4.111348212772924,4.111334137412819,4.111316958616229,4.111296691263689,4.111273352786494,4.111246962188402,4.111217539986916,4.111185108959524,4.111149694193637,4.111111322059313,4.1110700195941625,4.111025815167524,4.110978739303356,4.110928824758827,4.110876107088924,4.11082062762875,4.110762439836234,4.11070162066441,4.110638292649042,4.110572668291269,4.1105051360680545,4.110436418936575,4.110367846069671,4.110301752582314,4.110241854097824,4.11019293203744,4.1101585912001015,4.110140951755919,4.110140952195001,4.110158592400438,4.1101929337711285,4.110241856237249,4.110301755118142,4.11036784889583,4.110436421705487,4.11050513836969,4.110572669943094,4.110638293654707,4.110701620874719,4.110762438876944,4.110820625303269,4.110876103634117,4.11092882046559,4.1109787340860695,4.1110258088552545,4.11107001249276,4.111111314759681,4.111149686856711,4.111185101281166,4.111217531930349,4.11124695423547,4.111273345258601,4.111296683838074,4.111316950836396,4.111334129381106,4.111348204969499,4.111359165481463,4.1113670012942105,4.11137170554477,4.111373274223671
4.111382434095135,4.111380867549679,4.1113761690158315,4.111368342768779,4.111357395940747,4.111343337671153,4.111326179322433,4.111305935246322,4.111282622717487,4.11125626087735,4.1112268700774095,4.111194472445695,4.111159092497513,4.111120756501303,4.111079491440919,4.111035325170807,4.110988287494342,4.110938410796955,4.110885730542581,4.110830287753622,4.110772135288388,4.110711349632828,4.110648053159337,4.110582458209728,4.110514952885121,4.1104462597366345,4.110377707742728,4.110311631965685,4.11025174790179,4.11020283675221,4.1101685031653235,4.110150867311867,4.1101508677333625,4.1101685043075085,4.110202838399196,4.110251749967913,4.1103116344474255,4.110377710467999,4.110446262317388,4.110514954991382,4.110582459762945,4.11064805412199,4.110711349721798,4.1107721341284105,4.110830285292603,4.110885727038925,4.110938406345875,4.110988281893439,4.111035318413126,4.111079483992679,4.111120748793774,4.111159084438695,4.11119446381331,4.1112268611525264,4.1112562522122325,4.111282614390816,4.111305926835762,4.111326170645579,4.111343329133166,4.111357387995207,4.111368335323661,4.111376161631261,4.111380860094598,4.111382426759256
4.111385485340391,4.111383919437793,4.111379222803236,4.111371399561819,4.111360456945629,4.111346404382549,4.111329253164304,4.111309017149719,4.111285713282418,4.111259360893299,4.1112299805949,4.111197594278861,4.111162225961545,4.111123901799999,4.111082649038092,4.111038495535238,4.110991470673601,4.110941606514068,4.1108889385901,4.1108335080115905,4.110775367394847,4.110714592890222,4.110651306797886,4.110585721550609,4.110518225181265,4.110449540003272,4.110380994850776,4.110314924830482,4.110255045490457,4.110206137947554,4.110171806719334,4.110154171951419,4.110154172258973,4.110171807573615,4.110206139246102,4.110255047215087,4.110314926943467,4.110380997122285,4.110449542091303,4.110518226887127,4.110585722840239,4.110651307528119,4.110714592706238,4.110775366034689,4.110833505546182,4.110888935157817,4.110941601976082,4.110991464832882,4.1110384885944855,4.111082641456098,4.111123893700682,4.11116221711028,4.111197584731512,4.111229970918664,4.111259351523313,4.111285704061026,4.111309007809446,4.11132924395297,4.11134639583078,4.111360449172873,4.111371392163498,4.111379215391928,4.11138391200736,4.111385478019738
