Model:  09_16_25_metacentric_relaxed_model
Simulation: 09_16_25_CPC_metacentric_relaxed_model_v2
(SimID_296945372_0 (PDE Simulation)) 
Sim time range (0.0 500.0) (saved timepoints 51) 
Number of variables 40 
Variable names ['Bub1a', 'Bub1a_his', 'CPCa', 'CPCi', 'H2A', 'H3', 'H3_CPCa', 'H3_CPCi', 'Haspina', 'Haspini', 'I', 'Knl1', 'Mps1a', 'Mps1i', 'Ndc80', 'Ndc80_Mps1a', 'Ndc80_Mps1i', 'Ndc80_pMps1a', 'Ndc80_pMps1i', 'Plk1a', 'Plk1i', 'Sgo1', 'Sgo1_CPCa', 'Sgo1_CPCi', 'TIMEBOUNDS', 'TIMES', 'pH2A', 'pH2A_Sgo1', 'pH2A_Sgo1_CPCa', 'pH2A_Sgo1_CPCi', 'pH3', 'pH3_CPCa', 'pH3_CPCi', 'pKnl1', 'pKnl1_Bub1a', 'pMps1a', 'pMps1i', 'pNdc80', 'pNdc80_Mps1a', 'pNdc80_Mps1i', 'pNdc80_pMps1a', 'pNdc80_pMps1i'] 
 
2D Slice for variable Plk1i at time 480.0 in plane XY at Z = 0 
 
X in rows, Y in columns 
4.111381090696496,4.111379534239508,4.111374853367397,4.111367048239315,4.11135614041119,4.111342133752149,4.111325036280012,4.111304857082083,4.111281608751416,4.1112553098969284,4.111225982377791,4.1111936489433365,4.111158332716018,4.111120057713398,4.111078849558277,4.111034735810533,4.110987746047133,4.110937912131666,4.110885269195047,4.110829858080587,4.11077173066055,4.110710960812851,4.1106476665452725,4.110582053809383,4.1105145014283195,4.110445719596063,4.110377025084083,4.110310750984667,4.110250638906504,4.110201531355179,4.110167060949175,4.1101493512676335,4.1101493379952325,4.110167021155613,4.11020146512193,4.110250546409934,4.11031063255946,4.110376881306192,4.110445551363009,4.110514310010908,4.110581840850743,4.110647434020598,4.110710710979893,4.110771466048617,4.1108295815463585,4.110884984051962,4.110937622308181,4.110987456203127,4.111034451327431,4.1110785763388735,4.111119801757829,4.111158099534076,4.111193442997835,4.1112258068825,4.111255167329855,4.111281502044561,4.111304790543162,4.111325014159818,4.111342156012279,4.111356201354773,4.111367137929412,4.111374956100509,4.111379649841756,4.111381217602099
4.111378050136245,4.111376500384008,4.111371827970135,4.111364032817761,4.111353126564226,4.111339115720029,4.111322010388677,4.111301822422988,4.111278565349043,4.111252256725991,4.1112229172242625,4.111190569288709,4.111155236646132,4.111116944265747,4.111075718577915,4.111031587623322,4.1109845811754955,4.110934731133218,4.110882072620572,4.11082664651016,4.110768504764166,4.1107077214028225,4.110644414595239,4.110578790443075,4.110511227875822,4.1104424371455845,4.110373735043069,4.110307454661564,4.110247337607861,4.1101982263888655,4.110163753624963,4.110146042887673,4.1101460298398,4.110163714467595,4.110198161099442,4.1102472462051365,4.1103073372822125,4.110373592024661,4.110442269096992,4.110511035711681,4.110578575385787,4.110644178166024,4.110707465436602,4.110768231457396,4.110826358502519,4.1108817730839435,4.1109344238372305,4.110984270494749,4.1110312784707155,4.111075416267673,4.111116654291621,4.111154964405079,4.111190319870364,4.11122269536749,4.1112520669224475,4.111278411987881,4.111301709802045,4.11132194157812,4.111339090508676,4.111353142132344,4.111364084524723,4.111371907511294,4.1113766027115,4.111378170132254
4.111368915105947,4.111367375273592,4.111362697610753,4.111354897787639,4.1113439827729525,4.111329958953625,4.11131283502067,4.111292622608556,4.111269336645196,4.111242995947057,4.111213621920803,4.111181237326559,4.111145866150332,4.111107533767816,4.111066267131322,4.111022094840527,4.1109750471920075,4.110925156526167,4.110872458329343,4.110816993790347,4.110758815178937,4.1106979968294945,4.110634657234142,4.110569002808989,4.110501412766923,4.110432597590484,4.110363874244775,4.110297575953181,4.1102374444265815,4.110188322263267,4.110153842168459,4.110136127780631,4.110136114796427,4.110153803195754,4.110188257259925,4.110237353381367,4.11029745895736,4.1103637315662365,4.110432429727029,4.110501220467974,4.110568787076578,4.110634419333474,4.110697738328368,4.110758538020745,4.110816700372212,4.110872151568856,4.110924839896497,4.110974724709774,4.111021771028069,4.111065946966195,4.111107222553774,4.111145569250971,4.111180959914569,4.11121336893815,4.111242772169348,4.111269146760916,4.1112924715195724,4.111312727357535,4.1113298972470345,4.111343966265707,4.111354922056348,4.1113627549846115,4.1113674563427836,4.111369025483812
4.111353687495415,4.111352157747427,4.111347477059457,4.1113396672072255,4.111328732901498,4.1113146814080155,4.111297523074343,4.111277269920238,4.111253937584438,4.111227545534263,4.111198115782452,4.111165671696995,4.111130237919211,4.111091840575542,4.111050507402722,4.111006267766652,4.110959152696883,4.110909195226348,4.110856431493538,4.110800903314937,4.110742663572476,4.11068178719148,4.110618393216806,4.110552688565489,4.110485052888896,4.110416197040401,4.110347438290138,4.11028111011109,4.110220954420372,4.110171813989198,4.110137321672933,4.110119601226662,4.110119588411335,4.110137283204593,4.1101717498153905,4.110220864498414,4.110280994464964,4.110347297071354,4.110416030575186,4.110484861705083,4.110552473404778,4.1106181550540475,4.110681527285581,4.110742383539311,4.110800605204874,4.110856117856769,4.1109088691554,4.110958817838367,4.111005928322538,4.111050168146047,4.111091506784823,4.111129915085678,4.111165365140414,4.111197830549135,4.111227286582406,4.111253709997559,4.111277079215784,4.111297374902881,4.111314579923619,4.11132867875855,4.111339657134697,4.111347505257008,4.111352216659376,4.111353789145691
4.111332393641577,4.111330864456065,4.111326173762825,4.111318343318979,4.111307378713676,4.1112932866495795,4.11127607844945,4.111255766919763,4.111232368778177,4.111205904474307,4.111176396759906,4.111143869709502,4.111108348762328,4.1110698610105105,4.111028435258263,4.110984101948868,4.1109368931483665,4.110886842859502,4.11083398811238,4.110778371548116,4.11072004683402,4.110659089658327,4.11059561980506,4.110529844894466,4.110462145225114,4.110393232218933,4.110324423622587,4.110258053293257,4.110197863454882,4.110148697130317,4.1101141873976506,4.1100964581954305,4.110096445403319,4.110114149023182,4.110148633177011,4.110197773926674,4.110257938210276,4.1103242830595415,4.110393066367891,4.110461954458469,4.110529629807918,4.110595381238291,4.110658828710005,4.11071976489305,4.110778070352197,4.110833669828263,4.110886510168168,4.110936549304454,4.110983750803153,4.11102808127742,4.111069509271527,4.111108004754481,4.111143538884357,4.111176084200314,4.111205615045827,4.111232107599138,4.1112555397830075,4.111275891419311,4.111293144241126,4.111307282747518,4.111318293251308,4.111326164466017,4.1113308898598895,4.111332467093471
4.11130503025777,4.111303497018598,4.111298790875011,4.111290931267014,4.111279924811061,4.1112657786842846,4.111248504991468,4.111228117514474,4.111204634077517,4.111178076258441,4.111148467793907,4.111115833752444,4.111080200658928,4.1110415968010505,4.111000052237438,4.110955598655302,4.110908269341029,4.110858099498994,4.110805127329348,4.110749396593225,4.110690962019699,4.110629900298572,4.110566332157258,4.110500466106826,4.110432683284892,4.110363695886298,4.110294822335499,4.1102283970495055,4.110168162686498,4.11011896259606,4.110084430116919,4.110066689395071,4.110066676454299,4.110084391354158,4.1101188981601275,4.110168072746434,4.110228281728298,4.1102946817015305,4.110363530019918,4.110432492400092,4.110500250672867,4.110566092962367,4.11062963843986,4.110690678854223,4.110749093701207,4.110804806540864,4.110857763011166,4.110907919900486,4.110955239713118,4.110999687990998,4.111041232141782,4.111079840999785,4.111115484592806,4.111148134178988,4.111177762699214,4.111204345096789,4.111227858475145,4.111248282404193,4.111265597887418,4.111279788042521,4.1112908396935985,4.11129874138644,4.111303485169385,4.111305068364692
4.111271606111753,4.111270065342548,4.111265336826071,4.1112574398656765,4.111246380371068,4.1112321665941804,4.11121481138243,4.111194329811997,4.111170741066652,4.111144068003534,4.1111143354988515,4.111081569779065,4.111045798654855,4.111007051836657,4.110965360888537,4.110920759020537,4.110873281027522,4.110822963602111,4.1107698463980915,4.110713974568386,4.110655404156438,4.110594213087273,4.1105305232516525,4.110464544260511,4.110396658291478,4.1103275785081,4.110258624202693,4.110192130526373,4.1101318407198,4.110082598572169,4.1100480377636455,4.110030282694896,4.110030269550559,4.110047998437451,4.110082533333028,4.110131749875101,4.110192014306423,4.110258482730766,4.110327411883668,4.110396466748382,4.110464328304358,4.110530283702139,4.110593951017325,4.11065512080145,4.11071367129097,4.1107695247457325,4.110822625452702,4.1108729288036745,4.110920395873032,4.110964990707045,4.111006679112594,4.111045428345883,4.111081207091971,4.1111139854731205,4.1111437352986435,4.1111704301375935,4.111194045121029,4.111214558331986,4.111231951077001,4.111246205879166,4.111257308970764,4.111265248009729,4.111270014551141,4.111271605134434
4.111232130967929,4.111230580906634,4.111225823590143,4.1112178808328075,4.111206757181234,4.1111924621542535,4.111175009361608,4.111154415263069,4.111130700584466,4.111103889618352,4.11107400859283,4.111041085157,4.111005148702003,4.110966230639188,4.110924364297899,4.110879584666411,4.110831928308559,4.1107814336842905,4.1107281421999184,4.11067210071172,4.110613366879383,4.110552020142685,4.110488183805981,4.110422068805673,4.1103540585703655,4.110284867435173,4.11021581576094,4.110149239622379,4.11008888300401,4.110039590249348,4.11000499543994,4.109987223239893,4.109987209974016,4.110004955773767,4.110039524522537,4.110088791629269,4.110149122949437,4.110215674014039,4.110284700770871,4.11035386722128,4.110421853236571,4.110487944790283,4.110551758727482,4.110613084286826,4.110671798267555,4.11072782133672,4.110781096037024,4.1108315759195255,4.1108792202464866,4.110923991362549,4.110965853409331,4.111004771904628,4.1110407137385705,4.111073647176929,4.111103542217665,4.11113037130557,4.111154108747057,4.111174730498216,4.111192216635722,4.111206549341194,4.111217714636896,4.11122569863377,4.111230492721738,4.111232092600492
4.1111866205591285,4.111185059121495,4.1111802676252305,4.111172270522255,4.111161071419559,4.11114668098059,4.111129113741358,4.1111083876859436,4.111084525283739,4.111057552456125,4.1110274969976945,4.110994388246949,4.110958257466584,4.11091913807138,4.110877065452476,4.11083207667416,4.11078421037162,4.1107335070694235,4.110680010231775,4.110623768732742,4.110564842170746,4.110503311813527,4.110439302672011,4.110373027270771,4.110304870515274,4.110235548109562,4.1101663816548255,4.110099708307365,4.110039272933613,4.10998992054908,4.109955285725963,4.109937493450343,4.109937480205938,4.109955246130712,4.109989854960791,4.1100391818002455,4.110099592031724,4.110166240540307,4.110235382408216,4.110304680555407,4.110372813577965,4.110439066013507,4.110503053148723,4.110564562567014,4.110623469329788,4.1106796922922255,4.110733172088079,4.110783860222673,4.110831713794318,4.110876692964062,4.110918759721868,4.110957877464672,4.110994011146092,4.111027127375501,4.111057194184722,4.1110841816296295,4.111108062791978,4.1111288126858145,4.11114640960447,4.111160834528662,4.111172072669504,4.111180109681518,4.111184936421312,4.111186547803287
4.111135096162202,4.111133520150456,4.11112868932725,4.11112062886324,4.1111093423343625,4.111094841388922,4.11107714168976,4.111056262927085,4.111032229491828,4.111005069134958,4.1109748114678935,4.110941487828387,4.1109051316942224,4.110865778820415,4.110823466983944,4.1107782356387865,4.110730125798705,4.110679180361367,4.11062544515828,4.11056897140641,4.110509820978171,4.11044807730517,4.110383867425308,4.110317405737618,4.110249078869347,4.11017960409151,4.110110304416418,4.110043518229353,4.109982991423173,4.109933569810841,4.109898888559929,4.109881073035581,4.1098810598936595,4.1098988492529145,4.109933504664383,4.109982900885156,4.1100434027805175,4.110110164512562,4.110179440172137,4.11024889141355,4.110317195328759,4.1103836347780796,4.110447823246784,4.110509546410729,4.110568677303513,4.1106251326269385,4.1106788507465435,4.110729780782219,4.110777877342301,4.110823098096736,4.110865402659601,4.110904752062354,4.110941108738092,4.11097443696402,4.1110047030341414,4.111031874941776,4.11105592338875,4.111076822129455,4.111094547877416,4.111109080522677,4.111120402939166,4.111128501265971,4.111133365693796,4.111134990502912
4.111077581842397,4.111075987719637,4.111071112024956,4.111062978585142,4.111051591708855,4.111036963997797,4.111019112444471,4.110998058680442,4.110973829214053,4.110946453829944,4.110915964230914,4.110882394079683,4.110845779412497,4.110806158676113,4.110763572380665,4.110718062712723,4.110669673407003,4.1106184500696505,4.110564441230443,4.110507700779998,4.110448293204024,4.11038630444618,4.110321863911641,4.110255188195774,4.110186665928749,4.11011701618457,4.110047563566103,4.109980647839068,4.109920016046222,4.109870514918039,4.109835780323876,4.1098179380984154,4.109817925114747,4.109835741468853,4.109870450469196,4.109919926435733,4.109980533610616,4.11004742533376,4.110116854604443,4.11018648168702,4.1102549819972065,4.110321636464339,4.110386056452563,4.110448025377699,4.110507413896689,4.110564136217524,4.110618128116334,4.110669336049227,4.1107177118502625,4.110763210278098,4.110805788031446,4.1108454034570014,4.1108820164626305,4.110915588606956,4.1109460836156115,4.110973467487404,4.110997708599282,4.111018778728477,4.11103665254082,4.111051309193666,4.111062728675398,4.111070897274349,4.111075804637629,4.1110774445118485
4.111014104051581,4.111012488811136,4.111007562070945,4.1109993453885645,4.1109878442683545,4.110973072361429,4.110955048179001,4.110933795517365,4.110909343195991,4.110881723239362,4.110850969758668,4.110817119101497,4.110780210236634,4.110740284670208,4.110697386012799,4.110651559551538,4.110602852113064,4.110551312383604,4.11049699195638,4.110439947752667,4.1103802472299495,4.110317979200021,4.110253275793674,4.1101863561467065,4.11011761121,4.110047762125265,4.10997813530462,4.109911072056403,4.10985032070782,4.109800729016261,4.10976593365883,4.109748061023547,4.109748048253832,4.10976589542606,4.109800665559953,4.109850232450527,4.109910959601241,4.109977999399713,4.110047603606235,4.110117430938243,4.11018615494817,4.110253054405011,4.110317738253659,4.110379987304325,4.1104396694720355,4.1104966960944616,4.110550999950581,4.110602524422056,4.110651218256159,4.110697033096135,4.1107399224044645,4.110779841214864,4.11081674635835,4.110850596602816,4.110881352810825,4.110908978383613,4.110933439270721,4.110954705011991,4.11097274786958,4.110987545653522,4.110999076156928,4.1110073248594245,4.11101228098918,4.11101393770493
4.110944692936914,4.110943054308857,4.1109380698021205,4.110929758933214,4.110918128635855,4.110903193807259,4.110884974671185,4.110863497395233,4.110838793303298,4.110810896877657,4.11077984497392,4.110745677028723,4.1107084353506576,4.11066816491129,4.110624912827908,4.1105787278996315,4.110529660457146,4.110477762677962,4.1104230896196805,4.110365701623913,4.110305669495074,4.110243085286051,4.110178084222845,4.110110888345209,4.110041891263101,4.1099718164916155,4.109901992497832,4.109834762325238,4.109773875722583,4.109724181583278,4.109689317483592,4.109671410446824,4.109671397945517,4.1096892800542,4.109724119470467,4.109773789372499,4.109834652393489,4.109901859806977,4.109971661960073,4.110041715833516,4.110110692919125,4.110177869594624,4.110242852101439,4.110305418286164,4.110365432923507,4.110422804091331,4.11047746119459,4.110529344122341,4.110578398053681,4.11062457108193,4.11066781317806,4.1107080758150785,4.110745312168828,4.110779477599851,4.110810529870929,4.110838429446549,4.1108631394818484,4.110884626814562,4.110902861514171,4.110917818852086,4.110929475318202,4.110937814793017,4.110942826102594,4.110944501714741
4.110869383564431,4.110867719642335,4.110862670168414,4.110854253391708,4.1108424778141766,4.110827359824847,4.110808921570496,4.110787191801659,4.110762204546771,4.110733997002592,4.110702609132809,4.110668083896896,4.110630467387645,4.110589808482836,4.110546158257927,4.110499569487301,4.110450096475845,4.110397795356482,4.1103427251030915,4.110284949902808,4.110224544309314,4.110161604001159,4.1100962676752495,4.11002876064314,4.109959479532492,4.1098891505595105,4.109819104530218,4.10975168644581,4.109690647641595,4.109640838258077,4.1096058968509865,4.109587951140413,4.109587938971471,4.109605860440297,4.109640777901135,4.109690563845844,4.109751579908496,4.109818976077048,4.109889001074049,4.109959309913775,4.110028571787537,4.110096060439671,4.110161379139386,4.1102243024412495,4.110284691573203,4.110342450901,4.110397506010604,4.110449792881056,4.110499252688173,4.110545829460138,4.110589469145404,4.110630119310212,4.110667729212385,4.110702250287762,4.110733636612882,4.1107618452966905,4.110786836461881,4.110808573615758,4.110827024763238,4.110842161840256,4.110853960363798,4.110862402202121,4.110867475649781,4.11086917234455
4.110788216491014,4.110786525266466,4.110781403110305,4.1107728677689455,4.1107609294259,4.110745606229921,4.110726922494022,4.110704909785765,4.110679605060119,4.110651048555421,4.110619283737541,4.110584357556711,4.110546320364996,4.110505225422723,4.110461128251555,4.110414086113442,4.110364157812617,4.110311403964488,4.110255887966026,4.110197678331857,4.110136853808338,4.110073514109003,4.11000780178609,4.109939945794992,4.109870346141926,4.1097997320849595,4.109729437075356,4.109661808328936,4.109600598962535,4.109550660494999,4.109515632544692,4.10949764357577,4.10949763183492,4.1095155974438615,4.109550602393544,4.109600518425913,4.1096617060643625,4.10972931384784,4.109799588658976,4.109870183289084,4.109939764345013,4.1100076026428045,4.110073298179664,4.110136621892176,4.110197431079388,4.110255625942201,4.1103111277502205,4.110363868065407,4.110413783578847,4.110460813777612,4.110504900042653,4.110545985454671,4.110584014933278,4.110618935650433,4.110650697513132,4.110679253635031,4.110704560741861,4.110726578661385,4.110745272868992,4.11076061189243,4.110772570001225,4.1107811269150565,4.110786270142522,4.110787990209113
4.110701237910691,4.110699516987653,4.110694313820565,4.110685646139783,4.1106735259298945,4.110657973373892,4.1106390152395855,4.110616686166254,4.1105910263056575,4.110562079338453,4.110529892680147,4.110494517772245,4.110456009742391,4.11041442675014,4.110369829292031,4.110322279669889,4.110271841763975,4.110218581245766,4.110162566504187,4.110103870920442,4.110042577934849,4.109978791749489,4.109912659184062,4.109844413221311,4.109774457606587,4.109703524981458,4.109632951757963,4.109565087646233,4.109503687768095,4.109453605181162,4.109418480663724,4.109400443474425,4.109400432272896,4.109418447199286,4.109453549849498,4.109503611153822,4.109564990419811,4.109632834577697,4.109703388456758,4.109774302356851,4.109844239990533,4.109912468906872,4.109978585477403,4.110042356659114,4.110103635425986,4.110162317363991,4.11021831891733,4.110271566683378,4.110321992299119,4.110369530157222,4.110414116541818,4.110455689476157,4.11049418893938,4.110529557337153,4.110561740006465,4.11059068553207,4.110616346577148,4.110638679225449,4.110657645526877,4.110673210887626,4.110685347762684,4.110694033698133,4.110699255159805,4.110701001115177
4.110608499803175,4.110606746325464,4.1106014530686155,4.110592637955305,4.110580314909659,4.110564506426606,4.110545242074637,4.110522559838301,4.110496503402425,4.1104671203545715,4.1104344625667455,4.1103985865094606,4.110359552650063,4.110317424617668,4.110272268465649,4.110224152142533,4.110173145221688,4.110119319059659,4.110062747649784,4.110003509835718,4.109941694311022,4.109877410275926,4.109810809276105,4.109742128731279,4.109671776497326,4.1096004889401225,4.109529605749115,4.10946147941359,4.109399867307411,4.1093496242139915,4.109314392198367,4.109296301372365,4.109296290821065,4.109314360677863,4.109349572098513,4.109399795131616,4.109461387763724,4.109529495166239,4.109600359899041,4.1096716294950815,4.109741964441751,4.1098106286443645,4.10987721444705,4.1099414844105056,4.110003286754168,4.110062511976111,4.110119071167321,4.1101728853862625,4.110223880603687,4.110271985481467,4.110317130584665,4.110359248290506,4.110398273037835,4.110434141822133,4.110466794841865,4.110496175746411,4.11052223239524,4.110544916997793,4.1105641873388175,4.110580005835464,4.110592342534103,4.110601172759301,4.1106064817315975,4.110608256422273
4.110510060285942,4.110508270981954,4.110502877669012,4.110493898505603,4.110481349523434,4.110465255811361,4.110445650149089,4.110422574164599,4.110396075494203,4.110366206153517,4.110333023039184,4.11029658823135,4.110256968145744,4.110214232512118,4.11016845359544,4.110119705654055,4.110068064638414,4.110013608264074,4.109956416795955,4.109896575184695,4.109834177990488,4.10976933998088,4.109702217938651,4.109633054172462,4.109562261045438,4.109490578997747,4.109419351308186,4.109350933531407,4.109289085544743,4.109238664066766,4.109203312597545,4.10918516218985,4.109185152374627,4.109203283252395,4.109238615474803,4.109289018120141,4.109350847740429,4.109419247593439,4.109490457758859,4.109562122722596,4.109632899402707,4.109702047660427,4.109769155363012,4.109833980199382,4.109896365142839,4.109956195091951,4.110013375227661,4.110067820457147,4.110119450436744,4.11016818741509,4.110213955528793,4.110256680816112,4.110296291531426,4.110332718617135,4.110365896413665,4.110395763132176,4.1104222612326105,4.110445338595502,4.1104649482443945,4.110481049370345,4.110493609091303,4.110502600375999,4.110508006971416,4.110509813614871
4.110405984177963,4.110404155418264,4.110398651058504,4.110389489496234,4.11037668907193,4.110360277773158,4.11034029203635,4.1103167774850355,4.1102897862065175,4.110259375223174,4.110225607098121,4.110188550151989,4.110148277407395,4.110104865395782,4.110058393316981,4.110008942486574,4.109956595974497,4.109901438596775,4.1098435576102395,4.109783044769797,4.109720001169279,4.109654547768521,4.109586847156485,4.1095171470349525,4.109445864709374,4.1093737450638335,4.109302135285081,4.10923339427298,4.109171284659026,4.109120665305815,4.109085181316809,4.109066964791864,4.109066955753451,4.109085154250745,4.109120620363273,4.10917122209405,4.109233314423527,4.109302038529168,4.109373631789125,4.109445735359844,4.10951700223902,4.109586687825822,4.109654375032862,4.1097198161478445,4.109782848338648,4.109843350322586,4.1099012207584655,4.1099563677508355,4.110008703942906,4.110058144440901,4.1101046061958515,4.110148008120531,4.110188271519281,4.110225320594929,4.1102590830962065,4.110289491091451,4.110316481185296,4.110339996157055,4.110359984039466,4.110376400290981,4.110389208625884,4.110398379492431,4.1104038947734205,4.11040573699685
4.110296343723864,4.110294471538178,4.1102888439716,4.110279479711589,4.110266399646609,4.110249635003077,4.110229226333338,4.110205223685579,4.110177684161016,4.110146670441824,4.110112251474691,4.110074502519293,4.110033503930404,4.109989339810694,4.109942097111654,4.109891865031037,4.1098387345833896,4.109782798494203,4.109724151797055,4.109662893803919,4.109599132862454,4.1095329968020655,4.109464654644901,4.10939436004596,4.109322535736729,4.109249931448555,4.1091778986105725,4.109108799751218,4.1090464004949885,4.108995562053155,4.108959931297011,4.108941641495508,4.108941633224827,4.108959906483734,4.108995520719163,4.109046342745712,4.109108725820922,4.10917780884973,4.1092498262730714,4.109322415620417,4.109394225605721,4.109464506734931,4.109532836465294,4.109598961118713,4.109662711437924,4.1097239592999575,4.109782596153016,4.109838522576336,4.109891643443474,4.109941865928133,4.109989098980523,4.110033253547313,4.110074243115404,4.110111984329615,4.110146397604657,4.110177408036465,4.110204945881388,4.110228947937808,4.1102493569993355,4.110266124213205,4.1102792093959675,4.110288580346805,4.110294216510458,4.110296098393367
4.110181219423122,4.110179299466741,4.110173535215121,4.1101639457784795,4.110150554861823,4.110133397330251,4.110112518305719,4.110087972787082,4.11005982350544,4.110028139539003,4.10999299701893,4.109954478925346,4.10991267374604,4.109867674016709,4.109819575346226,4.1097684757390125,4.109714475070391,4.109657674868048,4.109598178800963,4.109536094557405,4.10947153851002,4.10940464608706,4.109335593419216,4.10926464072999,4.109192216710043,4.109119076384564,4.109046575789723,4.108977081375342,4.108914361997,4.108863281401958,4.108827488383904,4.108809117498561,4.108809109950527,4.10882746570466,4.10886324352909,4.108914308943059,4.1089770133173085,4.109046493080574,4.109118979476712,4.109192106091467,4.109264516972739,4.109335457280476,4.109404498493743,4.109471380371426,4.109535926562956,4.109598001380782,4.109657488289246,4.109714279529627,4.109768271367498,4.1098193621742265,4.109867452004251,4.109912442932578,4.109954239697679,4.109992750441151,4.110027887410647,4.110059567860625,4.1100877150193105,4.110112258892031,4.110133136561536,4.110150294319115,4.110163687523303,4.110173281235961,4.110179051792245,4.1101809778965395
4.110060700926177,4.110058728416876,4.11005281253284,4.110042973011936,4.11002923668166,4.110011642495178,4.109990240608248,4.109965091592809,4.109936264477146,4.109903835574746,4.10986788909164,4.109828516607161,4.109785815642255,4.109739888122838,4.109690839324499,4.109638777088826,4.109583811169462,4.1095260528871975,4.109465615500028,4.109402615967228,4.1093371795241564,4.109269449972973,4.109199611277037,4.109127930883796,4.10905484402165,4.108981111498445,4.108908094356182,4.1088381632852276,4.108775090612929,4.108723742798913,4.108687770694715,4.1086693102472225,4.108669303360436,4.108687749992626,4.108723708202521,4.108775042116037,4.108838101062992,4.108908018778308,4.108981023033854,4.109054743133856,4.109127818053933,4.109199487131131,4.109269315312206,4.1093370351606575,4.109402462520326,4.109465453350838,4.109525882281404,4.109583632312775,4.109638590156596,4.109690644415024,4.109739685253518,4.109785604866346,4.109828298243859,4.109867663996105,4.109903605229661,4.109936030467055,4.10996485499413,4.109990001304538,4.11001140007194,4.110028992157872,4.110042727887889,4.110052569414317,4.110058489347126,4.110060464726148
4.1099348880181505,4.109932857654313,4.109926773556383,4.109916656347061,4.1099025363208535,4.109884457001084,4.109862474082677,4.109836654406617,4.109807074038731,4.109773817478935,4.109736977998519,4.10969665677507,4.1096529613781625,4.109606004201974,4.109555901312344,4.109502771524866,4.1094467356000965,4.109387915755032,4.109326435892508,4.109262423238442,4.109196012803434,4.109127357603826,4.109056650199954,4.108984165956381,4.108910347249059,4.108835961187842,4.1087623742539305,4.108691961723449,4.108628499649394,4.108576857377988,4.108540687935626,4.108522128744298,4.108522122465311,4.108540669074917,4.108576825898804,4.108628455594184,4.108691905303909,4.108762305859933,4.108835881278769,4.1089102562258715,4.10898406417626,4.109056538136611,4.109127235934525,4.109195882264908,4.109262284403896,4.109326289105357,4.109387761235682,4.109446573557285,4.109502602174037,4.109555724831659,4.109605820694514,4.109652770947326,4.109696459714781,4.109736774976271,4.109773609592085,4.109806862384213,4.109836439618242,4.109862255543383,4.109884233603355,4.109902308524664,4.109916425068719,4.109926542094235,4.1099326280211335,4.109934658242455
4.109803891711591,4.1098017975833265,4.109795526872038,4.109785101369083,4.10977055523088,4.109751937043886,4.109729308619776,4.109702743815515,4.1096723265774,4.109638150658432,4.109600319494704,4.109558944994583,4.109514145940974,4.10946604641893,4.109414774538307,4.1093604613507155,4.109303239869548,4.109243244424188,4.109180610737084,4.109115477401036,4.109047990214978,4.108978312321342,4.108906645696882,4.108833274351311,4.108758648437799,4.10868354190568,4.108609327128563,4.108538384333284,4.108474493569848,4.108422527245046,4.108386140668716,4.108367472804749,4.108367467108935,4.1083861235846415,4.108422498805128,4.108474453890045,4.10853833367307,4.108609265891895,4.10868347053196,4.108758567257551,4.108833183591977,4.108906545676814,4.1089782035937,4.109047873450594,4.10911535313662,4.109180479282026,4.109243105974245,4.109303094642463,4.109360309616549,4.10941461656212,4.1094658823971795,4.109513976027191,4.109558769448201,4.109600138796958,4.109637965473372,4.109672137486925,4.109702550935345,4.109729110940912,4.109751732886123,4.109770344440433,4.109784884351248,4.109795307524873,4.109801577885936,4.10980366909277
4.109667835477558,4.109665670973914,4.109659193219459,4.109648425471898,4.109633406197142,4.109614189539519,4.109590844099504,4.1095634515373325,4.10953210466268,4.109496907658856,4.109457975337593,4.1094154316244085,4.109369407852039,4.109320041187634,4.1092674732064065,4.10921184860014,4.109153314014894,4.109092017237848,4.10902810710198,4.108961734787251,4.108893057997652,4.108822251002715,4.108749526082469,4.108675176657701,4.108599661306232,4.108523761359675,4.108448855536639,4.108377329388057,4.108312967234787,4.108260644721619,4.108224019548015,4.108205232275034,4.10820522717267,4.108224004266631,4.108260619343504,4.108312931924037,4.108377284428234,4.108448801334168,4.1085236983448725,4.108599589771494,4.108675096732186,4.108749437940908,4.108822155069011,4.108892954864381,4.108961624948004,4.109027990829939,4.109091894711458,4.109153185483249,4.109211714410736,4.1092673337191306,4.109319896671762,4.1093692584730945,4.109415277562101,4.1094578168595355,4.109496744974428,4.109531937814767,4.109563280116949,4.10959066681034,4.109614004354145,4.109633212262722,4.1096482228449345,4.109658986171329,4.109665461459312,4.109667620474874
4.10952685662261,4.109524614341551,4.109517906841335,4.109506759164114,4.109491214566731,4.1094713332732855,4.109447191435338,4.1094188793617725,4.1093864998811,4.109350168877594,4.109310013884131,4.109266172285873,4.109218789496203,4.109168017356784,4.109114012517344,4.109056934895119,4.108996946311001,4.108934209499295,4.108868887828961,4.1088011464062015,4.108731156066419,4.108659103306843,4.108585211670283,4.108509784802282,4.108433290372852,4.108356517628905,4.108280852077077,4.108208684946168,4.10814380508793,4.108091091552973,4.1080542045321105,4.108035286235948,4.108035281762318,4.108054191138746,4.108091069323565,4.108143774175819,4.108208645611316,4.108280804710786,4.108356462676107,4.108433228144956,4.108509715388012,4.108585135126119,4.108659019920995,4.108731066332713,4.108801050757842,4.108868786501413,4.108934102664895,4.108996834270149,4.109056818092524,4.1091138913994625,4.109167892221965,4.109218660460964,4.109266039391154,4.109309877147055,4.109350028060887,4.109386354466388,4.109418728464186,4.1094470335714055,4.109471166328772,4.109491036937868,4.1095065707591445,4.109517712032345,4.10952441505957,4.10952664951022
4.109381107829874,4.109378779490662,4.10937181700021,4.109360247530343,4.109344119631401,4.109323500189206,4.109298473749482,4.109269140217049,4.109235613767574,4.109198023360441,4.109156510738653,4.109111228360416,4.109062337469641,4.109010006391448,4.108954408682118,4.1088957212840995,4.108834122935004,4.108769792982386,4.108702910909665,4.108633657215598,4.108562217210506,4.108488790813971,4.108413613870117,4.108337001116912,4.108259429996429,4.108181698201801,4.108105198439124,4.108032327930253,4.1079668802745415,4.107913738064126,4.107876564067691,4.1078575021944355,4.107857498381716,4.107876552639732,4.107913719056757,4.1079668537725045,4.108032294122566,4.108105157681103,4.108181650970543,4.108259376672764,4.1083369418055415,4.108413548542683,4.108488719624647,4.108562140547474,4.108633575448587,4.108702824237353,4.108769701578,4.108834027150143,4.1088956216467745,4.108954305691777,4.109009900316596,4.109062228310602,4.109111115979262,4.109156394879701,4.1091979033745485,4.10923548857872,4.109269008522962,4.10929833398634,4.109323350354976,4.109343957412811,4.109360072865254,4.10937163413051,4.109378590313337,4.10938090875167
4.109230758873386,4.109228335235192,4.1092210896676304,4.109209051867734,4.109192276183312,4.1091708368462045,4.10914482771303,4.109114359382072,4.109079558869351,4.10904056969597,4.108997549471997,4.108950667535827,4.108900102940383,4.10884604255239,4.108788678911495,4.108728208040769,4.1086648275764,4.108598735366023,4.108530128764332,4.108459205282942,4.108386166164338,4.108311226042408,4.108234634176064,4.108156717302778,4.108077963338021,4.107999178935767,4.1079217643766315,4.107848123128839,4.107782053684847,4.107728442252505,4.107690954225994,4.107671735244098,4.10767173209579,4.10769094476665,4.107728426450998,4.107782031533439,4.107848094722838,4.107921730014125,4.107999139116905,4.108077918528934,4.108156667655263,4.108234579603808,4.1083111665883285,4.108386102136105,4.108459137012935,4.108530056431363,4.108598659136497,4.108664747816483,4.10872812529803,4.108788593669751,4.108845954979067,4.1089000128719,4.108950574645059,4.108997453254172,4.10904046914892,4.109079452401791,4.109114245326306,4.109144704517644,4.109170702703075,4.109192128216736,4.109208890161587,4.109220918195976,4.109228155847645,4.1092305678529355
4.109075998530731,4.109073469299416,4.1090659093992095,4.10905335150363,4.109035856264902,4.109013506073891,4.1089864050816844,4.108954675884703,4.108918459958463,4.108877917037173,4.108833222435103,4.1087845644062755,4.108732142038948,4.108676163069578,4.108616841377549,4.108554394410539,4.1084890409790615,4.10842099957391,4.108350487409692,4.108277720805263,4.108202918528294,4.108126311313147,4.108048163003503,4.107968813277328,4.10788876122202,4.107808822942496,4.107730406619288,4.107655922141222,4.107589172940389,4.107535048822796,4.107497217785928,4.107477827187548,4.107477824668871,4.107497210198805,4.1075350360907565,4.10758915498906,4.107655898982207,4.107730378473749,4.107808790291071,4.107888724585539,4.107968772853395,4.1080481186667335,4.108126263035499,4.108202866596342,4.1082776655753825,4.108350429070919,4.108420938262518,4.108488977000055,4.108554328226142,4.108616773346337,4.1086760931891835,4.108732069957764,4.108784489636372,4.108833144294968,4.108877834251713,4.1089183705079675,4.108954577776636,4.108986296838359,4.109013386036764,4.109035721228339,4.109053201730817,4.109065748562222,4.109073299189026,4.109075815443711
4.108917036704812,4.108914390423455,4.108906481404488,4.108893345810986,4.108875051129496,4.1088516888435125,4.108823374460121,4.108790244103444,4.10875245544069,4.1087101862787945,4.108663631691461,4.108613001152693,4.108558516281833,4.108500408312608,4.108438915132653,4.108374278294601,4.10830674038711,4.10823654300701,4.108163925488076,4.108089124975423,4.108012379513202,4.107933937419688,4.10785407834601,4.107773155852991,4.1076916808656145,4.107610479380014,4.107530967728399,4.1074555622886635,4.107388071355964,4.10733338819764,4.107295183291877,4.107275605633057,4.107275603681014,4.107295177406927,4.107333378307608,4.107388057377224,4.10745554418668,4.10753094563168,4.107610453687119,4.107691652088411,4.107773124212161,4.1078540436954745,4.107933899704141,4.108012339072398,4.108089082266433,4.108163880740773,4.108236496292096,4.108306691855394,4.108374228195314,4.108438863583736,4.108500355074862,4.108558460820631,4.108612942874447,4.108663569835923,4.1087101193875935,4.108752381176326,4.108790160204721,4.108823279531406,4.108851581261243,4.108874927623253,4.108893206795259,4.1089063302698206,4.108914228890297,4.108916861251429
4.108754106786035,4.108751330695905,4.108743033841249,4.108729256452083,4.108710073427332,4.108685586370624,4.1086559232955695,4.10862123559703,4.108581698978749,4.1085375114336795,4.1084888901127705,4.108436068332271,4.108379293052354,4.108318821958155,4.108254919983438,4.108187855834964,4.1081178988718206,4.1080453166247,4.107970373135951,4.107893328665411,4.107814442482284,4.10773398209275,4.10765224421707,4.107569597214008,4.107486564439808,4.107403982122788,4.107323274879502,4.107246865500312,4.107178566909686,4.10712327555276,4.1070846641368375,4.107064883107734,4.107064881653431,4.107084659766046,4.107123268243692,4.107178556629207,4.107246852210264,4.107323258613862,4.107403963140365,4.107486543181354,4.1075695739051215,4.107652218706931,4.10773395433389,4.10781441291905,4.107893297906898,4.107970341470495,4.108045284019591,4.108117865240875,4.108187821111958,4.108254883951842,4.108318784101563,4.108379252671276,4.108436024788315,4.108488842648963,4.108537458478984,4.108581637996613,4.108621164144004,4.108655840026487,4.1086854895804725,4.108709960039647,4.10872912696283,4.108742891380113,4.108751176893913,4.108753938489939
4.108587468266077,4.108584548141962,4.108575820378256,4.10856132989245,4.108541159654992,4.108515422462365,4.108484260112411,4.108447841158539,4.108406361354775,4.108360041234322,4.108309122679031,4.1082538658279155,4.108194546170044,4.108131451185645,4.108064876308779,4.107995120890787,4.107922484491639,4.107847263830469,4.107769750632401,4.107690230884312,4.107608987270686,4.107526308232784,4.107442508863633,4.1073579731812755,4.10727323744096,4.107189148284177,4.1071071385556905,4.107029637169255,4.106960461237841,4.106904509916521,4.106865457726178,4.106845456250222,4.106845455238567,4.106865454709241,4.106904504943242,4.106960454352637,4.107029628363721,4.1071071277842295,4.107189135645305,4.107273223274847,4.1073579577238055,4.107442491980531,4.107526289886836,4.1076089680037695,4.107690211455674,4.107769731377365,4.107847244582645,4.107922464888614,4.107995100508873,4.108064854564327,4.108131427277745,4.1081945192580145,4.108253835265072,4.108309087732276,4.108360000253942,4.108406311713757,4.108447780364775,4.108484186814477,4.108515334821759,4.108541054989494,4.108561208713173,4.108575685523507,4.108584401135403,4.108587306504892
4.108417409614666,4.108414329597289,4.108405123054942,4.108389840227821,4.1083685729062545,4.108341446160806,4.108308617005671,4.108270273135489,4.108226632578333,4.108177940988002,4.1081244680141324,4.1080665039955955,4.108004356605176,4.107938346924419,4.107868804852888,4.10779606439614,4.107720459259379,4.1076423191052625,4.107561966767118,4.107479716947104,4.107395878218424,4.107310761876949,4.107224702738156,4.107138101256602,4.107051506876696,4.106965776596134,4.106882351150781,4.1068036649819355,4.106733538668382,4.106676873362112,4.106637344772535,4.106617105149558,4.1066171045432585,4.106637342992233,4.10667687050783,4.106733534851069,4.106803660232135,4.106882345379637,4.106965769768435,4.107051499250554,4.107138093116668,4.107224693992746,4.107310752461534,4.107395868694611,4.107479708156514,4.1075619590497885,4.107642312147918,4.107720452437204,4.107796056965042,4.107868795907315,4.107938335408736,4.108004341554405,4.108066484749284,4.108124443802028,4.108177910073535,4.108226592340511,4.108270221206797,4.108308551967042,4.108341366060537,4.108368475585509,4.108389726178996,4.108404994729238,4.1084141884104515,4.108417253674376
4.108244251445215,4.10824099387938,4.108231255455324,4.108215092339211,4.108192605960292,4.10816393472516,4.108129252468144,4.10808876807308,4.108042724295725,4.107991394718236,4.107935080185068,4.10787410505373,4.107808813365935,4.107739564204656,4.107666726519118,4.1075906736127585,4.107511777906297,4.107430406355026,4.107346916862108,4.10726165627157,4.107174961841716,4.10708716983607,4.10699863618192,4.106909778433527,4.106821159270483,4.10673364566727,4.106648685512894,4.106568717754658,4.1064975653280955,4.106440130335778,4.106400088777145,4.106379592893142,4.106379592666391,4.106400088138434,4.1064401293963675,4.106497564218816,4.106568716537162,4.106648684101458,4.106733643961743,4.1068211574989215,4.106909776989615,4.106998635049487,4.107087168858912,4.107174961472903,4.107261657319022,4.10734691961009,4.1074304103407835,4.107511782298978,4.107590677449996,4.107666728679885,4.107739563441967,4.107808808597275,4.107874095556823,4.107935065037464,4.107991372055497,4.108042691592189,4.108088723254515,4.108129193985076,4.1081638605930335,4.1081925146049825,4.108214984264508,4.108231132585762,4.108240857550984,4.108244100589511
4.108068349987267,4.108064895279338,4.108054566197764,4.108037425375456,4.108013584714862,4.107983197000397,4.107946454618544,4.107903589780019,4.107854872592553,4.107800607663052,4.107741130820177,4.107676804739999,4.107608014612221,4.10753516264805,4.107458662196486,4.107378931300916,4.10729638644261,4.107211436946453,4.107124480397321,4.107035899730711,4.106946064054032,4.106855336912106,4.106764096755441,4.106672778729083,4.10658195847928,4.106492512139263,4.106405893473749,4.106324544339216,4.106252288396895,4.106194027203137,4.106153435774976,4.106132665415814,4.106132665537694,4.10615343616953,4.106194027945515,4.106252289589487,4.106324546056802,4.106405895687683,4.106492514767482,4.106581961774532,4.106672783244985,4.106764102586391,4.106855343753908,4.106946072115382,4.107035909668327,4.107124492378636,4.107211450359887,4.107296400317211,4.1073789445800095,4.10745867366963,4.107535170947636,4.1076080185480075,4.1076768034663935,4.107741123154637,4.107800591564882,4.107854845706323,4.107903550413746,4.107946401045536,4.107983127289291,4.10801349791761,4.108037322110548,4.108054447738431,4.108064762927187,4.108068203541893
4.107890100895068,4.107886427384656,4.107875442752503,4.1078572165690055,4.107831871984517,4.107799577191551,4.10776054490599,4.107715032894526,4.107663341310022,4.107605809247718,4.107542811634682,4.107474754312857,4.1074020690413136,4.107325207141221,4.107244632660342,4.107160814826599,4.107074220514643,4.106985307412273,4.106894518199084,4.106802276495039,4.106708986849834,4.106615042609577,4.106520846130735,4.106426850389346,4.106333643298253,4.106242108756304,4.106153704408749,4.106070872670638,4.105997435612125,4.105938292122645,4.105897114476637,4.105876051772725,4.1058760521899496,4.105897115732946,4.105938294233672,4.105997438626167,4.1060708766770295,4.106153709483255,4.106242114912124,4.10633365082943,4.10642686001254,4.106520858084897,4.106615056418754,4.1067090023907005,4.106802294197065,4.106894538078432,4.1069853287071325,4.107074242162224,4.107160835765356,4.107244651678314,4.107325222801015,4.107402080063802,4.107474759705673,4.107542809910627,4.107605798153577,4.107663318724165,4.107714997461327,4.107760494711113,4.107799510398038,4.1078317883192055,4.107857116919207,4.10787532769799,4.107886298243026,4.1078899583098964
4.107709943384868,4.107706027229303,4.1076943156017265,4.107674885416709,4.107647871712856,4.1076134590995,4.107571882346002,4.107523427019372,4.107468425992539,4.107407256667253,4.107340337524617,4.107268123014898,4.1071910976310155,4.107109768757616,4.107024658587622,4.10693629522959,4.10684520356063,4.106751896795952,4.106656869142801,4.106560590297386,4.106463504372265,4.106366037249566,4.106268616472452,4.1061717127067645,4.106075924840274,4.105982142370618,4.10589182388538,4.105807409052179,4.1057327151256295,4.105672635387768,4.105630836953201,4.105609465008052,4.1056094656254105,4.1056308387943945,4.105672638431595,4.105732719391266,4.105807414670847,4.105891831076082,4.105982151287974,4.106075935787087,4.106171726497325,4.106268633509647,4.106366056914613,4.106463526191725,4.106560614462195,4.1066568955254255,4.106751924492504,4.106845231431905,4.1069363222334605,4.107024683518539,4.107109790122114,4.107191114098952,4.10726813347432,4.1073403402047655,4.107407249099831,4.107468406352481,4.107523394129767,4.107571834159032,4.107613393847521,4.107647789823907,4.107674788179286,4.107694202974582,4.10770590060208,4.107709804207723
4.1075283646637075,4.107524179736193,4.107511662735126,4.1074908982605915,4.107462033674113,4.107425270911112,4.107380868382283,4.107329141518317,4.107270458567553,4.107205239246282,4.10713395041952,4.10705710120863,4.106975235905324,4.106888926030874,4.106798760746729,4.106705336282855,4.106609244749964,4.1065110635961455,4.106411346296937,4.106310615039711,4.10620935827791,4.106108037400437,4.10600710622802,4.10590705240457,4.105808483681088,4.10571229192713,4.1056199325018055,4.105533837799527,4.1054578158742165,4.1053967503924,4.105354300040517,4.105332603799225,4.105332604480067,4.105354302089701,4.105396753828113,4.105457820760418,4.105533844357071,4.10561994110249,4.105712302882755,4.105808497243549,4.105907069363937,4.106007127154883,4.106108061608544,4.1062093849820736,4.106310644233294,4.1064113777571345,4.106511096302734,4.106609277481197,4.106705367968773,4.106798790132448,4.1068889515608555,4.106975256242407,4.107057115169582,4.10713395597822,4.1072052337694815,4.107270440591871,4.107329109868148,4.1073808209913745,4.107425206049682,4.107461952405015,4.107490802311908,4.107511551587379,4.107524054898515,4.107528228406374
4.107345904586742,4.107341422392902,4.107328014444761,4.107305773266623,4.107274858700495,4.107235490652036,4.107187952497068,4.107132591148488,4.107069812920783,4.107000083755659,4.106923924128156,4.106841904464908,4.10675463699224,4.1066627667879905,4.106566960486006,4.106467893581077,4.106366236701727,4.106262642236511,4.1061577324059,4.106052089620825,4.105946252281406,4.105840720535004,4.105735975254452,4.105632519549491,4.105530966773561,4.105432206491124,4.105337685035072,4.105249821445137,4.105172408687828,4.105110315465772,4.105067187691836,4.105045155103533,4.105045155705985,4.10506718956174,4.105110318749902,4.105172413587396,4.105249828311918,4.105337694375573,4.1054322187642525,4.105530982139528,4.1056325386365025,4.105735998787951,4.105840747866409,4.105946282380482,4.106052122339365,4.106157767504328,4.106262678623227,4.10636627304672,4.106467928704801,4.106566993013672,4.1066627950998145,4.106754659774954,4.106841920482285,4.106923931099813,4.107000079007396,4.107069795371795,4.107132559501339,4.107187904780382,4.107235425251543,4.107274777141827,4.107305677660916,4.107327903921085,4.107341298569505,4.107345770605477
4.107163160463781,4.107158350101589,4.10714395836976,4.107120085762847,4.10708690440292,4.107044652327053,4.106993638678651,4.106934242771607,4.10686691162757,4.1067921609861315,4.10671057046187,4.1066227789303715,4.106529475841384,4.10643139088428,4.106329280761858,4.1062239137899175,4.106116052985957,4.10600643899898,4.105895774571393,4.105784711808017,4.1056738457247315,4.105563718783189,4.105454839219929,4.10534772297599,4.105242984170587,4.10514150340605,4.105044710057752,4.104955001720065,4.104876148433904,4.104812996924564,4.104769174645402,4.1047467981391845,4.104746798569365,4.104769176063286,4.104812999644657,4.104876152856447,4.1049550083484725,4.105044719505525,4.105141516247503,4.105243000493608,4.105347743126283,4.105454864046257,4.1055637477929166,4.105673877710791,4.105784746531831,4.105895811864136,4.106006477753072,4.106116091729994,4.106223951159255,4.106329315222171,4.106431420743418,4.106529499799239,4.10662279567949,4.1067105774744705,4.106792155748637,4.106866893353132,4.106934209973613,4.106993589538809,4.107044585581159,4.107086821828468,4.107119989747119,4.10714384776352,4.107158226564107,4.107163027997981
4.106980791899882,4.1069756201160255,4.106960144730493,4.106934473899961,4.1068987913388035,4.106853352711875,4.106798492785711,4.106734623318689,4.106662234194894,4.106581894007344,4.1064942470842904,4.106400008402189,4.106299955044293,4.106194914284218,4.106085748097875,4.105973334299338,4.105858545528272,4.105742227395102,4.105625178007237,4.105508130971743,4.105391745956681,4.105276611629195,4.105163263193882,4.105052225241195,4.104944105661055,4.104839766751605,4.104740610246791,4.104649001577806,4.10456867752477,4.104504453736394,4.104459931868095,4.104437210192428,4.104437210422637,4.104459932729648,4.104504455680038,4.104568681156774,4.1046490075354365,4.104740619228495,4.104839779401698,4.10494412207129,4.105052245417096,4.105163288041988,4.105276640928144,4.1053917783823906,4.1055081662190975,4.105625216052692,4.105742267163265,4.105858585398262,4.105973372710012,4.106085783350071,4.1061949445656944,4.106299979012533,4.1064000246345715,4.106494252859121,4.106581887177988,4.10666221407449,4.106734588252828,4.106798441153735,4.106853283889047,4.106898707152167,4.106934376845672,4.106960033415658,4.106975496233865,4.106980660200206
4.10679952547977,4.106793956894529,4.1067772916073055,4.106749644555564,4.106711209639869,4.10666225881384,4.106603150878433,4.106534329110478,4.106456327096275,4.106369768592333,4.106275367744237,4.106173923762101,4.106066312876716,4.1059534750731865,4.105836395989521,4.105716083685836,4.105593542117377,4.1054697430317875,4.10534559881679,4.105221939534378,4.10509949935998,4.104978917400566,4.104860754367983,4.104745537165707,4.104633857485271,4.1045265463931315,4.104424963742071,4.104331428661323,4.104249631196472,4.104184344215081,4.104139134242213,4.10411607479425,4.10411607484379,4.104139134580205,4.104184345384437,4.104249633931075,4.1043314336719705,4.1044249717859795,4.104526558130792,4.104633873135185,4.104745556429456,4.104860778112663,4.104978945766755,4.105099530951591,4.105221973944528,4.105345636188019,4.105469782364385,4.105593581699585,4.1057161218455045,4.105836430878758,4.10595350467827,4.106066335756687,4.106173938310385,4.106275371092557,4.106369759056785,4.106456303890265,4.1065342905891935,4.106603095764092,4.106662187261224,4.106711123355276,4.1067495458849725,4.106777178921761,4.106793832033098,4.1067993938010545
4.106620159040034,4.106614156579968,4.106596189955699,4.106566379231433,4.106524926024705,4.10647211609384,4.106408328780605,4.106334036744576,4.106249815902741,4.1061563462422415,4.106054415613473,4.105944915693371,4.105828834505257,4.105707242277342,4.105581270537165,4.1054520835598485,4.105320844362533,4.105188678070013,4.105056635733504,4.104925663038079,4.104796580925578,4.104670083515589,4.104546753965144,4.1044271121256815,4.104311719432009,4.104201358019995,4.10409732706475,4.104001880780529,4.103918645159893,4.103852335338479,4.103806471007439,4.103783092782515,4.103783092717484,4.103806471011325,4.103852335960017,4.10391864711702,4.104001884785433,4.1040973338690145,4.1042013682728475,4.104311733581604,4.104427129725826,4.10454677570982,4.104670109962654,4.104796610642778,4.104925695417179,4.105056671045725,4.1051887154440365,4.105320882122208,4.105452120043392,4.105581303743534,4.10570726996301,4.105828855156006,4.1059449274281405,4.106054415410252,4.106156332860374,4.106249788312253,4.106333993601557,4.106408269312544,4.106472041157287,4.1065248371181795,4.106566278309353,4.106596075235655,4.106614030086071,4.106620026562426
4.10644356522598,4.106437090774721,4.1064177079810635,4.106385539506157,4.106340790835561,4.10628375734001,4.106214833084324,4.10613451600175,4.106043420086744,4.1059422804468815,4.105831960521268,4.1057134518116,4.105587867668333,4.105456428799054,4.105320439472267,4.105181252786482,4.105040226725349,4.104898675501868,4.104757820757501,4.10461874865226,4.104482382270001,4.104349475538311,4.1042206285739695,4.104096340525164,4.1039771228511315,4.103863684819305,4.103757240255176,4.103659954120624,4.103575366358979,4.103508115480657,4.103461659752219,4.103437996887216,4.103437996852871,4.103461659788965,4.103508115981613,4.103575367891986,4.103659957354643,4.103757245811058,4.1038636933515935,4.103977135019022,4.104096355962978,4.104220647651569,4.1043494992343135,4.104482409196417,4.104618777901416,4.104757852690675,4.10489870945192,4.105040261153164,4.105181286065273,4.105320469416711,4.105456453035206,4.1055878847289105,4.105713459431329,4.105831955598396,4.105942262175794,4.106043387057426,4.106134467426482,4.106214768576032,4.106283678286865,4.106340698645933,4.106385435537137,4.106417590661124,4.106436962193967,4.10644343123738
4.106270693931628,4.106263709230412,4.1062427945593525,4.106208071700802,4.106159744640184,4.106098111745404,4.106023573321246,4.10593664502555,4.10583797118392,4.1057283372735025,4.105608681297339,4.105480099703213,4.1053438446526265,4.105201310326969,4.105054006262806,4.104903515458767,4.104751437682031,4.104599323823128,4.104448608793443,4.104300551963973,4.104156197942983,4.104016365107499,4.103881661283668,4.10375254509367,4.10362945046591,4.1035129817746006,4.10340423522092,4.103305255150089,4.103219467690278,4.1031514113567304,4.10310446486387,4.103080570838498,4.103080570981815,4.103104465314027,4.1031514122406145,4.103219469372898,4.103305258134978,4.103404239890859,4.103512988804643,4.103629460544978,4.103752558138983,4.103881677208531,4.104016385252107,4.104156221142359,4.104300576989445,4.1044486360952845,4.104599352996618,4.104751467327449,4.104903543925725,4.1050540312064525,4.105201329426762,4.105343856523411,4.105480101598659,4.105608670370938,4.105728313130828,4.105837931967036,4.105936590647755,4.106023503382009,4.106098027908817,4.106159648672675,4.106207964002347,4.1062426741368565,4.106263578283558,4.106270558035392
4.106102572978985,4.106095040849634,4.1060724812569385,4.106035010529041,4.1059828241799075,4.105916213882202,4.105835574745611,4.105741427497656,4.1056344345229565,4.105515421368007,4.105385394947159,4.105245557969513,4.105097313137847,4.104942253100984,4.1047821318743365,4.104618814562046,4.104454204311487,4.104290152917644,4.104128366690295,4.103970322175997,4.103817210136069,4.103669917059095,4.103529043260715,4.103394977966071,4.103268039161332,4.103148683893905,4.103037848618852,4.102937417488738,4.102850667953766,4.1027820101194274,4.10273472119943,4.102710673900317,4.102710674284401,4.102734722285131,4.102782011826324,4.10285067037223,4.102937420794597,4.103037853009854,4.103148689929728,4.10326804735166,4.103394988572751,4.1035290557212845,4.103669932926805,4.103817228719032,4.103970341951556,4.104128388160288,4.104290175956653,4.104454227656864,4.104618836567601,4.104782150142413,4.10494226544814,4.1050973181492285,4.105245552458904,4.105385376794637,4.1055153902461115,4.1056343884887365,4.10574136700855,4.105835499405295,4.105916124942853,4.105982724209582,4.106034898944654,4.106072357357069,4.106094907025203,4.1061024346759485
4.105940306239498,4.105932192138151,4.105907882039736,4.1058674809877225,4.105811167209288,4.105739212388131,4.105651991504526,4.105550011574647,4.105433934469644,4.105304607926391,4.105163094471661,4.105010697949415,4.10484897921016,4.1046797544931,4.104505068353502,4.104327134635802,4.104148242190059,4.103970631866254,4.103796361895115,4.103627185967383,4.103464472373636,4.103309176779461,4.103161867223015,4.103022821265067,4.102892187599816,4.102770220113426,4.102657640938594,4.10255612503774,4.102468758355514,4.102399788104067,4.102352364067679,4.102328271561308,4.102328272225806,4.10235236591555,4.102399790834376,4.102468761749326,4.102556129030342,4.102657645613555,4.102770225568455,4.102892194174252,4.103022829401663,4.1031618760657045,4.103309187829359,4.103464485633788,4.103627199634275,4.103796376443182,4.103970647495592,4.104148257836175,4.104327148697948,4.104505078397229,4.104679758499833,4.1048489757614535,4.105010683670921,4.105163068183072,4.105304568710801,4.105433881276928,4.105549944438884,4.105651910978159,4.105739118726667,4.1058110628810445,4.105867365363321,4.105907754462015,4.105932054764519,4.105940164535442
4.105785068482274,4.105776342375459,4.105750189654824,4.105706697122254,4.105646014742239,4.105568377135511,4.1054741195872975,4.105363710286308,4.105237783435459,4.1050971811776416,4.104942997001418,4.104776619569919,4.104599767077275,4.104414501477285,4.104223209702491,4.104028538553881,4.103833274003241,4.103640169818474,4.103451750422985,4.103270129710865,4.103096892880389,4.102933059665044,4.102779125533991,4.102635194249929,4.102501171701147,4.10237703553451,4.1022632242844,4.102161143394198,4.102073636598639,4.102004747209798,4.101957467016039,4.101933473753752,4.101933474639409,4.10195746946982,4.102004750806817,4.102073640958083,4.102161148257751,4.10226322939602,4.102377040486052,4.102501176821801,4.102635199799364,4.102779130679454,4.102933065498162,4.103096900257614,4.103270136662453,4.103451757356792,4.103640177293273,4.103833281090402,4.1040285435781385,4.104223210176327,4.104414495722974,4.10459975380292,4.104776595464469,4.104942961805206,4.105097133127354,4.105237723142177,4.105363636163666,4.1054740333096,4.105568279317839,4.105645906086721,4.1057065770101895,4.105750057843687,4.105776200712516,4.105784922127753
4.105638096232185,4.105628734928244,4.105600668149238,4.105553956700232,4.105488709052719,4.105405102596975,4.1053034075024515,4.105184021574224,4.105047513849484,4.104894679816235,4.104726603642166,4.104544724994118,4.104350902198394,4.1041474552463715,4.103937167937126,4.1037232248727555,4.1035090611149005,4.1032981214857625,4.103093563692859,4.102897979289732,4.10271321817826,4.102540345239149,4.102379717074457,4.102231171872581,4.102094272602572,4.101968625787489,4.101854301543343,4.101752362604503,4.10166535123257,4.101597060049888,4.101550287901249,4.101526581676583,4.101526582647127,4.101550290676878,4.1015970642588595,4.101665356316947,4.101752367999161,4.101854306745994,4.101968630275312,4.102094276340564,4.102231174769901,4.102379718587183,4.102540345781533,4.102713219519537,4.102897979484816,4.103093562950501,4.103298120645704,4.103509059303621,4.103723220319173,4.103937158134918,4.10414743886287,4.104350877915733,4.104544689943949,4.104726558492767,4.104894622592572,4.105047445852661,4.105183941045384,4.105303314701324,4.10540499947927,4.1054885960710665,4.10555383234669,4.105600531474654,4.105628587444287,4.105637942773595
4.105500673563349,4.105490663660659,4.105460640654611,4.105410631037601,4.1053406865770805,4.105250905683037,4.105141462291861,4.105012645157562,4.104864909926041,4.104698947933453,4.104515771892802,4.104316813018023,4.104104024678921,4.1038799738322815,4.103647888328279,4.1034116168206545,4.103175452835773,4.1029437961699315,4.102720691069426,4.102509375973358,4.102312018572984,4.102129680438877,4.101962469064242,4.101809821475323,4.1016708234377335,4.101544589552205,4.101430720592972,4.1013298526392115,4.101244158561289,4.10117712724009,4.101131325664219,4.101108144199505,4.1011081452146225,4.101131328554516,4.101177131542961,4.101244163658183,4.101329858024532,4.101430725725,4.101544593658444,4.101670825818892,4.101809822208583,4.101962467714532,4.102129676587943,4.102312014598833,4.102509370105368,4.1027206831285925,4.10294378724935,4.10317544214783,4.103411602490121,4.103647867763338,4.103879946026275,4.104103988281735,4.104316766151757,4.104515715562681,4.104698881382858,4.104864832516147,4.105012557798556,4.105141363741879,4.105250796219575,4.105340567559502,4.105410501242173,4.105460498225267,4.105490508648335,4.105500509928213
4.105374111925835,4.105363453128874,4.105331470531726,4.105278147830549,4.10520346387901,4.105107416034556,4.104990047863554,4.104851493224739,4.104692035353015,4.1045121869253105,4.104312799331703,4.104095198083563,4.1038613414364455,4.10361398652854,4.103356822663843,4.103094501105481,4.102832461791435,4.102576465407485,4.102331847292094,4.102102741449462,4.101891677064691,4.101699600660607,4.101526185393059,4.101370268490547,4.101230282749068,4.101104705225405,4.100992550647352,4.1008939363858845,4.100810592715814,4.100745646833178,4.100701390236109,4.10067902781634,4.100679028709606,4.100701392879088,4.1007456510069575,4.100810597962045,4.100893942021454,4.100992555790446,4.101104709108865,4.101230284611669,4.101370268416888,4.101526182508453,4.101699593995033,4.101891669093728,4.102102730774978,4.102331833030175,4.102576448732016,4.102832442016599,4.1030944763815,4.103356790521295,4.103613946510208,4.103861292096328,4.104095138902341,4.104312730761158,4.104512110665141,4.1046919487948825,4.104851396383287,4.104989941409614,4.105107300108901,4.105203338354113,4.105278010163743,4.105331319419867,4.105363287918205,4.105373935841797
4.1052597240102555,4.105248432248391,4.105214534814656,4.105157964841098,4.105078613475615,4.104976355107123,4.104851069859151,4.104702687602116,4.10453125051959,4.1043370013486475,4.104120510888512,4.103882852441717,4.103625828536427,4.103352244781486,4.103066192742535,4.10277324426326,4.102480372653556,4.102195350716571,4.101925499762046,4.101676218648275,4.101450384144903,4.101248581800149,4.101069738887735,4.100911808568412,4.100772349388456,4.100649038850741,4.1005401836027024,4.1004452866875285,4.100365558251127,4.1003037019920745,4.100261686771571,4.100240499881666,4.10024050090829,4.1002616898238164,4.100303706852744,4.100365564401184,4.1004452933715285,4.100540190046613,4.10064904428981,4.100772352499533,4.100911808701662,4.101069735297627,4.101248573397026,4.101450372704369,4.101676203469186,4.101925479278176,4.102195326331111,4.102480343905154,4.102773209161361,4.103066148630655,4.10335219163709,4.103625764994128,4.103882780678685,4.104120430296133,4.104336913323357,4.10453115456888,4.1047025815178655,4.104850953217693,4.104976229025575,4.105078477994179,4.10515781688094,4.105214373483224,4.105248255474474,4.105259535340271
4.105158791852197,4.105146901786524,4.105111190577234,4.105051534676231,4.104967727541061,4.104859500901648,4.104726542543777,4.104568533221837,4.104385204261869,4.104176424746711,4.103942337062988,4.103683560110462,4.103401483485933,4.103098675680786,4.102779400522558,4.102450149273181,4.102119902888374,4.101799537766049,4.101499689321865,4.101227556605655,4.1009861454390135,4.100775151302395,4.100592238481803,4.100434090736528,4.100297140195296,4.100178105112161,4.100074474296799,4.099985049530716,4.099910443942496,4.099852871064186,4.099813923993929,4.099794335526709,4.099794336870733,4.0998139279955454,4.099852877468545,4.099910452076459,4.099985058412132,4.1000744828589735,4.1001781121544,4.100297144349433,4.100434091220418,4.100592234768312,4.100775141526736,4.100986130223964,4.101227536454162,4.10149966223296,4.101799505393156,4.102119864960569,4.102450103546461,4.10277934418523,4.103098609292575,4.10340140597497,4.103683476459599,4.103942245917402,4.104176324488866,4.104385094799798,4.104568414302866,4.104726414317356,4.104859363995847,4.104967580857898,4.105051374927189,4.105111016923386,4.105146711935455,4.105158589545938
4.105072529250812,4.105060095807835,4.10502273444365,4.10496026133165,4.104872368577837,4.104758634070829,4.1046185332193375,4.104451463097348,4.104256785488128,4.10403389714777,4.103782350766719,4.103502058141945,4.103193622248004,4.102858870389913,4.10250167274128,4.10212907142633,4.101752453664518,4.101387666819629,4.101051598848452,4.100753893301762,4.100496832760917,4.100278118003137,4.100093331053889,4.0999374166670135,4.099805452813886,4.099693092057535,4.099596936793371,4.09951501941032,4.099447281586816,4.099395373759054,4.099360451935625,4.099342951218576,4.099342952348899,4.099360455319129,4.09939537923642,4.099447288668493,4.099515027367037,4.099596944753598,4.099693098912051,4.0998054572991816,4.099937417107188,4.100093326551049,4.1002781061697595,4.10049681386234,4.100753868485854,4.1010515656580715,4.101387626961665,4.101752406987895,4.10212901535954,4.1025016043969185,4.102858791374145,4.103193533203754,4.103501962029778,4.1037822482468895,4.104033785512108,4.104256663098958,4.10445132980229,4.104618390127924,4.104758482828221,4.1048722079410975,4.104960087802474,4.105022546259076,4.10505989251225,4.105072313796815
4.105002040053744,4.104989138762347,4.104950355690955,4.1048854480795764,4.104794008546924,4.1046754636442255,4.104529073949869,4.104353940004149,4.104149021249406,4.103913171987275,4.103645215670819,4.103344094359155,4.103009157110849,4.102640714525563,4.1022410984194,4.101816604457192,4.101380628348262,4.100956958273716,4.100576537180151,4.1002513881103875,4.099980376313153,4.099757036765818,4.099573727626916,4.099423226320495,4.099299177628497,4.099196199631623,4.099110025731043,4.099037882908374,4.09897896638574,4.098934277656778,4.098904460817282,4.098889600941083,4.098889601903416,4.098904463639203,4.098934282140074,4.098978972146254,4.099037889302044,4.099110031946818,4.099196204574416,4.099299180035189,4.09942322448666,4.099573721000193,4.099757022447244,4.0999803539840425,4.100251358544336,4.100576498285579,4.100956911939606,4.101380574240844,4.10181653921219,4.102241019014106,4.102640625281609,4.103009062400867,4.103343989545724,4.10364509899758,4.103913043464229,4.1041488811460205,4.1043537891286,4.104528914293794,4.104675297352794,4.10479383377303,4.104885261087412,4.104950154969567,4.104988924636814,4.1050018170417015
4.104948275275694,4.104935001841766,4.104895086883593,4.104828237571682,4.104733957578657,4.10461153805407,4.104460045911943,4.104278306725351,4.10406489108016,4.10381810232244,4.103535973265235,4.103216293924628,4.102856718296874,4.1024550791542085,4.102010264576779,4.101524583113099,4.101009785932498,4.100500112036526,4.100065643450651,4.099714786080608,4.099435394679577,4.099213163872809,4.099036127098599,4.098894879723422,4.098781940016987,4.098691178671168,4.0986176038146365,4.098557634730035,4.0985096330172235,4.098473842308481,4.098450301739538,4.098438683702018,4.098438684809641,4.098450304948804,4.098473847403565,4.098509639623322,4.098557642108573,4.098617611151136,4.098691184790952,4.098781943367351,4.098894878482391,4.09903612031646,4.099213148592777,4.099435369176439,4.099714752283489,4.1000655999392634,4.100500061102774,4.101009726592318,4.101524510622086,4.102010176829472,4.102454984289886,4.1028566135570586,4.103216176062616,4.103535841211014,4.1038179566465205,4.104064733021764,4.104278138358613,4.104459870021877,4.104611356500977,4.104733768130502,4.104828036541014,4.104894873683347,4.10493477287048,4.104948036603165
4.10491199126401,4.104898459950538,4.104857757310709,4.1047895538998,4.104693286717459,4.104568144448098,4.104413044917857,4.104226599140784,4.10400706474692,4.103752281957058,4.103459579770985,4.103125636622218,4.102746270863342,4.102316143811846,4.101828480265471,4.101275590142281,4.100654218060137,4.099994672648695,4.099501303773354,4.099137748516878,4.098863059803055,4.098651374968099,4.098486832872161,4.098358989565955,4.0982602202554395,4.098184293687206,4.098125781652789,4.098080313243293,4.09804530034616,4.098020088839939,4.098004002234152,4.097996230790819,4.097996231924725,4.098004005577488,4.09802009423788,4.098045307337473,4.098080321067914,4.098125789558543,4.09818430048133,4.098260224251972,4.098358988823578,4.098486826077647,4.098651360091967,4.098863034538577,4.09913771413804,4.099501258814383,4.0999946205568,4.10065415681717,4.101275512626944,4.1018283965446445,4.102316044328378,4.102746154050038,4.103125503081822,4.103459430635823,4.103752118614291,4.104006888799866,4.104226412644483,4.104412849858308,4.104567941623281,4.104693074992259,4.10478933166213,4.1048575288683935,4.104898222585991,4.1049117513800075
4.104893713565617,4.104880051363432,4.1048389457794014,4.104770045420465,4.1046727530432845,4.104546203431986,4.10438923316012,4.104200334387478,4.103977588438587,4.103718566881797,4.103420172940032,4.103078369475909,4.1026876745804515,4.102240143451761,4.101723128697348,4.101113880996803,4.100365146833806,4.099362325827598,4.0988515814133,4.098517451158468,4.098271879271187,4.098083665119861,4.097938389054136,4.097827621015672,4.097745308234644,4.097686074473432,4.097644459517685,4.097615327936618,4.097595000529644,4.097581766845754,4.097574119913981,4.0975707020544,4.097570703032087,4.097574122810279,4.097581771425621,4.097595006261338,4.097615334235122,4.097644465552493,4.097686079108965,4.097745309984038,4.097827617735966,4.097938379221053,4.098083647544128,4.09827185058968,4.098517412634636,4.098851531965912,4.099362269412653,4.1003650807599605,4.101113799364629,4.101723031061179,4.102240029120867,4.102687543540744,4.103078222342408,4.103420010398349,4.103718389710855,4.103977398074179,4.10420013337752,4.104389024570883,4.104545989021584,4.1046725317521675,4.1047698135621555,4.1048387061597165,4.104879803896457,4.104893466570936
0.0,0.0,0.0,0.0,0.0,0.0,0.0,0.0,0.0,0.0,0.0,0.0,0.0,0.0,0.0,0.0,0.0,4.098295678572239,4.098088844677162,4.097873517502093,4.0976870466031095,4.0975341644608045,4.097413250837687,4.097321670688681,4.097256563084834,4.097214313145234,4.097189918806319,4.097177605038506,4.09717252431451,4.0971717899701545,4.097172972635298,4.0971741143826055,4.097174115118193,4.097172974675056,4.097171792892698,4.097172527746655,4.097177608548815,4.097189921327689,4.097214313764297,4.097256560752479,4.097321663345737,4.097413236877438,4.097534143470023,4.097687014860213,4.097873476172032,4.098088792753251,4.098295621849644,0.0,0.0,0.0,0.0,0.0,0.0,0.0,0.0,0.0,0.0,0.0,0.0,0.0,0.0,0.0,0.0,0.0
0.0,0.0,0.0,0.0,0.0,0.0,0.0,0.0,0.0,0.0,0.0,0.0,0.0,0.0,0.0,0.0,0.0,4.097521284941091,4.097422645101808,4.09728995286267,4.0971578256591865,4.097041017395668,4.096945372659583,4.096872922777632,4.0968237628568165,4.096796272355383,4.096786603870919,4.096788902051622,4.0967973529935575,4.096807899906565,4.096817139706376,4.096822467129509,4.096822467418415,4.09681714035284,4.096807900521896,4.096797353365999,4.0967889016758905,4.096786601724872,4.096796267869403,4.096823755358203,4.096872911104345,4.09694535488366,4.09704099385101,4.097157793234881,4.097289912590746,4.097422597509395,4.097521230824502,0.0,0.0,0.0,0.0,0.0,0.0,0.0,0.0,0.0,0.0,0.0,0.0,0.0,0.0,0.0,0.0,0.0
0.0,0.0,0.0,0.0,0.0,0.0,0.0,0.0,0.0,0.0,0.0,0.0,0.0,0.0,0.0,0.0,0.0,4.0969451271158,4.096890992878143,4.096807037563007,4.096714744940301,4.096627920130561,4.0965546125442245,4.09649927775717,4.096463994652239,4.09644870235481,4.096450730731615,4.096464589232744,4.09648389226376,4.0965036263794135,4.096519504464729,4.09652830415231,4.096528303819187,4.096519503304647,4.096503624108312,4.09648388868514,4.09646458397219,4.096450723243021,4.096448692205943,4.096463981604303,4.096499262208184,4.096554592243085,4.096627896059157,4.096714715018385,4.096807000473687,4.096890938693526,4.096945075143491,0.0,0.0,0.0,0.0,0.0,0.0,0.0,0.0,0.0,0.0,0.0,0.0,0.0,0.0,0.0,0.0,0.0
0.0,0.0,0.0,0.0,0.0,0.0,0.0,0.0,0.0,0.0,0.0,0.0,0.0,0.0,0.0,0.0,0.0,4.096529962106965,4.096496405141072,4.0964401319644494,4.096374108394566,4.096309159698336,4.0962531786640834,4.0962114859636864,4.096187229934236,4.096181366686042,4.096192117651651,4.096214466071018,4.096241769253541,4.096268342154144,4.096289205020079,4.096300626495414,4.096300625327149,4.096289201442356,4.0962683360284,4.096241760495024,4.0962144546193295,4.0961921033354045,4.096181349196829,4.096187209918251,4.0962114644346315,4.09625315417458,4.096309132598991,4.096374075894417,4.096440088811832,4.096496353356307,4.096529912400276,0.0,0.0,0.0,0.0,0.0,0.0,0.0,0.0,0.0,0.0,0.0,0.0,0.0,0.0,0.0,0.0,0.0
0.0,0.0,0.0,0.0,0.0,0.0,0.0,0.0,0.0,0.0,0.0,0.0,0.0,0.0,0.0,0.0,0.0,4.096259296627669,4.096235683765118,4.096194396193251,4.096144001199235,4.096093014681656,4.096048624215709,4.096016296235274,4.095999651759551,4.096000217848968,4.0960167768395435,4.096044689737416,4.096077228265929,4.096108298205866,4.096132456842222,4.096145618115688,4.096145616035708,4.096132450635914,4.09610828789638,4.096077213844644,4.0960446713370535,4.096016754802939,4.096000192824072,4.0959996249756045,4.09601626798273,4.096048595779054,4.096092983155344,4.096143961060883,4.096194348970641,4.096235635577237,4.096259249460867,0.0,0.0,0.0,0.0,0.0,0.0,0.0,0.0,0.0,0.0,0.0,0.0,0.0,0.0,0.0,0.0,0.0
0.0,0.0,0.0,0.0,0.0,0.0,0.0,0.0,0.0,0.0,0.0,0.0,0.0,0.0,0.0,0.0,0.0,4.0961255003436605,4.096106031664762,4.096071348183177,4.0960282047749095,4.095983965754873,4.095945339578751,4.095917750368473,4.095904980645168,4.095908803256113,4.09592826779222,4.095958935058126,4.095994058002926,4.0960273520687345,4.0960531454212585,4.096067171470941,4.096067168865165,4.096053137697551,4.096027339265361,4.09599403992439,4.095958911820464,4.09592824031112,4.095908772508551,4.095904946621861,4.0959177132337,4.095945301736803,4.095983926099467,4.09602816125263,4.096071300317976,4.096105986555587,4.0961254560088936,0.0,0.0,0.0,0.0,0.0,0.0,0.0,0.0,0.0,0.0,0.0,0.0,0.0,0.0,0.0,0.0,0.0
0.0,0.0,0.0,0.0,0.0,0.0,0.0,0.0,0.0,0.0,0.0,0.0,0.0,0.0,0.0,0.0,0.0,4.096125499558761,4.0961060322285325,4.0960713491235765,4.09602820754586,4.09598397044098,4.095945345252254,4.095917754894305,4.095904986168613,4.095908808173676,4.095928271382399,4.095958937965418,4.095994060647958,4.096027354417229,4.096053147353822,4.096067172877751,4.09606716960437,4.09605313768489,4.096027338552608,4.095994038583338,4.095958909877784,4.095928237981438,4.095908770232088,4.095904944608885,4.095917711109367,4.095945298105753,4.095983921295907,4.096028161868675,4.096071302212281,4.096105989327925,4.0961254579733435,0.0,0.0,0.0,0.0,0.0,0.0,0.0,0.0,0.0,0.0,0.0,0.0,0.0,0.0,0.0,0.0,0.0
0.0,0.0,0.0,0.0,0.0,0.0,0.0,0.0,0.0,0.0,0.0,0.0,0.0,0.0,0.0,0.0,0.0,4.0962592951254235,4.0962356858087,4.096194399926561,4.096144010678281,4.0960930293000315,4.096048641287863,4.096016312553307,4.095999667217488,4.096000231233728,4.096016788649102,4.0960447001675755,4.096077236900355,4.096108304665639,4.096132461124765,4.096145620310631,4.09614561613604,4.09613244885052,4.096108284920174,4.096077210457949,4.096044667819054,4.096016750897344,4.096000187724205,4.095999617716965,4.0960162594826075,4.096048585427909,4.096092972671991,4.0961439613158594,4.09619435314661,4.096235643519711,4.096259254936505,0.0,0.0,0.0,0.0,0.0,0.0,0.0,0.0,0.0,0.0,0.0,0.0,0.0,0.0,0.0,0.0,0.0
0.0,0.0,0.0,0.0,0.0,0.0,0.0,0.0,0.0,0.0,0.0,0.0,0.0,0.0,0.0,0.0,0.0,4.096529961852304,4.096496409701113,4.096440141043663,4.096374127440021,4.0963091852277085,4.096253205860378,4.0962115134735635,4.096187255293965,4.096181389559003,4.096192137928782,4.096214483384487,4.096241783198231,4.096268352372337,4.096289211577928,4.09630062969874,4.096300625483934,4.096289199002979,4.096268331643299,4.096241754537045,4.096214446985163,4.0961920944751995,4.096181340381148,4.096187199972475,4.096211452163157,4.096253142812128,4.096309121847862,4.096374070933367,4.096440091253726,4.096496365486896,4.096529920234043,0.0,0.0,0.0,0.0,0.0,0.0,0.0,0.0,0.0,0.0,0.0,0.0,0.0,0.0,0.0,0.0,0.0
0.0,0.0,0.0,0.0,0.0,0.0,0.0,0.0,0.0,0.0,0.0,0.0,0.0,0.0,0.0,0.0,0.0,4.096945130069351,4.096891001536313,4.096807055773987,4.09671477477383,4.09662795557935,4.096554647956473,4.0964993128452205,4.096464027284724,4.09644873259958,4.096450757924933,4.096464613068442,4.096483912273131,4.096503641995142,4.096519515511515,4.096528310682132,4.096528305942562,4.096519501278027,4.096503618537279,4.096483880487623,4.096464573835955,4.096450710963616,4.096448678395126,4.096463968214898,4.096499247509046,4.096554579799435,4.096627886260082,4.096714708872872,4.09680699799485,4.0968909522775565,4.09694508355339,0.0,0.0,0.0,0.0,0.0,0.0,0.0,0.0,0.0,0.0,0.0,0.0,0.0,0.0,0.0,0.0,0.0
0.0,0.0,0.0,0.0,0.0,0.0,0.0,0.0,0.0,0.0,0.0,0.0,0.0,0.0,0.0,0.0,0.0,4.097521292948845,4.097422660811631,4.0972899847103275,4.097157861797284,4.09704105747031,4.096945412982714,4.096872963278536,4.096823802151943,4.096796309455772,4.096786637791657,4.096788932290193,4.09679737874103,4.096807920556565,4.096817154908828,4.0968224766590335,4.096822471387402,4.096817139157809,4.096807894530937,4.096797342963017,4.09678888820686,4.096786586869747,4.096796251207738,4.096823738504065,4.096872895782566,4.0969453428428535,4.09704098653853,4.097157790098532,4.097289913248319,4.097422602517845,4.09752123811363,0.0,0.0,0.0,0.0,0.0,0.0,0.0,0.0,0.0,0.0,0.0,0.0,0.0,0.0,0.0,0.0,0.0
0.0,0.0,0.0,0.0,0.0,0.0,0.0,0.0,0.0,0.0,0.0,0.0,0.0,0.0,0.0,0.0,0.0,4.098295695561806,4.098088875947798,4.097873554423237,4.097687086711401,4.097534209255291,4.09741329664929,4.097321716739101,4.097256608303048,4.097214356020501,4.097189958213634,4.097177640093387,4.097172554226877,4.097171814365431,4.097172990969299,4.097174126160024,4.097174120292053,4.097172973622858,4.097171786276645,4.09717251605604,4.097177592300568,4.097189902703517,4.097214294246692,4.097256540411951,4.097321646177996,4.0974132233837794,4.097534135545452,4.097687011150515,4.097873477281998,4.098088800074029,4.098295628050459,0.0,0.0,0.0,0.0,0.0,0.0,0.0,0.0,0.0,0.0,0.0,0.0,0.0,0.0,0.0,0.0,0.0
4.104893528425344,4.104879873180691,4.104838767119208,4.104769868292234,4.104672585048694,4.104546050033646,4.104389097043945,4.104200217554558,4.103977491661238,4.103718490964785,4.10342011918435,4.103078338947309,4.102687667108967,4.102240157081386,4.101723159830474,4.101113924667794,4.100365195956674,4.099362364081321,4.098851620452402,4.098517494722712,4.0982719256116935,4.098083715753385,4.097938440950753,4.097827672735317,4.097745358718605,4.097686122378631,4.097644503564727,4.097615367016463,4.097595034051181,4.09758179436844,4.097574140800313,4.097570715930717,4.09757070985779,4.097574122680855,4.097581764725596,4.0975949939640275,4.097615317128225,4.097644444638327,4.09768605698148,4.097745287447546,4.097827598405397,4.0979383634637125,4.098083637331534,4.098271844024177,4.098517410727347,4.098851535870056,4.099362272070195,4.100365085724151,4.101113810837928,4.101723049299906,4.102240055758314,4.102687580388647,4.1030782709137865,4.103420072104653,4.10371846573761,4.103977488861473,4.1042002382457,4.104389141946633,4.104546117759524,4.104672673120828,4.104769971811619,4.104838879110658,4.104879992291399,4.104893659031516
4.104911797691635,4.10489828017199,4.104857588369148,4.10478939401132,4.104693138153731,4.104568010804226,4.104412928081206,4.104226501461025,4.104006987965008,4.103752226867869,4.103459546706656,4.1031256254562765,4.102746280424037,4.102316171288694,4.101828521239889,4.101275638267419,4.100654262051887,4.099994719972527,4.099501351460711,4.099137799982806,4.098863113067916,4.098651431352935,4.098486890497584,4.098359046249894,4.098260275014271,4.098184345470996,4.0981258292539815,4.09808035557624,4.098045336855755,4.098020118960301,4.098004025485823,4.097996246872482,4.097996240711592,4.09800400718779,4.0980200888467015,4.098045295617888,4.09808030434321,4.098125768558436,4.098184277075787,4.098260200790782,4.098358967481909,4.098486807597819,4.098651346357551,4.098863023468048,4.099137707001416,4.099501255916791,4.099994616129988,4.100654154092064,4.101275517981363,4.101828399803105,4.1023160552558355,4.102746175086017,4.103125535238789,4.10345947498059,4.103752176309871,4.104006960871726,4.1042264997835805,4.104412952595679,4.104568060484343,4.104693211528872,4.1047894878160145,4.10485769825478,4.104898402385356,4.1049119342734794
4.104948097387118,4.104934838104984,4.1048949349393435,4.104828098759826,4.104733834254933,4.104611432430037,4.104459958580313,4.104278238262321,4.104064841660754,4.103818071541311,4.1035359610064965,4.103216299927645,4.102856740908957,4.102455114464649,4.102010306509486,4.101524624818303,4.101009833643757,4.100500163215959,4.100065695118963,4.099714840574781,4.099435450175902,4.099213222123018,4.0990361867595215,4.098894937748248,4.098781995623242,4.098691230881542,4.098617651758943,4.0985576774776185,4.098509669940755,4.09847387286224,4.098450325604959,4.098438700573294,4.09843869442525,4.098450307385533,4.098473842926722,4.098509628593919,4.098557625593066,4.098617590267506,4.0986911606643375,4.098781918902649,4.0988948547625785,4.0990360985708225,4.0992131305878585,4.099435353235399,4.0997147403317005,4.100065591464862,4.100500053044122,4.1010097206995395,4.10152451097188,4.102010185499579,4.102454993053293,4.10285662535975,4.10321619505303,4.1035358703375815,4.103817998161783,4.104064788816806,4.104278209478929,4.104459956719416,4.104611458554646,4.104733887018675,4.104828174318728,4.1048950278638365,4.104934941518093,4.104948214841994
4.105001865935726,4.104988985344481,4.104950219277486,4.104885330216219,4.104793910699824,4.104675385404194,4.104529014780179,4.104353899658204,4.104148998740065,4.103913165678343,4.10364522450148,4.1033441170773175,4.103009190920869,4.102640754843104,4.1022411415962745,4.10181665303269,4.1013806832770845,4.100957016031328,4.10057659525447,4.100251448500897,4.099980436630408,4.099757097411468,4.099573788528031,4.0994232845082275,4.09929923255896,4.099196250308298,4.099110071693485,4.099037923493151,4.098979001057014,4.098934306001182,4.098904482562605,4.098889615923975,4.09888961002779,4.098904464900107,4.098934276786392,4.0989789606354075,4.099037872381112,4.099110010832236,4.0991961803568255,4.099299155100665,4.099423199387351,4.099573697089432,4.099757000673652,4.0999803325191415,4.100251340269207,4.100576482812192,4.100956897923706,4.101380562700735,4.101816532819405,4.102241020802777,4.102640630974389,4.103009067891363,4.103344000223021,4.1036451180681786,4.103913073263763,4.104148924091431,4.104353847035141,4.104528988230244,4.104675387714323,4.104793941533083,4.104885385230449,4.104950293018003,4.104989075131044,4.1050019780247915
4.1050723687450725,4.105059958920067,4.105022618805885,4.104960166889224,4.104872296150061,4.104758582793555,4.104618501752032,4.104451449391613,4.104256786757272,4.104033910891487,4.103782375490552,4.103502092188507,4.103193663322388,4.102858916352399,4.102501722754779,4.10212912826234,4.101752515767554,4.1013877309120845,4.1010516626388,4.100753958632337,4.100496896933173,4.10027818159357,4.1000933943414815,4.099937477127533,4.099805509382774,4.099693143562264,4.099596982807987,4.099515059449071,4.099447315258206,4.099395400771316,4.099360472078035,4.099342964509064,4.099342958979506,4.099360455414931,4.099395372989043,4.099447276604764,4.099515010133281,4.099596923203212,4.099693074023667,4.099805430246631,4.099937388104502,4.100093296832176,4.100278076062509,4.100496782355836,4.100753839844693,4.101051539445641,4.101387602831216,4.101752385720963,4.1021289989894285,4.10250159601633,4.102858789657107,4.103193537971411,4.103501971030503,4.103782261711126,4.104033807591895,4.104256697400641,4.104451378490175,4.104618454168186,4.104758561917804,4.104872302287255,4.104960197349997,4.105022668967432,4.105060030234122,4.105072468301701
4.105158651345711,4.105146785687889,4.1051110968186535,4.105051462413889,4.1049676777999835,4.104859472471835,4.1047265332960725,4.104568540107009,4.104385224041631,4.104176455275482,4.103942376869128,4.103683606593169,4.103401534112983,4.103098730532443,4.102779460187618,4.102450214348589,4.102119971511709,4.101799606975739,4.1014997570483285,4.101227624815068,4.1009862120610805,4.100775216208897,4.100592302117545,4.1004341510148805,4.100297196251003,4.100178156416483,4.100074520245789,4.099985089643787,4.099910477767065,4.099852898236385,4.0998139442944455,4.099794348897468,4.099794343402099,4.099813927787113,4.0998528706186415,4.099910438921977,4.099985039509053,4.10007445885592,4.100178084013502,4.100297112658073,4.1004340565631345,4.100592198237656,4.100775102884535,4.100986089543053,4.101227498092335,4.101499625983589,4.101799471765084,4.102119834811042,4.1024500785773945,4.102779327325633,4.1030986001280025,4.103401405867874,4.103683480994721,4.103942257137994,4.1041763450960635,4.104385126393413,4.104568458263068,4.10472647109952,4.104859433036716,4.104967661628958,4.105051469899949,4.105111125412099,4.105146837687013,4.10515873506858
4.105259603801627,4.105248336498374,4.105214460379153,4.105157911708737,4.105078582674954,4.104976345487635,4.104851079579588,4.104702713600714,4.104531288553566,4.104337047595113,4.104120563252806,4.103882910621342,4.1036258904508065,4.103352310212493,4.103066262639929,4.102773317481361,4.1024804476589045,4.102195424839887,4.101925571168005,4.101676289287325,4.10145045263344,4.101248646886644,4.101069802068889,4.100911868462649,4.100772404732698,4.100649088909784,4.100540227562612,4.100445324402341,4.100365589477523,4.1003037265357,4.100261704614724,4.100240511025394,4.100240505342912,4.100261687619475,4.1003036982321746,4.100365549763978,4.100445273336227,4.10054016528182,4.100649015305047,4.10077231885649,4.100911770756723,4.10106969423521,4.101248528432704,4.101450325589912,4.1016761578748895,4.101925435105358,4.102195284562991,4.102480305465621,4.102773175610573,4.103066122872435,4.103352174012354,4.103625757340412,4.10388278162785,4.104120441231091,4.104336933346221,4.104531184333778,4.104702622661197,4.104851005455012,4.1049762916073895,4.105078550263425,4.10515790235788,4.105214474343596,4.105248374176625,4.10525967508029
4.105374012106796,4.105363376809746,4.105331413561204,4.1052781118971575,4.105203449724232,4.105107422928298,4.104990073668225,4.104851533925414,4.104692086868125,4.104512247101798,4.104312865575446,4.104095268251623,4.103861415728533,4.103614063259334,4.103356902325685,4.103094581861974,4.102832542598897,4.102576543832721,4.102331921697293,4.102102813747327,4.101891746759965,4.1016996659005,4.101526248284814,4.101370327672388,4.101230336625753,4.101104753388379,4.100992592455062,4.100893971492864,4.100810620692477,4.100745667558881,4.100701403946031,4.100679034899876,4.100679029518956,4.100701387752932,4.1007456403882925,4.100810582224121,4.100893921355214,4.1009925303469705,4.101104678935436,4.101230249316082,4.101370228400923,4.101526139064771,4.101699545284593,4.101891617789128,4.102102679561587,4.102331781959535,4.102576399226293,4.102832395353233,4.103094434472223,4.103356756679189,4.103613922006947,4.103861278824634,4.104095137500772,4.104312740512519,4.1045121295080795,4.1046919792624585,4.104851437727535,4.104989990994061,4.1051073575415264,4.105203406021878,4.105278091554916,4.105331419127215,4.105363405826255,4.1053740751704035
4.105500594080125,4.105490605648296,4.105460599568396,4.105410609840858,4.10534068602736,4.10525092554352,4.10514150063892,4.105012697985821,4.104864973192773,4.104699019542396,4.104515850333651,4.104316895473371,4.104104110728319,4.103880061658742,4.103647977341842,4.103411704912066,4.103175539029456,4.102943878174361,4.102720767596021,4.102509449063125,4.10231208865352,4.102129745445577,4.101962531003222,4.101809879522012,4.101670876355531,4.1015446366379,4.101430760921899,4.101329885684848,4.101244184230026,4.101177145647795,4.10113133700505,4.101108148823837,4.101108143493121,4.1011313208316755,4.101177118282904,4.101244145359178,4.10132983499927,4.101430698086391,4.1015445611518055,4.101670788269734,4.101809779842398,4.101962421381553,4.102129624341215,4.102311959481362,4.102509313894854,4.102720626133465,4.1029437313095976,4.103175388924951,4.103411554174273,4.103647827766322,4.103879916085413,4.104103970192371,4.104316761960369,4.104515723732037,4.104698901159255,4.104864863085459,4.105012597718347,4.105141413380426,4.105250854610958,4.105340636946051,4.1054105842658,4.105460601315339,4.1054906304469405,4.105500652182123
4.105638035704147,4.105628693204942,4.105600640868132,4.105553947873848,4.105488720389261,4.105405133443234,4.105303455698735,4.105184083652307,4.10504758693008,4.104894761328759,4.104726691865952,4.104544818507038,4.104350998748262,4.104147553038369,4.103937265121098,4.10372331942447,4.1035091520661755,4.103298206756389,4.103093642298991,4.102898053232016,4.102713288542506,4.102540410078114,4.102379777972596,4.102231229015868,4.102094324782676,4.101968672038765,4.101854341300787,4.101752395271708,4.101665376499494,4.101597077732701,4.101550298026325,4.101526584571106,4.101526578781414,4.101550280563332,4.101597048465036,4.101665335366371,4.101752342171888,4.1018542760708545,4.101968594374459,4.102094235401222,4.102231129331633,4.102379668377898,4.102540289544369,4.102713160415877,4.102897918680377,4.103093500996261,4.103298059540348,4.10350900090148,4.103723167043263,4.1039371135029254,4.104147404848165,4.104350855841256,4.104544682327749,4.104726564116132,4.104894642199367,4.105047476111434,4.105183982421032,4.105303367280753,4.105405062064896,4.10548867111722,4.105553922918574,4.105600643379387,4.105628717859492,4.105638091628329
4.105785024642641,4.105776315056949,4.105750174883387,4.105706699243305,4.105646036288832,4.105568416889084,4.105474175886512,4.1053637797237075,4.105237863692739,4.105097270435366,4.104943093447895,4.104776721965296,4.104599872137662,4.1044146073352445,4.104223313724543,4.104028638866844,4.103833369458561,4.103640258488474,4.103451831539167,4.103270205117743,4.103096964068217,4.102933124958346,4.102779185849542,4.102635250699246,4.102501223025063,4.102377081147229,4.10226326373085,4.10216117579289,4.102073661487539,4.1020047643681,4.101957476378721,4.101933475440167,4.101933469031012,4.101957457180754,4.102004732536751,4.102073617322416,4.10216111953735,4.102263195546298,4.10237700121067,4.102501132313009,4.102635150999801,4.102779076427687,4.102933005515689,4.103096837542574,4.103270072016737,4.1034516915965105,4.103640112418057,4.103833218870266,4.104028486370389,4.1042231614703635,4.1044144578072395,4.104599727907888,4.1047765842956,4.104942964722886,4.105097150907104,4.105237753853862,4.1053636801640625,4.1054740894969095,4.105568349561216,4.105645991476433,4.105706679802457,4.105750182066898,4.1057763433391505,4.105785081544808
4.105940276560758,4.105932177358333,4.105907878704258,4.105867493410163,4.105811197931802,4.105739259455681,4.105652053921312,4.105550086451232,4.105434019817127,4.105304702723565,4.105163197321498,4.105010806875053,4.104849090891222,4.104679866655539,4.104505177921385,4.104327239873577,4.104148341812142,4.103970724099011,4.103796446024665,4.103627263496464,4.1034645449222635,4.103309242996173,4.103161927318177,4.103022876939346,4.102892237808745,4.102770264596764,4.102657679171992,4.102556156385614,4.102468782352093,4.102399804354411,4.102352372318704,4.102328271794653,4.102328264819991,4.102352351578652,4.102399770304428,4.102468735613355,4.102556097526348,4.102657608606652,4.102770183101072,4.102892146526936,4.10302277745436,4.103161818353924,4.103309125057522,4.103464420445595,4.10362713255605,4.103796308411849,4.103970580339579,4.104148193079256,4.104327088489241,4.104505026196958,4.1046797169874205,4.104848946247113,4.1050106689307135,4.1051630685718274,4.105304584308464,4.105433912567525,4.10554999109478,4.105651973262987,4.1057391992468055,4.105811160214203,4.1058674822218135,4.1059078932497854,4.105932212498277,4.105940337865901
4.106102555488055,4.1060950370120795,4.106072488108674,4.106035032206419,4.105982862932934,4.105916267596571,4.1058356420772375,4.105741506279163,4.10563452344153,4.105515519850529,4.105385502042448,4.105245671161844,4.105097429340895,4.1049423695400025,4.104782245469825,4.10461892371021,4.104454307533787,4.104290248456476,4.104128453753009,4.103970401887389,4.1038172841004465,4.103669984242913,4.103529103224593,4.1033950325578425,4.103268087835254,4.103148726419324,4.103037884719183,4.1029374469056465,4.102850690127489,4.102782024613861,4.102734727768188,4.1027106724632265,4.1027106650990035,4.102734705987885,4.102781989128379,4.102850641793455,4.10293738657698,4.10303781303265,4.103148644500942,4.103267997064774,4.103394933919016,4.103528995420391,4.103669868439135,4.103817162250733,4.103970273841779,4.104128319381514,4.104290108152744,4.10445416209306,4.10461877499377,4.104782095712499,4.104942221167559,4.1050972856416115,4.105245534482747,4.105385374921328,4.1055154044155175,4.105634420782011,4.105741417596743,4.105835570024134,4.105916216353912,4.105982834327422,4.1060350309777585,4.1060725114274295,4.106095080755554,4.1061026234429825
4.106270686794949,4.1062637146453405,4.106242810269718,4.106208101580123,4.106159790165543,4.106098171256554,4.106023644672129,4.105936726676574,4.10583806243579,4.105728437925759,4.105608790519156,4.105480214847403,4.105343962937197,4.1052014288194645,4.105054122141387,4.1049036270952985,4.104751543360613,4.104599421766363,4.104448698092972,4.1043006333525875,4.10415627287155,4.104016432810209,4.1038817208361875,4.103752598164801,4.103629497146924,4.1035130217234395,4.103404268525624,4.103305281749602,4.103219487170802,4.103151423439813,4.103104469324006,4.103080567554872,4.103080560099088,4.103104447289476,4.103151387627575,4.103219438527521,4.103305221265582,4.103404197121704,4.103512940670567,4.103629407964983,4.103752501189588,4.1038816151095325,4.104016319948186,4.104156154433447,4.1043005091214075,4.104448567973564,4.104599286027785,4.104751402629272,4.104903482960405,4.105053976607664,4.105201284097258,4.105343822398325,4.105480081542318,4.105608667156529,4.105728327350711,4.105837966366645,4.105936646699972,4.106023583134011,4.106098130584651,4.106159772548126,4.106208111378683,4.106242843280865,4.106263768136294,4.106270762855595
4.106443566701959,4.106437103648246,4.106417730887367,4.106385576241139,4.1063408418911775,4.106283821411292,4.10621490737794,4.106134599563679,4.1060435125198556,4.105942381815327,4.10583206979034,4.105713566576877,4.105587985565418,4.105456547038824,4.105320555538803,4.1051813650184945,4.105040333278707,4.1048987745515095,4.10475791119087,4.104618830773449,4.104482457299343,4.104349542965411,4.104220687201674,4.104096391645605,4.103977167115661,4.103863721814832,4.103757270266805,4.103659977258289,4.103575382577868,4.103508124680512,4.103461661778346,4.103437991667335,4.1034379844391315,4.103461640366092,4.103508089814933,4.103575335143534,4.103659918162708,4.1037572006057115,4.103863642949088,4.103977080529827,4.104096297215584,4.104220584491435,4.10434943382634,4.1044823430197335,4.104618711253248,4.1047577864253455,4.104898644674146,4.105040198777336,4.105181227412273,4.105320416783352,4.10545640903144,4.105587851318487,4.10571343951597,4.105831952910298,4.1059422784054505,4.106043425076945,4.106134530003449,4.106214857545237,4.106283792329446,4.106340836390436,4.1063855977874475,4.106417774722358,4.106437168115953,4.10644365211286
4.106620167299692,4.106614175066581,4.10659621809919,4.106566420845573,4.106524980945372,4.106472183175031,4.106408404911841,4.10633412122773,4.106249908396234,4.106156446759567,4.106054522907117,4.105945027875279,4.105828949642056,4.105707357882406,4.10558138449055,4.105452194305635,4.105320949997908,4.105188776648737,4.1050567258901545,4.104925744678322,4.104796655020096,4.104670149769958,4.104546811068314,4.104427160888559,4.104311760864585,4.104201391780219,4.10409735343718,4.10400190009549,4.1039186577302935,4.103852341288703,4.103806470387979,4.103783085592574,4.1037830788928735,4.103806450456659,4.103852308617673,4.103918612967122,4.104001843935835,4.104097286968926,4.104201316401077,4.10431167785395,4.104427069927371,4.10454671229806,4.10467004511684,4.104796545595158,4.104925630622328,4.105056607444729,4.105188653981661,4.105320823491613,4.105452065365682,4.105581255094913,4.1057072297456205,4.1058288252062365,4.105944910464056,4.1060544157042544,4.106156353285788,4.106249831743316,4.106334063611757,4.106408367559736,4.106472166310619,4.106524988246975,4.106566454638921,4.106596273736076,4.106614251623955,4.1066202632794715
4.106799538360247,4.10679397892668,4.106777322820412,4.106749688755331,4.1067112663733285,4.106662327008655,4.106603227530386,4.106534413274566,4.106456418385385,4.106369866656687,4.106275471326537,4.106174031478618,4.106066423135969,4.1059535858196785,4.105836505626097,4.105716190851239,4.105593644876947,4.105469839336228,4.105345687114924,4.105222019388366,4.105099571445479,4.104978981546096,4.104860809238057,4.104745583082527,4.104633895611466,4.104526576612896,4.10442498626191,4.104331444018613,4.104249639953916,4.104184346759096,4.10413913084252,4.104116065516955,4.1041160595635215,4.104139113030904,4.10418431724209,4.104249598992372,4.104331392050031,4.104424924240845,4.104526505879814,4.10463381712431,4.104745496547326,4.1048607153372565,4.104978882206436,4.105099467695471,4.105221911643052,4.105345575943105,4.105469725155714,4.105593528150377,4.105716072846542,4.105836388200103,4.105953470525802,4.106066311861409,4.1061739271232245,4.106275377038714,4.106369785983378,4.106456354729355,4.1065343690542795,4.106603203471434,4.106662323230683,4.106711287186447,4.106749735153754,4.106777390900164,4.106794068376769,4.106799645934379
4.1069808069216895,4.106975643383159,4.1069601766906425,4.106934518357027,4.106898847700046,4.1068534198333335,4.106798568130906,4.10673470548341,4.106662322743633,4.106581988118386,4.106494345594114,4.106400110177175,4.106300058740551,4.106195018356965,4.106085851500203,4.10597343588225,4.105858643406493,4.105742319557946,4.105625262820147,4.105508207678032,4.105391814879065,4.105276672616247,4.105163314945314,4.105052267665991,4.104944139930031,4.104839793082942,4.104740628804996,4.104649013015792,4.1045686825429595,4.1045044529137185,4.104459925619048,4.104437198678597,4.1044371935539825,4.104459910186639,4.104504427006102,4.1045686460275554,4.104648966072623,4.104740572195816,4.104839727958962,4.104944066883491,4.105052186554829,4.105163226884454,4.105276579519509,4.105391717816449,4.105508107363588,4.105625160133736,4.105742215234574,4.10585853814014,4.1059733308919455,4.1060857484278035,4.106194918510184,4.106299963498878,4.106400021904386,4.106494267215194,4.106581923009829,4.106662274336593,4.10673467619285,4.106798558445867,4.1068534303477175,4.106898882802283,4.106934577773731,4.106960257738865,4.106975746231076,4.106980926732032
4.107163175014374,4.107158372195644,4.1071439887035694,4.107120128134383,4.107086958102737,4.107044716020099,4.106993710443767,4.10693432094685,4.106866995697417,4.106792249733679,4.106710662729169,4.106622873589737,4.106529571729194,4.106431486932995,4.106329376375344,4.106224008014636,4.106116144122739,4.106006525228345,4.105895854255716,4.105784783906331,4.105673910195764,4.105563775433581,4.105454886827447,4.105347761150979,4.105243014009967,4.1051415254861485,4.105044724585104,4.104955009346422,4.10487614989466,4.104812992870159,4.104769165558587,4.1047467842934875,4.104746779968201,4.104769152439454,4.104812970570258,4.10487611801659,4.104954967874326,4.105044674068685,4.105141466762443,4.105242947311572,4.105347686522267,4.10545480567064,4.1055636896519045,4.10567382101688,4.1057846923856065,4.105895761559223,4.106006432346454,4.106116051959689,4.106223917795905,4.106329289557367,4.106431404570635,4.106529494774885,4.1066228038851476,4.106710602886173,4.106792202800432,4.1068669648591305,4.10693430835667,4.106993716561875,4.107044742206275,4.10708700825924,4.107120201062627,4.1071440831520665,4.107158488622119,4.107163307240563
4.1073459160718695,4.107341440918656,4.107328040806031,4.107305811181983,4.107274907356089,4.107235548545999,4.1071880182575065,4.107132663230768,4.107069890648597,4.107000165677436,4.106924008957998,4.106841990984648,4.106754724145463,4.106662853840831,4.106567047113879,4.106467978999598,4.106366319494261,4.106262720862913,4.106157805295535,4.106052155538784,4.105946310893394,4.105840771593103,4.105736017648004,4.105632552700622,4.105530991647429,4.105432223968728,4.105337695432021,4.105249825330367,4.105172406741682,4.105110308308079,4.10506717581498,4.105045138869398,4.105045135252341,4.105067164774993,4.1051102893669915,4.105172379416625,4.105249789506999,4.1053376514623245,4.105432172301865,4.105530932197296,4.105632485670283,4.105735944591383,4.10584069440456,4.105946231012181,4.106052074370456,4.1061577242623795,4.106262641121526,4.106366242039404,4.106467905024511,4.106566977946688,4.106662790391853,4.106754667097707,4.106841941759164,4.106923969819212,4.107000139259866,4.107069879656334,4.107132669356474,4.107188041991608,4.107235591920243,4.107274973342789,4.107305898089165,4.10732814884344,4.107341570690138,4.107346060379001
4.107528370591389,4.10752419235679,4.107511682826648,4.107490929368781,4.1074620749221795,4.107425320743233,4.107380925797588,4.107329205363929,4.107270527988406,4.107205312727652,4.107134026500192,4.107057178588922,4.106975313541417,4.106889003342445,4.10679883749301,4.106705411788184,4.106609317879923,4.1065111330947435,4.106411410732566,4.106310673133034,4.106209409533408,4.106108081561746,4.1060071423326985,4.105907079778108,4.10580850311051,4.105712304474203,4.105619938610519,4.105533837916436,4.1054578105605195,4.105396740181009,4.10535428540546,4.105332585167984,4.105332582151634,4.105354276172468,4.105396724293645,4.105457787603244,4.105533807778543,4.1056199014779,4.105712260412036,4.10580845178837,4.105907021513641,4.1060070787245655,4.106108014485255,4.106209340620266,4.1063106040610515,4.106411343102783,4.106511068140724,4.106609256585058,4.106705355256094,4.106798786974207,4.106888959750388,4.106975277496886,4.107057151238708,4.107134009755337,4.1072053087654465,4.107270538879238,4.107329232261919,4.107380969187569,4.107425382907377,4.107462157588995,4.107491030691058,4.1075118043923435,4.107524334836769,4.107528526131343
4.10770994142057,4.107706031716687,4.107694327212103,4.107674907450544,4.1076479033101805,4.107613498759901,4.107571929264346,4.107523480508608,4.107468485117621,4.107407319972158,4.107340403426974,4.107268190162026,4.107191164932324,4.107109835645901,4.107024724748192,4.106936359989412,4.106845265961319,4.106751955811292,4.1066569235439365,4.106560638919564,4.10646354672878,4.106366073168835,4.106268645200178,4.1061717335491785,4.106075938364733,4.105982149661844,4.105891825472789,4.1058074052548905,4.10573270635776,4.105672622095592,4.105630819602692,4.10560944408895,4.105609441587406,4.105630811963602,4.105672609018782,4.1057326875986675,4.105807380786348,4.105891795363212,4.1059821136718595,4.106075896028877,4.106171685266184,4.106268592531557,4.106366017931999,4.106463490655523,4.106560583809099,4.1066568710369955,4.106751907129919,4.106845222031941,4.106936321831998,4.107024693603433,4.107109812564786,4.107191150653001,4.10726818569838,4.107340410337414,4.107407339937698,4.107468519511026,4.107523529965412,4.107571994217118,4.1076135811880015,4.107648003532479,4.107675023638567,4.107694462117815,4.107706186023309,4.107710106969268
4.107890088891781,4.107886421671262,4.107875443815475,4.107857227405378,4.107831891850869,4.107799604734117,4.107760579414218,4.107715074058336,4.107663388262283,4.107605860631907,4.107542865845502,4.107474809979125,4.107402125040684,4.107325262844266,4.107244687563009,4.107160868124716,4.107074271276739,4.106985354758562,4.106894561139782,4.106802314107384,4.106709018815094,4.106615068960808,4.106520866391058,4.10642686391322,4.106333650407221,4.106242110407908,4.106153701143625,4.106070864701233,4.105997423224073,4.105938275711486,4.105897094527028,4.105876028832462,4.105876026809456,4.105897088392573,4.105938265343169,4.105997408593734,4.106070845913366,4.106153678210525,4.106242082922104,4.106333617897992,4.106426826846078,4.106520826224801,4.106615027379493,4.106708977502804,4.1068022747935915,4.106894525352109,4.106985323629599,4.107074245686636,4.10716084908228,4.10724467639283,4.107325260828862,4.107402133135922,4.107474829148159,4.107542897292769,4.1076059055020115,4.107663447244077,4.107715147333639,4.107760667331068,4.107799708485869,4.107832010337004,4.107857358862082,4.107875591819722,4.107886586866881,4.107890263106981
4.108068325985927,4.108064877474936,4.108054554836321,4.1080374230918695,4.108013590971001,4.107983210680615,4.107946475072884,4.107903616916554,4.107854905701621,4.107800645485469,4.107741171813083,4.107676847561019,4.107608058168102,4.10753520621639,4.107458705017659,4.107378972340056,4.107296424677779,4.107211471576196,4.1071245106683065,4.107035925026545,4.1069460843322565,4.10685535250102,4.106764107507738,4.106672784102242,4.106581958557903,4.106492507654649,4.106405884920768,4.106324531864876,4.106252272208908,4.1061940076814425,4.106153413434716,4.106132640838551,4.106132639314428,4.10615340885933,4.10619400010226,4.106252261804081,4.106324518881078,4.106405869377831,4.106492489129358,4.106581936696436,4.106672759439312,4.106764081346363,4.106855326297017,4.10694605955474,4.107035903154285,4.107124492988585,4.107211459091379,4.107296418265889,4.107378973096001,4.1074587144376205,4.107535225852217,4.107608089198232,4.10767689090189,4.107741228309703,4.10780071572476,4.1078549897650145,4.107903714614199,4.10794658661682,4.107983336180611,4.10801372803116,4.108037570007583,4.1080547156152685,4.108065052689199,4.1080685076558545
4.108244213669982,4.108240962263434,4.108231230000712,4.108215075261932,4.10819259697945,4.1081639330497,4.108129257494211,4.108088779772468,4.108042742121306,4.10799141751049,4.107935106511906,4.107874133639079,4.107808843188873,4.107739594441793,4.107666756156114,4.107590701370283,4.107511802644171,4.107430427316724,4.107346933501324,4.107261668269768,4.107174969455856,4.107087173707469,4.106998636500206,4.106909774803544,4.106821151593129,4.106733634435199,4.106648671159107,4.106568700418865,4.106497545188457,4.106440107771053,4.106400064312203,4.1063795671099745,4.106379566147353,4.106400061472461,4.106440103233614,4.106497539295399,4.10656869353589,4.10664866336163,4.106733625407085,4.106821141184059,4.106909763612789,4.106998625641534,4.1070871643277105,4.107174962674461,4.107261665186016,4.10734693509092,4.107430434445049,4.107511816235121,4.107590722674426,4.107666786880374,4.1077396363781915,4.1078088976692575,4.107874201481089,4.107935188190758,4.107991513078741,4.108042851166876,4.108088901818286,4.108129392516783,4.108164079993577,4.108192752366368,4.108215237453597,4.108231403079364,4.108241146724893,4.1082444018433275
4.108417356485933,4.108414282620243,4.1084050820531175,4.108389806954993,4.108368547343564,4.108341427901273,4.108308605464674,4.108270268232046,4.108226633890885,4.108177947480594,4.108124478364459,4.108066516995048,4.1080043712974526,4.107938362398468,4.107868819911622,4.1077960776032105,4.107720469418458,4.107642325516319,4.107561969046987,4.107479715007082,4.107395872546539,4.107310753361622,4.107224691859602,4.107138087800971,4.10705149066012,4.106965757938863,4.106882330459323,4.1068036424431105,4.106733514468586,4.106676847861913,4.106637318470619,4.1066170785897125,4.1066170782771545,4.106637317618253,4.106676846744194,4.106733513535868,4.106803642141261,4.106882330937675,4.106965759053875,4.107051492485112,4.107138090979931,4.107224697297043,4.107310761861691,4.107395884819962,4.107479731729556,4.107561990872125,4.107642353184172,4.107720503913342,4.107796120334062,4.107868872758384,4.107938427301428,4.108004449634647,4.108066609416924,4.108124584975775,4.108178067871071,4.108226767274322,4.108270413919344,4.108308763058065,4.108341595271175,4.1083687202073325,4.108389983784702,4.108405266754088,4.108414475622858,4.1084175504690545
4.108587398430639,4.108584484444402,4.10857576258629,4.108561279276693,4.1085411164318595,4.108515386625447,4.108484231054741,4.108447818669113,4.1084063451069746,4.108360030332836,4.108309115878116,4.108253861944543,4.10819454427349,4.108131450317254,4.108064875211097,4.107995118126196,4.107922478928094,4.107847254866281,4.107769738004722,4.107690214631486,4.107608967983481,4.107526286918971,4.107442486210722,4.107357949177681,4.107273211937898,4.1071891215452085,4.107107111025779,4.107029609130929,4.106960432905401,4.106904481610132,4.106865429874263,4.106845429330963,4.106845429767619,4.1068654312970265,4.106904484359608,4.106960437493268,4.107029616036236,4.1071071204612215,4.107189133532934,4.107273226733555,4.107357967424682,4.107442508602554,4.10752631393942,4.107608999967492,4.107690251875323,4.107769780882522,4.107847304001102,4.107922535326866,4.107995183275832,4.108064951047593,4.108131538788486,4.108194646687255,4.108253978735667,4.1083092468040805,4.108360174625733,4.10840650171701,4.108447986741023,4.108484409677382,4.108515572790131,4.108541305377673,4.108561469664348,4.108575958015226,4.108584685281501,4.108587597690711
4.108754019151351,4.108751249136447,4.1087429582161485,4.108729187555159,4.1087100116843205,4.108685532144982,4.1086558759206255,4.108621194677498,4.108581664264296,4.108537482157979,4.10848886506734,4.10843604631111,4.108379273114884,4.10831880316073,4.1082549011456,4.108187835684279,4.108117876471437,4.108045291519946,4.107970345149355,4.107893297860097,4.107814409412212,4.107733947747358,4.107652209397647,4.107569562115578,4.107486529052211,4.107403946770481,4.10732324011182,4.107246831731023,4.1071785343989715,4.107123244566197,4.1070846350079036,4.1070648562362315,4.107064857524636,4.107084639007981,4.107123251662052,4.107178545122562,4.107246846550279,4.107323259258449,4.107403970373992,4.107486557463077,4.107569595920753,4.107652249096895,4.107733993576682,4.107814461431709,4.107893356096375,4.10797040976948,4.108045363026297,4.108117955807807,4.108187924269447,4.108255000794494,4.10831891565985,4.108379399592841,4.108436186965611,4.1084890193598245,4.108537649082187,4.108581842604814,4.108621383419097,4.1086560735596915,4.108685735020613,4.108710214904975,4.108729390069133,4.10874316327573,4.108751457022145,4.108754223167769
4.108916930466108,4.108914290113028,4.10890638709986,4.108893257863849,4.1088749701738445,4.108851615548965,4.1088233080729895,4.108790184014141,4.108752401436769,4.108710137691586,4.1086635873338535,4.108612959779873,4.1085584769437995,4.10850037014583,4.108438877147793,4.108374239514147,4.10830670016128,4.108236501062585,4.1081638817095865,4.108089079377979,4.1080123325179185,4.1079338898986455,4.107854031138052,4.10777310934396,4.10769163524142,4.107610435099588,4.107530925482452,4.107455522641758,4.107388034636798,4.107333354633147,4.107295153131069,4.107275579206363,4.107275581451218,4.107295160014878,4.107333366557527,4.107388052112061,4.107455546072809,4.107530955062616,4.107610470978489,4.10769167776756,4.107773159002038,4.107854088269791,4.107933954587794,4.108012404679429,4.108089158895732,4.108163968618378,4.108236595731717,4.10830680336353,4.108374352428064,4.108439001271294,4.108500506930517,4.108558627237803,4.108613123533834,4.108663763782391,4.1087103256955935,4.108752599703985,4.108790391352253,4.108823522408286,4.1088518327844055,4.108875185620242,4.108893470850569,4.108906600520053,4.108914504101585,4.108917138573829
4.109075873199653,4.109073349638683,4.109065795785862,4.109053243894594,4.109035755536686,4.109013413110708,4.108986319042572,4.108954595946853,4.108918385869426,4.1088778482004855,4.108833157707794,4.108784502545759,4.108732082120216,4.108676104362609,4.108616783150381,4.108554336039337,4.1084889821341095,4.108420940169964,4.108350427380204,4.108277660097415,4.108202857405347,4.1081262504975316,4.108048103327453,4.107968755284348,4.107888705292241,4.107808769677697,4.107730356845323,4.107655876572321,4.107589132005002,4.107535012762176,4.107497186810476,4.107477801589495,4.107477804894015,4.107497196871913,4.107535029962538,4.10758915677983,4.107655909209433,4.107730397439704,4.107808818320494,4.107888762255589,4.107968820931354,4.108048177886141,4.10812633398791,4.108202949705551,4.108277761048425,4.108350536940786,4.108421058555365,4.1084891098543945,4.108554473883001,4.108616932127677,4.108676265439059,4.1087322557648305,4.108784688446182,4.1088333549280565,4.108878055541441,4.108918602038102,4.108954819560482,4.108986547592041,4.109013642260178,4.1090359810705355,4.109053465599486,4.109066016150721,4.10907356855888,4.109076084461021
4.109230614309422,4.109228195955857,4.10922095636838,4.109208924161523,4.109192155237169,4.1091707236537305,4.109144721389081,4.109114258933449,4.109079463899658,4.109040479682102,4.108997463368027,4.108950584193212,4.10890002151117,4.1088459624678,4.108788599711463,4.108728129440663,4.108664749541765,4.108598657979902,4.10853005201253,4.1084591290717,4.108386090644276,4.108311151815998,4.108234562057136,4.108156647947883,4.108077897273018,4.107999116861275,4.107921707209712,4.107848071715072,4.10778200858757,4.107728403795917,4.107690922651429,4.107671710844689,4.107671715296416,4.107690936136826,4.1077284266257585,4.1077820410646835,4.107848113960791,4.107921759176337,4.107999178534543,4.108077968816408,4.108156729608921,4.108234653992518,4.108311254034395,4.1083862030416585,4.1084592514934375,4.108530184357583,4.108598800293198,4.108664902012627,4.1087282923796495,4.108788773531798,4.108846147541241,4.108900217839332,4.1089507911616785,4.1089976798946655,4.109040704532072,4.1090796958306,4.109114496389832,4.109144961632734,4.109170962303843,4.109192388727736,4.10920915279092,4.109221182120805,4.109228418368608,4.109230827446673
4.1093809442760705,4.10937862068428,4.109371663925968,4.109360099499544,4.109343978135923,4.109323366228368,4.109298346498194,4.109269018585516,4.109235497145592,4.109197911305248,4.109156402381177,4.109111122748652,4.109062233887558,4.109009904427739,4.108954308120014,4.108895622116831,4.108834025357629,4.108769697218613,4.108702817010751,4.108633565108291,4.108562127014458,4.108488703075721,4.108413529395692,4.108336920631365,4.108259354106633,4.10818162764395,4.108105134165694,4.108032270891018,4.107966831187139,4.1079136973941655,4.107876532145792,4.107857479344094,4.1078574850002525,4.107876549204129,4.107913726048174,4.107966871556479,4.108032322899259,4.10810519760693,4.108181702389043,4.108259440214907,4.108337018259297,4.108413638651937,4.108488823967245,4.1085622594491324,4.10863370891869,4.108702972018876,4.108769863280032,4.108834202326729,4.108895809804676,4.108954506314443,4.109010112856649,4.109062452017163,4.1091113496168274,4.109156636735524,4.109198151862884,4.109235742716423,4.109269267499855,4.109298595991192,4.109323612072811,4.109344217490115,4.109360333205798,4.10937189333981,4.109378844860698,4.109381157667351
4.109526674733159,4.109524436472936,4.109517734212613,4.109506590827433,4.109491052328181,4.109471178056374,4.109447042636978,4.109418735882196,4.109386360907116,4.109350034051453,4.109309882599675,4.109266043871143,4.109218663405084,4.1091678933092455,4.1091138904833535,4.109056815063521,4.108996829037259,4.108934095119727,4.108868776486412,4.108801038109158,4.108731050988262,4.108659002005224,4.108585114959504,4.108509693446438,4.108433205009754,4.108356438983297,4.108280781094899,4.108208622648061,4.108143752339156,4.108091048977208,4.108054172571479,4.108035265255506,4.108035272125677,4.10805419321969,4.108091083448292,4.108143800547889,4.108208684318026,4.108280855874833,4.108356526646667,4.108433305536804,4.108509806925921,4.108585241456863,4.108659141498758,4.108731203344523,4.108801203087444,4.108868953782587,4.108934284381458,4.108997029791474,4.109057026654613,4.109114112110906,4.109168124071541,4.109218902208669,4.10926628936933,4.109310133325158,4.109350288629909,4.109386618148858,4.109418994074597,4.1094472991134365,4.109471428933872,4.109491295473341,4.1095068276437505,4.109517965338585,4.109524660385101,4.1095268864486325
4.109667636321398,4.10966547487624,4.109659001581311,4.109648237139513,4.109633223212986,4.109614012715667,4.109590673235151,4.10956328560669,4.109531942766036,4.109496749517013,4.10945782069402,4.109415280132408,4.109369259152647,4.109319895094839,4.10926732980319,4.109211708195514,4.109153177068319,4.109091884188092,4.109027978208363,4.108961610190086,4.108892937977998,4.108822136176045,4.108749417289724,4.1086750746898435,4.108599566815589,4.108523675046393,4.10844877832039,4.1083772623249475,4.108312911297418,4.108260600661567,4.108223987900776,4.108205213439519,4.108205221484854,4.108224012018296,4.1082606407474325,4.108312967073813,4.108377333343849,4.108448864115858,4.108523775323031,4.108599681496151,4.108675203809069,4.108749560858913,4.108822294099838,4.10889311001188,4.108961795942586,4.109028177188274,4.109092095803839,4.109153400529712,4.109211942427844,4.109267573498075,4.109320146788534,4.109369517229078,4.109415542861632,4.109458086351803,4.109497016588272,4.109532209959055,4.109563551212454,4.109590934684774,4.109614266615631,4.109633468076973,4.109648474912716,4.1096592322042635,4.109665696205344,4.109667844168941
4.1098036767534305,4.109801584441177,4.109795317107616,4.10978489368842,4.109770351764701,4.10975173851908,4.109729115368997,4.109702554992955,4.109672141362387,4.109637968873634,4.109600141293623,4.109558770376638,4.109513974738621,4.109465878504793,4.109414610034328,4.109360300622093,4.109303083444745,4.109243092844091,4.109180464404329,4.109115336614328,4.109047855385988,4.108978184141077,4.1089065250480585,4.108833162059957,4.108758545179675,4.108683448371645,4.108609244207484,4.108538313079126,4.108474434999823,4.108422482176264,4.108386109689625,4.1083674563372545,4.108367465479956,4.108386137052613,4.108422527531927,4.1084744979197545,4.108538392991132,4.10860934056919,4.108683560837437,4.10875867362501,4.108833306463821,4.108906685348759,4.108978360128966,4.10904804664628,4.109115542540466,4.109180684257406,4.109243325749269,4.109303328279722,4.109360555936075,4.109414874098004,4.1094661494011735,4.1095142504282585,4.1095590487899045,4.109600420440919,4.109638247045967,4.109672417053763,4.109702826462419,4.10972938005552,4.109751993564309,4.109770596272656,4.109785130068487,4.109795544755263,4.109801800618509,4.109803878332147
4.109934659083193,4.109932628984776,4.109926546894618,4.109916430335656,4.109902312970769,4.109884237045253,4.109862258428458,4.1098364425295175,4.109806865345104,4.1097736119632735,4.109736776248065,4.109696459153939,4.109652767911943,4.109605814815401,4.10955571610997,4.109502590875888,4.109446560073495,4.109387745990854,4.109326272451956,4.1092622665906955,4.109195863493428,4.109127216404395,4.109056518045044,4.108984043723906,4.1089102356602,4.108835860940426,4.108762286203605,4.108691886880563,4.108628439009862,4.1085768117621875,4.1085406579481205,4.10852211482873,4.108522124972567,4.108540688280662,4.108576861971894,4.108628508572692,4.108691975152102,4.108762392595673,4.108835985066404,4.1089103773419,4.108984202873676,4.109056694508839,4.1091274098328965,4.109196073270675,4.109262491855212,4.1093265121664215,4.109387998939898,4.1094468247733635,4.109502865520669,4.109555998631978,4.109606102969601,4.1096530593653515,4.109696751569656,4.1097370673987825,4.109773899897747,4.109807148253683,4.1098367185133045,4.10986252482364,4.1098844914551345,4.109902555068375,4.109916662839488,4.109926768918585,4.109932837284366,4.109934851836264
4.110060460166015,4.110058486055586,4.110052570548216,4.1100427300529105,4.110028994416896,4.11001140180242,4.10999000292179,4.109964856886091,4.10993603245003,4.109903606512763,4.109867663993333,4.109828296231148,4.1097856002326045,4.109739677684272,4.1096906339356,4.109638577081327,4.109583617118382,4.10952586550563,4.10946543549451,4.109402443978724,4.10933701623812,4.109269296254001,4.109199468125628,4.109127799244785,4.109054724671286,4.108981005143224,4.108908001798787,4.108838085452402,4.1087750284285045,4.1087236970488386,4.108687741988864,4.108669299067773,4.108669310113663,4.108687775007561,4.10872375168242,4.108775104107779,4.108838181503939,4.108908117610447,4.108981140288343,4.1090548789088155,4.109127972404532,4.109199659946769,4.109269506233973,4.109337243550561,4.1094026874893546,4.109465693826791,4.10952613705913,4.109583900022629,4.109638869195822,4.109690932916434,4.1097399810698825,4.109785905506673,4.109828600863904,4.109867965563875,4.109903902792397,4.10993632128565,4.109965136038755,4.109990269569624,4.110011653847821,4.110029232108975,4.11004295619066,4.1100527842613515,4.11005868371443,4.1100606414471015
4.110180969298173,4.110179045563039,4.110173279814373,4.110163687578339,4.110150295021428,4.110133137012596,4.110112259400652,4.1100877159190645,4.110059568671449,4.110027887421592,4.109992748993366,4.109954236171905,4.109912436792988,4.109867443007726,4.109819350371585,4.109768257080072,4.109714263266576,4.109657470652436,4.109597982979958,4.109535907928294,4.1094713619135845,4.10940448050736,4.109335439948806,4.109264500387954,4.109192090317944,4.10911896463147,4.10904647939113,4.1089770011386815,4.108914298750105,4.108863235892671,4.108827461247823,4.108809109283308,4.108809121137398,4.1088274966817435,4.108863294528274,4.108914380006539,4.108977104343733,4.109046603926183,4.109119110034632,4.109192256279913,4.109264686644178,4.109335646113968,4.109404705913375,4.109471605514313,4.109536168305152,4.109598258405243,4.109657759131475,4.1097145625581915,4.109768564735493,4.109819663815233,4.10986775961804,4.109912753922751,4.109954551153837,4.109993059239416,4.110028190417224,4.110059861920081,4.11008799669855,4.110112524746082,4.110133384973047,4.1101505263973,4.110163905000319,4.110173482637831,4.110179229910968,4.110181136436947
4.110296087005573,4.110294208558403,4.110288577372374,4.110279208239752,4.110266123907503,4.110249356539237,4.11022894747534,4.110204945765044,4.11017740748281,4.110146396107001,4.110111981222165,4.1100742379552395,4.1100332459662505,4.1099890888082005,4.109941853238178,4.109891628535755,4.109838505943795,4.109782578410325,4.10972394111103,4.1096626934312805,4.109598943804868,4.10953282019512,4.109464491695573,4.109394211848597,4.109322403132059,4.109249815070543,4.109177799051993,4.109108717678899,4.109046336643078,4.108995517158504,4.108959906053713,4.108941636540111,4.108941649114739,4.1089599436426,4.108995579376648,4.109046422916563,4.109108827354657,4.109177931524316,4.109249969857197,4.109322579859398,4.109394410144411,4.109464711024027,4.109533059692398,4.109599202184203,4.109662968986724,4.109724231784829,4.109782881868513,4.109838819632929,4.109891949740979,4.109942179167082,4.109989416673672,4.110033572983075,4.110074561331682,4.110112298183529,4.110146703882159,4.110177703237285,4.1102052262876585,4.11022920970946,4.110249598649955,4.11026634712874,4.110279414832589,4.110288766946707,4.110294377123553,4.110296237387441
4.11040572395815,4.11040388614967,4.110398375774798,4.110389206934778,4.110376399410396,4.110359982956171,4.110339994915177,4.110316480028136,4.110289489101971,4.110259079901479,4.110225315669663,4.110188264618199,4.110147999159638,4.110104595120371,4.110058131326286,4.110008689044822,4.109956351506354,4.109901203745067,4.1098433332002084,4.109782831777592,4.109719800730261,4.109654361168408,4.109586675719981,4.109516991918317,4.1094457267500015,4.109373624816365,4.109302033207315,4.109233310898237,4.109171220652767,4.109120621425324,4.1090851583399735,4.109066963449372,4.10906697665647,4.109085197823522,4.109120686797452,4.109171311355342,4.109233426313969,4.109302172763325,4.109373788030077,4.109445913189663,4.109517201085149,4.109586906885896,4.109654613228565,4.109720072128183,4.109783120528249,4.1098436369788995,4.109901519976973,4.109956677416506,4.110009021696747,4.11005846770848,4.1101049322383325,4.110148334049269,4.110188594303854,4.1102256371377575,4.110259390170966,4.1102897850012585,4.1103167580168805,4.110340251891348,4.110360217338044,4.110376612645808,4.110389400818781,4.110398549982361,4.110404036716605,4.110405855110626
4.110509799984621,4.110507998538465,4.110502596510944,4.110493607254704,4.110481048199014,4.110464946737941,4.110445336825741,4.110422259066033,4.110395759805658,4.110365891499609,4.110332711873923,4.1102962829228735,4.1102566705875905,4.110213943848938,4.110168174381468,4.110119436232528,4.110067805422299,4.1100133598510835,4.109956179969,4.109896350919665,4.109833967482882,4.109769144610957,4.109702039112986,4.109632893089768,4.109562118531988,4.109490455542247,4.109419247264649,4.109350849339491,4.109289021835271,4.109238621634797,4.109203292301931,4.109185164828248,4.109185178577549,4.109203333410225,4.1092386897195885,4.10928911636428,4.109350969746623,4.109419393028172,4.109490626192373,4.109562313575358,4.10963311187249,4.109702280667329,4.109769407540397,4.109834249936394,4.109896650661069,4.109956494490055,4.110013686442522,4.110068141173484,4.110119778034842,4.110168519009974,4.110214288068577,4.110257011174956,4.110296616601374,4.110333035367827,4.110366201631148,4.110396053099686,4.110422531891392,4.110445586092757,4.110465171337346,4.110481249543509,4.110493786676987,4.1105027534107474,4.110508129136593,4.110509909656184
4.110608243178196,4.110606474158132,4.110601169177271,4.1105923407137,4.110580004497401,4.110564185535519,4.110544914913026,4.110522229346804,4.110496171310151,4.110466788432735,4.110434133488686,4.110398263017545,4.110359237076941,4.110317118647914,4.110271973048029,4.110223867800192,4.110172872419076,4.110119058376396,4.110062499821838,4.110003275785559,4.109941475196756,4.109877207466799,4.109810624188025,4.109741962577853,4.109671630115602,4.109600362810469,4.109529500197008,4.109461394848493,4.1093998043543865,4.109349583696489,4.109314375011063,4.109296308328901,4.109296322527779,4.109314417472143,4.109349654056095,4.109399902126041,4.109461519530574,4.109529651327513,4.109600539928456,4.109671832644405,4.109742189670517,4.109810874590957,4.109877479457764,4.109941766627296,4.110003584210194,4.110062822618724,4.110119392773447,4.110173215435166,4.110224216211162,4.110272323444738,4.110317467523576,4.1103595808394955,4.110398598014118,4.110434456219971,4.110467095476299,4.110496459008362,4.110522494138378,4.110545153861323,4.110564398111888,4.110580191930008,4.110592503908071,4.110601306911538,4.110606583018123,4.110608329404975
4.11070098908007,4.11069924889977,4.110694030726194,4.11068534603961,4.110673209400823,4.1106576435103035,4.110638676866421,4.110616342843202,4.110590680239758,4.110561732554018,4.11052954787703,4.110494178067104,4.110455677851398,4.110414104841821,4.110369518835461,4.110321981541304,4.1102715565797165,4.110218309610534,4.110162309102751,4.110103628576861,4.1100423516778735,4.109978582819945,4.109912468909611,4.109844242798209,4.1097743079203815,4.109703396595809,4.109632845074624,4.109565003118769,4.109503626034866,4.109453567050791,4.109418466996276,4.1094004550289736,4.109400469592873,4.109418510566162,4.109453639304515,4.109503726551345,4.109565131470076,4.109633000843957,4.109703579297905,4.10977451684941,4.109844476869486,4.109912726557677,4.109978861999539,4.110042649976312,4.110103943377443,4.110162637700205,4.1102186491975825,4.110271904145256,4.11032233379123,4.1103698721902,4.110414455469629,4.110456021745287,4.1104945112818605,4.110529866721635,4.11056203331769,4.110590959272998,4.110616596654823,4.110638902904652,4.110657841689811,4.110673380796265,4.1106854911339665,4.110694147477565,4.11069933443884,4.11070105028447
4.110787979956627,4.110786265407457,4.11078112476994,4.11077256848361,4.110760610255159,4.1107452707254355,4.110726575878059,4.110704556487866,4.110679247698832,4.110650689549373,4.110618925731562,4.110584003905978,4.1105459742045065,4.110504889300594,4.110460804138825,4.110413775392672,4.11036386142742,4.110311122628905,4.110255622321464,4.110197429059089,4.110136621731173,4.110073300244837,4.110007607292535,4.1099397718151875,4.109870193643199,4.109799601801436,4.109729329587828,4.10966172421002,4.109600538874033,4.109550625185912,4.109515622763823,4.109497659961997,4.109497674835313,4.109515667284954,4.109550699092937,4.109600641819781,4.1096618558209626,4.10972948944265,4.109799789318349,4.109870407923015,4.109940011502519,4.110007870522224,4.110073584698779,4.110136924784918,4.110197747956361,4.110255954276306,4.110311464795607,4.110364210764151,4.110414128516281,4.110461157249333,4.110505238234593,4.11054631468557,4.110584331866312,4.110619237257169,4.11065098075413,4.110679515037742,4.11070479648463,4.110726786543692,4.110745452108137,4.110760763448188,4.110772693514774,4.1107812188003,4.110786326265145,4.11078801505897
4.1108691641810635,4.110867472444847,4.110862400942775,4.110853959144204,4.110842160063049,4.110827022567309,4.110808570237763,4.110786831742922,4.110761838926847,4.110733628584253,4.1107022406967,4.110667718807739,4.110630109192376,4.110589460153323,4.110545822173984,4.110499247535389,4.110449790057873,4.110397505440635,4.110342452345218,4.110284694822129,4.1102243074712455,4.1101613861508275,4.110096069764297,4.1100285837471615,4.1099593247140005,4.109889018767452,4.109818996584168,4.109751603082621,4.109690589561689,4.109640806127728,4.1096058912654545,4.109587972575102,4.109587987748023,4.1096059367082844,4.109640881632357,4.109690694828387,4.10975173773168,4.109819160100022,4.109889210383664,4.109959543277495,4.11002882762732,4.110096336844781,4.110161673911178,4.110224613139521,4.110285015536334,4.110342785242332,4.110397847602809,4.110450138332288,4.110499598343089,4.110546171462864,4.1105898035815125,4.110630442459481,4.110668037789191,4.1107025413134775,4.110733907029934,4.11076209161667,4.110787055337376,4.110808763201442,4.110827184898468,4.110842292988173,4.1108540622204846,4.110862470712517,4.110867507549706,4.110869172651594
4.110944495726025,4.110942824338775,4.110937814347903,4.11092947439055,4.110917816922886,4.110902859216645,4.110884622855195,4.110863134264372,4.110838422937816,4.110810522155142,4.11077946904653,4.110745303296525,4.110708067573154,4.110667806560564,4.110624566739725,4.110578396367681,4.110529345295314,4.110477465184351,4.110422810587636,4.110365441489847,4.110305428592938,4.110242864095412,4.110177883501292,4.110110709109544,4.110041734670091,4.1099716836932405,4.109901884541983,4.109834680112157,4.109773819997433,4.109724152938204,4.109689316362684,4.109671437153584,4.109671452647272,4.109689362777105,4.109724230079069,4.109773927543173,4.109834817584425,4.1099020512376665,4.109971878587165,4.110041956328557,4.110110955648354,4.1101781526088725,4.110243153124696,4.110305734695838,4.110365761744234,4.110423142036985,4.1104778047393244,4.110529689548289,4.110578741475787,4.110624908504693,4.110668140668947,4.110708389793493,4.110745609493098,4.1107797552666785,4.110810784725581,4.1108386580993495,4.110863339115024,4.110884795893989,4.11090300056337,4.110917927792897,4.110929553921636,4.110937858674879,4.110942833015268,4.110944477544669
4.111013933734196,4.111012280488617,4.111007325087249,4.110999075432029,4.1109875435877195,4.1109727452752685,4.110954700704498,4.110933433612632,4.110908972051616,4.110881345917217,4.110850589605833,4.110816739850627,4.11077983578098,4.110739918825942,4.110697032116905,4.1106512203202925,4.1106025296789435,4.110551008313442,4.110496707249688,4.1104396829286935,4.110380002561191,4.110317755016683,4.11025307271162,4.110186175129334,4.11011745346902,4.1100476289516825,4.109978027907904,4.10991099146002,4.1098502676997475,4.109800704144127,4.109765937252119,4.109748093227136,4.109748109052672,4.1097659846501005,4.109800782871783,4.109850377324713,4.109911131315048,4.109978197029229,4.110047826022743,4.110117676785607,4.110186422601561,4.110253341907941,4.11031804324421,4.1103803069544265,4.1104400004982065,4.110497034855293,4.110551342568616,4.110602866864727,4.110651556398773,4.110697362858969,4.110740239985833,4.110780143229701,4.110817029685193,4.110850858166735,4.110881589473811,4.110909186978143,4.110933617460702,4.110954851721555,4.110972864021193,4.110987630943685,4.110999130231973,4.111007343243134,4.111012262560041,4.1110138892795725
4.111077442142842,4.1110758049560925,4.11107089782269,4.111062727958322,4.111051307087336,4.1110366495416955,4.111018774405835,4.110997702981088,4.110973461629719,4.11094607816061,4.110915583768124,4.110882012825282,4.110845401603422,4.110805788377839,4.110763213262026,4.110717717879768,4.1106693453206455,4.110618140546827,4.1105641514894575,4.110507431540568,4.110448044884423,4.110386077435074,4.110321658818124,4.110255005955038,4.110186507743906,4.110116883366735,4.110047457369784,4.10998056933859,4.109919966066579,4.1098704940059365,4.109835788749186,4.109817975870469,4.109817992005444,4.109835837035937,4.109870574080154,4.109920077296562,4.109980710794301,4.110047627798162,4.11011708118221,4.110186731037282,4.110255252516048,4.110321926169541,4.110386362871809,4.110448345495683,4.110507744193346,4.110564472779846,4.11061846677126,4.110669672498398,4.110718041826461,4.110763529720597,4.110806093205089,4.110845690948902,4.1108822831333915,4.110915831505151,4.110946299687401,4.110973653831342,4.110997863389401,4.11101890144516,4.111036744126607,4.111051369708238,4.111062757185224,4.111070889551872,4.111075760779524,4.111077372040826
4.111134989358742,4.1111333661706775,4.111128501442536,4.111120401795921,4.1111090783226185,4.111094544643389,4.111076818002714,4.111055918689783,4.111031870273718,4.1110046994976,4.110974435032317,4.110941108593192,4.110904754165261,4.110865407408358,4.1108231056279765,4.110777887701205,4.11072979401088,4.110678866801746,4.110625151319463,4.1105686983208445,4.110509569377139,4.110447847820354,4.110383660788618,4.110317222897501,4.110248920970103,4.110179472360166,4.1101102000309915,4.110043442224973,4.109982944625894,4.109933552785708,4.109898901562132,4.109881115978625,4.109881132348213,4.1098989504890175,4.1099336337306855,4.1099830567040465,4.110043584225644,4.110110370441476,4.110179669392823,4.110249142585789,4.110317466819883,4.110383924511175,4.110448128597854,4.110509864192153,4.110569003829735,4.110625463826676,4.110679182307784,4.1107301083162,4.110778196522886,4.110823404754922,4.110865692909748,4.1109050224865165,4.110941356387545,4.110974658953346,4.111004896314784,4.111032037085745,4.111056053039977,4.111076919216542,4.111094613364846,4.111109115201573,4.111120404880821,4.111128466973748,4.111133296610157,4.111134894476097
4.111186547895685,4.11118493669834,4.111180108873479,4.111172070697619,4.111160831854501,4.111146406493617,4.111128808958332,4.111108059475039,4.111084179338491,4.1110571933262126,4.111027128732726,4.110994015081004,4.110957884042859,4.110918769025831,4.110876704963053,4.1108317283269304,4.110783877145318,4.110733191315063,4.110679713739958,4.110623492899142,4.1105645881530295,4.11050308063758,4.110439095312672,4.110372844713242,4.110304713775619,4.11023541821245,4.11016627960014,4.110099635030726,4.110039229249899,4.1099899070587105,4.109955302700519,4.109937540738241,4.109937557208687,4.109955351870464,4.109989988221209,4.110039341284598,4.110099776472813,4.110166448715572,4.11023561305903,4.110304932234413,4.1103730844785105,4.110439353840676,4.110503355074301,4.110564875265748,4.110623789054426,4.110680014962555,4.110733493400903,4.110784175776119,4.110832019189112,4.110876983935654,4.1109190323894,4.110958128496175,4.110994237534577,4.111027326130896,4.111057362639952,4.111084317844342,4.11110816553217,4.111128882428207,4.111146447680735,4.111160842195328,4.111172047266001,4.111180048897218,4.111184843028858,4.11118642961933
4.111232093935324,4.111230492880926,4.111225696795958,4.1112177120320865,4.111206545939948,4.11119221392079,4.111174728116034,4.111154107098166,4.111130371866095,4.111103545147381,4.111073652430845,4.111040721683788,4.111004782775623,4.1109658671293925,4.110924007570315,4.110879238440348,4.110831595765987,4.110781117529467,4.110727844674155,4.110671823666134,4.1106131118862095,4.110551788570648,4.110487976856237,4.110421887530871,4.110353903895214,4.110284740190323,4.11021571672536,4.110149169552708,4.1100888426135125,4.110039580110306,4.110005015832643,4.109987274010086,4.109987290470931,4.1100050649048026,4.110039660908941,4.110088953789772,4.1101493094313035,4.1102158834183244,4.110284931657948,4.1103541179449445,4.110422121765104,4.110488228591322,4.1105520547576235,4.110613389070978,4.110672108012714,4.110728132034045,4.110781403538981,4.110831875981955,4.1108795085538485,4.110924263656454,4.110966105755613,4.111005000862959,4.111040916288705,4.1110738206524555,4.111103684268084,4.111130479832193,4.111154182882941,4.1111747716159055,4.111192226381154,4.111206529019542,4.111217662004481,4.111225612579341,4.111230376814031,4.1112319547567155
4.11127160697682,4.111270014454781,4.111265245215864,4.111257306082267,4.111246202239928,4.111231948739329,4.111214558379268,4.111194046765505,4.111170433953903,4.111143742055176,4.111113995095638,4.111081219359167,4.111045443113765,4.111006696250757,4.110965009981816,4.1109204168431805,4.110872951002601,4.110822648711692,4.110769549294842,4.11071369761503,4.11065514943406,4.11059398237722,4.110530317992267,4.110464365527035,4.110396506849273,4.110327454935941,4.110258529036423,4.110192064352831,4.110131804162962,4.110082592168648,4.110048061768975,4.110030336910219,4.1100303532460085,4.110048110415084,4.1100826720926955,4.110131913807084,4.110192201815177,4.1102586922296505,4.1103276416772045,4.11039671485859,4.1104645923393806,4.11053056082292,4.110594238007018,4.110655414184762,4.110713967427494,4.110769819856655,4.110822915597311,4.110873209850901,4.1109206635707,4.110965240915754,4.111006908079001,4.111045632776405,4.111081384023227,4.111114132149789,4.111143849178173,4.111170509462741,4.1111940900704855,4.111214570503648,4.111231932148493,4.111246157567994,4.111257230413387,4.111265138960283,4.111269878357622,4.111271450912876
4.111305069662463,4.111303484338108,4.11129873738768,4.111290835774682,4.111279784885733,4.111265596536328,4.111248284806194,4.111227864461988,4.1112043537428615,4.111177773736118,4.111148147614464,4.111115500482073,4.111079859184068,4.111041252203977,4.110999709485842,4.110955262275032,4.110907943314586,4.11085778736709,4.110804832269936,4.110749121399937,4.110690709075506,4.110629671590699,4.110566129293413,4.110500290315319,4.110432535432567,4.110363576552028,4.110294731926671,4.110228335904749,4.110168131116214,4.110118960831266,4.110084458190886,4.110066747003496,4.110066762867014,4.110084505413116,4.11011903836696,4.110168237392796,4.1102284690007425,4.110294889709746,4.110363756737003,4.110432735555534,4.110500507656065,4.1105663607922445,4.11062991381317,4.110690958250283,4.110749373496043,4.110805083070113,4.110858032547338,4.110908178603492,4.110955483671336,4.110999913364994,4.1110414352830515,4.111080018509678,4.111115633449682,4.11114825188009,4.111177847288381,4.111204395437555,4.111227874698759,4.111248265699701,4.111265550701117,4.111279712838547,4.1112907368679945,4.111298611853626,4.111303331134343,4.111304901434564
4.111332467448196,4.111330888168159,4.111326159761136,4.111318287769609,4.111307279810293,4.111293145032229,4.111275896562118,4.111255549235734,4.1112321206402225,4.11120563081474,4.111176101929819,4.111143558175994,4.111108025436773,4.111069531155904,4.111028104242932,4.110983774847524,4.110936574444148,4.110886536461145,4.1108336975083795,4.110778099876526,4.110719796865048,4.110658863767092,4.11059541994401,4.110529672549131,4.110462001393488,4.110393117461496,4.1103243381788115,4.110257997220825,4.1101978367248355,4.110148699648023,4.11011421894439,4.110096518333972,4.110096533387524,4.110114263754446,4.110148773220046,4.110197937561432,4.110258123487995,4.110324487828627,4.1103932882582175,4.110462190850201,4.110529877821148,4.110595637754443,4.110659090419751,4.110720028349766,4.110778332019633,4.110833926104073,4.110886757376125,4.110936783720164,4.11098396876666,4.111028279311347,4.11106968409603,4.1111081533139915,4.111143658496591,4.111176172602847,4.111205670316661,4.11123212851155,4.111255526581378,4.11127584607631,4.111293069915826,4.1113071817210285,4.1113181672524215,4.1113260159561635,4.1113307198079765,4.111332288200733
4.111353788309902,4.111352213650174,4.111347500626319,4.111339652505897,4.111328677169555,4.1113145835199925,4.111297383698501,4.11127709213816,4.11125372640016,4.11122730603051,4.111197852192673,4.111165388112675,4.111129938881565,4.111091531118604,4.111050192923065,4.1110059537267185,4.110958844238083,4.110908896953553,4.110856147465135,4.110800637077495,4.110742418181334,4.110681565246445,4.110618196893695,4.110552519602703,4.1104849125342415,4.110416086016379,4.110347356835276,4.110281058095963,4.110220931499629,4.110171819722772,4.110137355577307,4.110119662741762,4.110119676810572,4.110137397490546,4.110171888636071,4.1102210261146235,4.110281176764171,4.11034749761112,4.110416246637175,4.110485090347687,4.110552711509808,4.110618399363816,4.1106817744177855,4.110742630003327,4.11080084744254,4.11085635230218,4.1109090922846985,4.110959026210066,4.111006118634131,4.111050337262092,4.111091651718445,4.1111300330474005,4.111165453653234,4.111197887448857,4.111227310115437,4.111253699437723,4.111277035630175,4.111297301034094,4.111314479055149,4.1113285537228546,4.11133951173772,4.111347342081209,4.11135203846991,4.111353609517813
4.111369023309644,4.111367451800873,4.111362749791191,4.111354919668299,4.111343968002092,4.111329903798171,4.111312739387179,4.111292488458145,4.1112691675753625,4.111242795824553,4.111213394098096,4.111180985365003,4.111145594489715,4.111107247670386,4.111065972323683,4.111021797144442,4.110974752152445,4.1109248691585245,4.110872183067454,4.110816734538001,4.110758575358344,4.110697779405094,4.11063446471965,4.110568837238945,4.110501275631498,4.110432489778737,4.110363796053003,4.110297527191158,4.1102374245896245,4.1101883307062055,4.110153878212823,4.110136190723971,4.110136203834681,4.110153917294645,4.110188395033382,4.110237513014776,4.110297638195391,4.11036392775293,4.1104326398778435,4.110501441353682,4.110569015304188,4.110634651408734,4.1106979706936855,4.110758767070695,4.110816922481431,4.110872363143814,4.110925037437706,4.1109749048767865,4.111021930714437,4.111066083364027,4.111107333161767,4.111145651843614,4.111181012511005,4.111213389843464,4.111242760343664,4.111269102524016,4.111292397107832,4.111312626843965,4.11132977506077,4.111343825384864,4.111354764412304,4.111362578277526,4.111367264276864,4.111368826583525
4.11137816624895,4.111376598356789,4.111371902862347,4.111364083325697,4.1113531458607495,4.111339098855686,4.111321955018433,4.111301728094269,4.111278433986856,4.111252091426247,4.111222721132359,4.111190345757761,4.1111549899098865,4.111116679608995,4.111075441970368,4.1110313052691385,4.11098429909806,4.110934454843228,4.11088180696992,4.110826395715931,4.110768272482729,4.110707510783493,4.110644228302685,4.110578630645916,4.110511096197322,4.110442334594231,4.110373661986829,4.110307410895121,4.110247322512666,4.1101982391249585,4.110163793280908,4.110146108536558,4.1101461204908,4.11016382894849,4.110198297921234,4.110247403458983,4.110307512597796,4.110373782594993,4.1104424717496055,4.110511247004864,4.110578791707025,4.11064439581904,4.110707680701149,4.110768440625297,4.110826557899293,4.110881959113328,4.110934593049126,4.110984419666452,4.111031404708753,4.111075517132895,4.111116727869792,4.1111550092403615,4.111190334852206,4.111222679781723,4.111252020789253,4.1112783364152605,4.111301607087912,4.111321815385504,4.1113389448324975,4.111352980115442,4.111363910255285,4.111371721218743,4.111376417637561,4.111377979733005
4.111381211983011,4.111379646806218,4.111374953855031,4.111367137157563,4.1113562041177225,4.111342163289847,4.111325026960748,4.111304808836174,4.111281524510188,4.1112551924900265,4.111225833489694,4.111193470022392,4.111158126487692,4.1111198288038935,4.111078604005441,4.111034480251216,4.110987487041389,4.110937655695412,4.1108850205810095,4.110829621784476,4.110771510536102,4.110710760176199,4.110647488234557,4.110581900208568,4.110514374439033,4.110445620568608,4.110376954746936,4.110310709436061,4.1102506256955635,4.110201545633464,4.110167101634065,4.110149417158898,4.110149427811896,4.110167133493158,4.1102015983553315,4.110250698583834,4.110310801303912,4.110377063803724,4.110445744369619,4.110514509918168,4.110582043783832,4.1106476359590935,4.110710907889604,4.110771653990009,4.110829756757043,4.110885143011961,4.110937761820332,4.110987573468672,4.111034544014882,4.111078642656198,4.111119840459851,4.111158109769636,4.111193424155134,4.111225758781146,4.1112550908576315,4.111281399785085,4.111304666829048,4.111324874961683,4.1113420067162725,4.111356043607448,4.111366971156852,4.1113747691130476,4.111379460216289,4.111381025378736
